( Root (0 142 )
  ( Nucleus (leaf: 0) (text: ) (vein: [0, 1, 3, 5, 7, 10, 12, 13, 14, 15]) )
  ( Nucleus (span: 1 142)
    ( Nucleus (span: 1 18)
      ( Nucleus (leaf: 1) (text: ) (vein: [0, 1, 3, 5, 7, 10, 12, 13, 14, 15]) )
      ( Nucleus (span: 2 18)
        ( Sattelite (leaf: 2) (text: ) (vein: [0, 1, 2, 3, 5, 7, 10, 12, 13, 14, 15]) )
        ( Nucleus (span: 3 18)
          ( Nucleus (span: 3 4)
            ( Nucleus (leaf: 3) (text: ) (vein: [0, 1, 2, 3, 5, 7, 10, 12, 13, 14, 15]) )
            ( Sattelite (leaf: 4) (text: ) (vein: [0, 1, 3, 4, 5, 7, 10, 12, 13, 14, 15]) )
          )
          ( Nucleus (span: 5 18)
            ( Nucleus (span: 5 6)
              ( Nucleus (leaf: 5) (text: ) (vein: [0, 1, 2, 3, 5, 7, 10, 12, 13, 14, 15]) )
              ( Sattelite (leaf: 6) (text: ) (vein: [0, 1, 3, 5, 6, 7, 10, 12, 13, 14, 15]) )
            )
            ( Nucleus (span: 7 18)
              ( Nucleus (span: 7 9)
                ( Nucleus (span: 7 8)
                  ( Nucleus (leaf: 7) (text: ) (vein: [0, 1, 2, 3, 5, 7, 10, 12, 13, 14, 15]) )
                  ( Sattelite (leaf: 8) (text: ) (vein: [0, 1, 3, 5, 7, 8, 10, 12, 13, 14, 15]) )
                )
                ( Sattelite (leaf: 9) (text: ) (vein: [0, 1, 3, 5, 7, 9, 10, 12, 13, 14, 15]) )
              )
              ( Nucleus (span: 10 18)
                ( Nucleus (span: 10 11)
                  ( Nucleus (leaf: 10) (text: ) (vein: [0, 1, 2, 3, 5, 7, 10, 12, 13, 14, 15]) )
                  ( Sattelite (leaf: 11) (text: ) (vein: [0, 1, 3, 5, 7, 10, 11, 12, 13, 14, 15]) )
                )
                ( Nucleus (span: 12 18)
                  ( Nucleus (leaf: 12) (text: ) (vein: [0, 1, 2, 3, 5, 7, 10, 12, 13, 14, 15]) )
                  ( Nucleus (span: 13 18)
                    ( Nucleus (span: 13 14)
                      ( Nucleus (leaf: 13) (text: ) (vein: [0, 1, 2, 3, 5, 7, 10, 12, 13, 14, 15]) )
                      ( Nucleus (leaf: 14) (text: ) (vein: [0, 1, 2, 3, 5, 7, 10, 12, 13, 14, 15]) )
                    )
                    ( Nucleus (span: 15 18)
                      ( Nucleus (leaf: 15) (text: ) (vein: [0, 1, 2, 3, 5, 7, 10, 12, 13, 14, 15]) )
                      ( Sattelite (span: 16 18)
                        ( Nucleus (leaf: 16) (text: ) (vein: [0, 1, 3, 5, 7, 10, 12, 13, 14, 15, 16]) )
                        ( Sattelite (span: 17 18)
                          ( Nucleus (leaf: 17) (text: ) (vein: [0, 1, 3, 5, 7, 10, 12, 13, 14, 15, 16, 17, 18]) )
                          ( Nucleus (leaf: 18) (text: ) (vein: [0, 1, 3, 5, 7, 10, 12, 13, 14, 15, 16, 17, 18]) )
                        )
                      )
                    )
                  )
                )
              )
            )
          )
        )
      )
    )
    ( Sattelite (span: 19 142)
      ( Nucleus (span: 19 22)
        ( Nucleus (leaf: 19) (text: ) (vein: [0, 1, 3, 5, 7, 10, 12, 13, 14, 15, 19]) )
        ( Sattelite (span: 20 22)
          ( Nucleus (leaf: 20) (text: ) (vein: [0, 1, 3, 5, 7, 10, 12, 13, 14, 15, 19, 20, 21]) )
          ( Nucleus (span: 21 22)
            ( Nucleus (leaf: 21) (text: ) (vein: [0, 1, 3, 5, 7, 10, 12, 13, 14, 15, 19, 20, 21]) )
            ( Sattelite (leaf: 22) (text: ) (vein: [0, 1, 3, 5, 7, 10, 12, 13, 14, 15, 19, 20, 21, 22]) )
          )
        )
      )
      ( Sattelite (span: 23 142)
        ( Nucleus (leaf: 23) (text: ) (vein: [0, 1, 3, 5, 7, 10, 12, 13, 14, 15, 19, 23]) )
        ( Sattelite (span: 24 142)
          ( Nucleus (leaf: 24) (text: ) (vein: [0, 1, 3, 5, 7, 10, 12, 13, 14, 15, 19, 23, 24]) )
          ( Sattelite (span: 25 142)
            ( Nucleus (leaf: 25) (text: ) (vein: [0, 1, 3, 5, 7, 10, 12, 13, 14, 15, 19, 23, 24, 25]) )
            ( Sattelite (span: 26 142)
              ( Nucleus (span: 26 30)
                ( Sattelite (span: 26 27)
                  ( Nucleus (leaf: 26) (text: ) (vein: [0, 1, 3, 5, 7, 10, 12, 13, 14, 15, 19, 23, 24, 25, 26, 28]) )
                  ( Sattelite (leaf: 27) (text: ) (vein: [0, 1, 3, 5, 7, 10, 12, 13, 14, 15, 19, 23, 24, 25, 26, 27, 28]) )
                )
                ( Nucleus (span: 28 30)
                  ( Nucleus (leaf: 28) (text: ) (vein: [0, 1, 3, 5, 7, 10, 12, 13, 14, 15, 19, 23, 24, 25, 26, 28]) )
                  ( Sattelite (span: 29 30)
                    ( Nucleus (leaf: 29) (text: ) (vein: [0, 1, 3, 5, 7, 10, 12, 13, 14, 15, 19, 23, 24, 25, 28, 29]) )
                    ( Sattelite (leaf: 30) (text: ) (vein: [0, 1, 3, 5, 7, 10, 12, 13, 14, 15, 19, 23, 24, 25, 28, 29, 30]) )
                  )
                )
              )
              ( Sattelite (span: 31 142)
                ( Nucleus (span: 31 35)
                  ( Nucleus (span: 31 33)
                    ( Nucleus (leaf: 31) (text: ) (vein: [0, 1, 3, 5, 7, 10, 12, 13, 14, 15, 19, 23, 24, 25, 28, 31]) )
                    ( Sattelite (span: 32 33)
                      ( Nucleus (leaf: 32) (text: ) (vein: [0, 1, 3, 5, 7, 10, 12, 13, 14, 15, 19, 23, 24, 25, 28, 31, 32]) )
                      ( Sattelite (leaf: 33) (text: ) (vein: [0, 1, 3, 5, 7, 10, 12, 13, 14, 15, 19, 23, 24, 25, 28, 31, 32, 33]) )
                    )
                  )
                  ( Sattelite (span: 34 35)
                    ( Nucleus (leaf: 34) (text: ) (vein: [0, 1, 3, 5, 7, 10, 12, 13, 14, 15, 19, 23, 24, 25, 28, 31, 34]) )
                    ( Sattelite (leaf: 35) (text: ) (vein: [0, 1, 3, 5, 7, 10, 12, 13, 14, 15, 19, 23, 24, 25, 28, 31, 34, 35]) )
                  )
                )
                ( Sattelite (span: 36 142)
                  ( Nucleus (span: 36 38)
                    ( Nucleus (leaf: 36) (text: ) (vein: [0, 1, 3, 5, 7, 10, 12, 13, 14, 15, 19, 23, 24, 25, 28, 31, 36]) )
                    ( Sattelite (span: 37 38)
                      ( Nucleus (leaf: 37) (text: ) (vein: [0, 1, 3, 5, 7, 10, 12, 13, 14, 15, 19, 23, 24, 25, 28, 31, 36, 37]) )
                      ( Sattelite (leaf: 38) (text: ) (vein: [0, 1, 3, 5, 7, 10, 12, 13, 14, 15, 19, 23, 24, 25, 28, 31, 36, 37, 38]) )
                    )
                  )
                  ( Sattelite (span: 39 142)
                    ( Nucleus (span: 39 44)
                      ( Nucleus (leaf: 39) (text: ) (vein: [0, 1, 3, 5, 7, 10, 12, 13, 14, 15, 19, 23, 24, 25, 28, 31, 36, 39, 43]) )
                      ( Nucleus (span: 40 44)
                        ( Sattelite (span: 40 42)
                          ( Nucleus (leaf: 40) (text: ) (vein: [0, 1, 3, 5, 7, 10, 12, 13, 14, 15, 19, 23, 24, 25, 28, 31, 36, 39, 40, 41, 42, 43]) )
                          ( Nucleus (span: 41 42)
                            ( Nucleus (leaf: 41) (text: ) (vein: [0, 1, 3, 5, 7, 10, 12, 13, 14, 15, 19, 23, 24, 25, 28, 31, 36, 39, 40, 41, 42, 43]) )
                            ( Nucleus (leaf: 42) (text: ) (vein: [0, 1, 3, 5, 7, 10, 12, 13, 14, 15, 19, 23, 24, 25, 28, 31, 36, 39, 40, 41, 42, 43]) )
                          )
                        )
                        ( Nucleus (span: 43 44)
                          ( Nucleus (leaf: 43) (text: ) (vein: [0, 1, 3, 5, 7, 10, 12, 13, 14, 15, 19, 23, 24, 25, 28, 31, 36, 39, 40, 41, 42, 43]) )
                          ( Sattelite (leaf: 44) (text: ) (vein: [0, 1, 3, 5, 7, 10, 12, 13, 14, 15, 19, 23, 24, 25, 28, 31, 36, 39, 43, 44]) )
                        )
                      )
                    )
                    ( Sattelite (span: 45 142)
                      ( Nucleus (span: 45 49)
                        ( Nucleus (span: 45 47)
                          ( Nucleus (leaf: 45) (text: ) (vein: [0, 1, 3, 5, 7, 10, 12, 13, 14, 15, 19, 23, 24, 25, 28, 31, 36, 39, 43, 45]) )
                          ( Sattelite (span: 46 47)
                            ( Nucleus (leaf: 46) (text: ) (vein: [0, 1, 3, 5, 7, 10, 12, 13, 14, 15, 19, 23, 24, 25, 28, 31, 36, 39, 43, 45, 46]) )
                            ( Sattelite (leaf: 47) (text: ) (vein: [0, 1, 3, 5, 7, 10, 12, 13, 14, 15, 19, 23, 24, 25, 28, 31, 36, 39, 43, 45, 46, 47]) )
                          )
                        )
                        ( Sattelite (span: 48 49)
                          ( Nucleus (leaf: 48) (text: ) (vein: [0, 1, 3, 5, 7, 10, 12, 13, 14, 15, 19, 23, 24, 25, 28, 31, 36, 39, 43, 45, 48]) )
                          ( Sattelite (leaf: 49) (text: ) (vein: [0, 1, 3, 5, 7, 10, 12, 13, 14, 15, 19, 23, 24, 25, 28, 31, 36, 39, 43, 45, 48, 49]) )
                        )
                      )
                      ( Sattelite (span: 50 142)
                        ( Nucleus (span: 50 59)
                          ( Nucleus (span: 50 51)
                            ( Nucleus (leaf: 50) (text: ) (vein: [0, 1, 3, 5, 7, 10, 12, 13, 14, 15, 19, 23, 24, 25, 28, 31, 36, 39, 43, 45, 50, 51, 52, 53, 54, 55, 57]) )
                            ( Nucleus (leaf: 51) (text: ) (vein: [0, 1, 3, 5, 7, 10, 12, 13, 14, 15, 19, 23, 24, 25, 28, 31, 36, 39, 43, 45, 50, 51, 52, 53, 54, 55, 57]) )
                          )
                          ( Nucleus (span: 52 59)
                            ( Nucleus (leaf: 52) (text: ) (vein: [0, 1, 3, 5, 7, 10, 12, 13, 14, 15, 19, 23, 24, 25, 28, 31, 36, 39, 43, 45, 50, 51, 52, 53, 54, 55, 57]) )
                            ( Nucleus (span: 53 59)
                              ( Nucleus (leaf: 53) (text: ) (vein: [0, 1, 3, 5, 7, 10, 12, 13, 14, 15, 19, 23, 24, 25, 28, 31, 36, 39, 43, 45, 50, 51, 52, 53, 54, 55, 57]) )
                              ( Nucleus (span: 54 59)
                                ( Nucleus (span: 54 56)
                                  ( Nucleus (leaf: 54) (text: ) (vein: [0, 1, 3, 5, 7, 10, 12, 13, 14, 15, 19, 23, 24, 25, 28, 31, 36, 39, 43, 45, 50, 51, 52, 53, 54, 55, 57]) )
                                  ( Nucleus (span: 55 56)
                                    ( Nucleus (leaf: 55) (text: ) (vein: [0, 1, 3, 5, 7, 10, 12, 13, 14, 15, 19, 23, 24, 25, 28, 31, 36, 39, 43, 45, 50, 51, 52, 53, 54, 55, 57]) )
                                    ( Sattelite (leaf: 56) (text: ) (vein: [0, 1, 3, 5, 7, 10, 12, 13, 14, 15, 19, 23, 24, 25, 28, 31, 36, 39, 43, 45, 50, 51, 52, 53, 54, 55, 56, 57]) )
                                  )
                                )
                                ( Nucleus (span: 57 59)
                                  ( Nucleus (leaf: 57) (text: ) (vein: [0, 1, 3, 5, 7, 10, 12, 13, 14, 15, 19, 23, 24, 25, 28, 31, 36, 39, 43, 45, 50, 51, 52, 53, 54, 55, 57]) )
                                  ( Sattelite (span: 58 59)
                                    ( Nucleus (leaf: 58) (text: ) (vein: [0, 1, 3, 5, 7, 10, 12, 13, 14, 15, 19, 23, 24, 25, 28, 31, 36, 39, 43, 45, 50, 51, 52, 53, 54, 55, 57, 58]) )
                                    ( Sattelite (leaf: 59) (text: ) (vein: [0, 1, 3, 5, 7, 10, 12, 13, 14, 15, 19, 23, 24, 25, 28, 31, 36, 39, 43, 45, 50, 51, 52, 53, 54, 55, 57, 58, 59]) )
                                  )
                                )
                              )
                            )
                          )
                        )
                        ( Sattelite (span: 60 142)
                          ( Nucleus (span: 60 67)
                            ( Nucleus (span: 60 62)
                              ( Nucleus (span: 60 61)
                                ( Nucleus (leaf: 60) (text: ) (vein: [0, 1, 3, 5, 7, 10, 12, 13, 14, 15, 19, 23, 24, 25, 28, 31, 36, 39, 43, 45, 50, 51, 52, 53, 54, 55, 57, 60, 63, 67]) )
                                ( Sattelite (leaf: 61) (text: ) (vein: [0, 1, 3, 5, 7, 10, 12, 13, 14, 15, 19, 23, 24, 25, 28, 31, 36, 39, 43, 45, 50, 51, 52, 53, 54, 55, 57, 60, 61, 63, 67]) )
                              )
                              ( Sattelite (leaf: 62) (text: ) (vein: [0, 1, 3, 5, 7, 10, 12, 13, 14, 15, 19, 23, 24, 25, 28, 31, 36, 39, 43, 45, 50, 51, 52, 53, 54, 55, 57, 60, 62, 63, 67]) )
                            )
                            ( Nucleus (span: 63 67)
                              ( Nucleus (span: 63 66)
                                ( Nucleus (leaf: 63) (text: ) (vein: [0, 1, 3, 5, 7, 10, 12, 13, 14, 15, 19, 23, 24, 25, 28, 31, 36, 39, 43, 45, 50, 51, 52, 53, 54, 55, 57, 60, 63, 67]) )
                                ( Sattelite (span: 64 66)
                                  ( Nucleus (leaf: 64) (text: ) (vein: [0, 1, 3, 5, 7, 10, 12, 13, 14, 15, 19, 23, 24, 25, 28, 31, 36, 39, 43, 45, 50, 51, 52, 53, 54, 55, 57, 60, 63, 64, 67]) )
                                  ( Sattelite (span: 65 66)
                                    ( Nucleus (leaf: 65) (text: ) (vein: [0, 1, 3, 5, 7, 10, 12, 13, 14, 15, 19, 23, 24, 25, 28, 31, 36, 39, 43, 45, 50, 51, 52, 53, 54, 55, 57, 60, 63, 64, 65, 66, 67]) )
                                    ( Nucleus (leaf: 66) (text: ) (vein: [0, 1, 3, 5, 7, 10, 12, 13, 14, 15, 19, 23, 24, 25, 28, 31, 36, 39, 43, 45, 50, 51, 52, 53, 54, 55, 57, 60, 63, 64, 65, 66, 67]) )
                                  )
                                )
                              )
                              ( Nucleus (leaf: 67) (text: ) (vein: [0, 1, 3, 5, 7, 10, 12, 13, 14, 15, 19, 23, 24, 25, 28, 31, 36, 39, 43, 45, 50, 51, 52, 53, 54, 55, 57, 60, 63, 67]) )
                            )
                          )
                          ( Sattelite (span: 68 142)
                            ( Nucleus (span: 68 71)
                              ( Nucleus (span: 68 70)
                                ( Nucleus (leaf: 68) (text: ) (vein: [0, 1, 3, 5, 7, 10, 12, 13, 14, 15, 19, 23, 24, 25, 28, 31, 36, 39, 43, 45, 50, 51, 52, 53, 54, 55, 57, 60, 63, 67, 68, 69]) )
                                ( Nucleus (span: 69 70)
                                  ( Nucleus (leaf: 69) (text: ) (vein: [0, 1, 3, 5, 7, 10, 12, 13, 14, 15, 19, 23, 24, 25, 28, 31, 36, 39, 43, 45, 50, 51, 52, 53, 54, 55, 57, 60, 63, 67, 68, 69]) )
                                  ( Sattelite (leaf: 70) (text: ) (vein: [0, 1, 3, 5, 7, 10, 12, 13, 14, 15, 19, 23, 24, 25, 28, 31, 36, 39, 43, 45, 50, 51, 52, 53, 54, 55, 57, 60, 63, 67, 68, 69, 70]) )
                                )
                              )
                              ( Sattelite (leaf: 71) (text: ) (vein: [0, 1, 3, 5, 7, 10, 12, 13, 14, 15, 19, 23, 24, 25, 28, 31, 36, 39, 43, 45, 50, 51, 52, 53, 54, 55, 57, 60, 63, 67, 68, 69, 71]) )
                            )
                            ( Sattelite (span: 72 142)
                              ( Nucleus (span: 72 74)
                                ( Nucleus (span: 72 73)
                                  ( Nucleus (leaf: 72) (text: ) (vein: [0, 1, 3, 5, 7, 10, 12, 13, 14, 15, 19, 23, 24, 25, 28, 31, 36, 39, 43, 45, 50, 51, 52, 53, 54, 55, 57, 60, 63, 67, 68, 69, 72]) )
                                  ( Sattelite (leaf: 73) (text: ) (vein: [0, 1, 3, 5, 7, 10, 12, 13, 14, 15, 19, 23, 24, 25, 28, 31, 36, 39, 43, 45, 50, 51, 52, 53, 54, 55, 57, 60, 63, 67, 68, 69, 72, 73]) )
                                )
                                ( Sattelite (leaf: 74) (text: ) (vein: [0, 1, 3, 5, 7, 10, 12, 13, 14, 15, 19, 23, 24, 25, 28, 31, 36, 39, 43, 45, 50, 51, 52, 53, 54, 55, 57, 60, 63, 67, 68, 69, 72, 74]) )
                              )
                              ( Sattelite (span: 75 142)
                                ( Nucleus (span: 75 77)
                                  ( Sattelite (leaf: 75) (text: ) (vein: [0, 1, 3, 5, 7, 10, 12, 13, 14, 15, 19, 23, 24, 25, 28, 31, 36, 39, 43, 45, 50, 51, 52, 53, 54, 55, 57, 60, 63, 67, 68, 69, 72, 75, 76, 77]) )
                                  ( Nucleus (span: 76 77)
                                    ( Nucleus (leaf: 76) (text: ) (vein: [0, 1, 3, 5, 7, 10, 12, 13, 14, 15, 19, 23, 24, 25, 28, 31, 36, 39, 43, 45, 50, 51, 52, 53, 54, 55, 57, 60, 63, 67, 68, 69, 72, 75, 76, 77]) )
                                    ( Nucleus (leaf: 77) (text: ) (vein: [0, 1, 3, 5, 7, 10, 12, 13, 14, 15, 19, 23, 24, 25, 28, 31, 36, 39, 43, 45, 50, 51, 52, 53, 54, 55, 57, 60, 63, 67, 68, 69, 72, 75, 76, 77]) )
                                  )
                                )
                                ( Sattelite (span: 78 142)
                                  ( Nucleus (span: 78 88)
                                    ( Nucleus (leaf: 78) (text: ) (vein: [0, 1, 3, 5, 7, 10, 12, 13, 14, 15, 19, 23, 24, 25, 28, 31, 36, 39, 43, 45, 50, 51, 52, 53, 54, 55, 57, 60, 63, 67, 68, 69, 72, 76, 77, 78, 80, 81, 82, 84, 85, 86, 87, 88]) )
                                    ( Nucleus (span: 79 88)
                                      ( Nucleus (span: 79 80)
                                        ( Sattelite (leaf: 79) (text: ) (vein: [0, 1, 3, 5, 7, 10, 12, 13, 14, 15, 19, 23, 24, 25, 28, 31, 36, 39, 43, 45, 50, 51, 52, 53, 54, 55, 57, 60, 63, 67, 68, 69, 72, 76, 77, 78, 79, 80, 81, 82, 84, 85, 86, 87, 88]) )
                                        ( Nucleus (leaf: 80) (text: ) (vein: [0, 1, 3, 5, 7, 10, 12, 13, 14, 15, 19, 23, 24, 25, 28, 31, 36, 39, 43, 45, 50, 51, 52, 53, 54, 55, 57, 60, 63, 67, 68, 69, 72, 76, 77, 78, 79, 80, 81, 82, 84, 85, 86, 87, 88]) )
                                      )
                                      ( Nucleus (span: 81 88)
                                        ( Nucleus (span: 81 82)
                                          ( Nucleus (leaf: 81) (text: ) (vein: [0, 1, 3, 5, 7, 10, 12, 13, 14, 15, 19, 23, 24, 25, 28, 31, 36, 39, 43, 45, 50, 51, 52, 53, 54, 55, 57, 60, 63, 67, 68, 69, 72, 76, 77, 78, 80, 81, 82, 84, 85, 86, 87, 88]) )
                                          ( Nucleus (leaf: 82) (text: ) (vein: [0, 1, 3, 5, 7, 10, 12, 13, 14, 15, 19, 23, 24, 25, 28, 31, 36, 39, 43, 45, 50, 51, 52, 53, 54, 55, 57, 60, 63, 67, 68, 69, 72, 76, 77, 78, 80, 81, 82, 84, 85, 86, 87, 88]) )
                                        )
                                        ( Nucleus (span: 83 88)
                                          ( Nucleus (span: 83 84)
                                            ( Sattelite (leaf: 83) (text: ) (vein: [0, 1, 3, 5, 7, 10, 12, 13, 14, 15, 19, 23, 24, 25, 28, 31, 36, 39, 43, 45, 50, 51, 52, 53, 54, 55, 57, 60, 63, 67, 68, 69, 72, 76, 77, 78, 80, 81, 82, 83, 84, 85, 86, 87, 88]) )
                                            ( Nucleus (leaf: 84) (text: ) (vein: [0, 1, 3, 5, 7, 10, 12, 13, 14, 15, 19, 23, 24, 25, 28, 31, 36, 39, 43, 45, 50, 51, 52, 53, 54, 55, 57, 60, 63, 67, 68, 69, 72, 76, 77, 78, 80, 81, 82, 83, 84, 85, 86, 87, 88]) )
                                          )
                                          ( Nucleus (span: 85 88)
                                            ( Nucleus (span: 85 86)
                                              ( Nucleus (leaf: 85) (text: ) (vein: [0, 1, 3, 5, 7, 10, 12, 13, 14, 15, 19, 23, 24, 25, 28, 31, 36, 39, 43, 45, 50, 51, 52, 53, 54, 55, 57, 60, 63, 67, 68, 69, 72, 76, 77, 78, 80, 81, 82, 84, 85, 86, 87, 88]) )
                                              ( Nucleus (leaf: 86) (text: ) (vein: [0, 1, 3, 5, 7, 10, 12, 13, 14, 15, 19, 23, 24, 25, 28, 31, 36, 39, 43, 45, 50, 51, 52, 53, 54, 55, 57, 60, 63, 67, 68, 69, 72, 76, 77, 78, 80, 81, 82, 84, 85, 86, 87, 88]) )
                                            )
                                            ( Nucleus (span: 87 88)
                                              ( Nucleus (leaf: 87) (text: ) (vein: [0, 1, 3, 5, 7, 10, 12, 13, 14, 15, 19, 23, 24, 25, 28, 31, 36, 39, 43, 45, 50, 51, 52, 53, 54, 55, 57, 60, 63, 67, 68, 69, 72, 76, 77, 78, 80, 81, 82, 84, 85, 86, 87, 88]) )
                                              ( Nucleus (leaf: 88) (text: ) (vein: [0, 1, 3, 5, 7, 10, 12, 13, 14, 15, 19, 23, 24, 25, 28, 31, 36, 39, 43, 45, 50, 51, 52, 53, 54, 55, 57, 60, 63, 67, 68, 69, 72, 76, 77, 78, 80, 81, 82, 84, 85, 86, 87, 88]) )
                                            )
                                          )
                                        )
                                      )
                                    )
                                  )
                                  ( Sattelite (span: 89 142)
                                    ( Nucleus (span: 89 94)
                                      ( Sattelite (span: 89 90)
                                        ( Nucleus (leaf: 89) (text: ) (vein: [0, 1, 3, 5, 7, 10, 12, 13, 14, 15, 19, 23, 24, 25, 28, 31, 36, 39, 43, 45, 50, 51, 52, 53, 54, 55, 57, 60, 63, 67, 68, 69, 72, 76, 77, 78, 80, 81, 82, 84, 85, 86, 87, 88, 89, 91, 93]) )
                                        ( Sattelite (leaf: 90) (text: ) (vein: [0, 1, 3, 5, 7, 10, 12, 13, 14, 15, 19, 23, 24, 25, 28, 31, 36, 39, 43, 45, 50, 51, 52, 53, 54, 55, 57, 60, 63, 67, 68, 69, 72, 76, 77, 78, 80, 81, 82, 84, 85, 86, 87, 88, 89, 90, 91, 93]) )
                                      )
                                      ( Nucleus (span: 91 94)
                                        ( Nucleus (span: 91 92)
                                          ( Nucleus (leaf: 91) (text: ) (vein: [0, 1, 3, 5, 7, 10, 12, 13, 14, 15, 19, 23, 24, 25, 28, 31, 36, 39, 43, 45, 50, 51, 52, 53, 54, 55, 57, 60, 63, 67, 68, 69, 72, 76, 77, 78, 80, 81, 82, 84, 85, 86, 87, 88, 89, 91, 93]) )
                                          ( Sattelite (leaf: 92) (text: ) (vein: [0, 1, 3, 5, 7, 10, 12, 13, 14, 15, 19, 23, 24, 25, 28, 31, 36, 39, 43, 45, 50, 51, 52, 53, 54, 55, 57, 60, 63, 67, 68, 69, 72, 76, 77, 78, 80, 81, 82, 84, 85, 86, 87, 88, 91, 92, 93]) )
                                        )
                                        ( Nucleus (span: 93 94)
                                          ( Nucleus (leaf: 93) (text: ) (vein: [0, 1, 3, 5, 7, 10, 12, 13, 14, 15, 19, 23, 24, 25, 28, 31, 36, 39, 43, 45, 50, 51, 52, 53, 54, 55, 57, 60, 63, 67, 68, 69, 72, 76, 77, 78, 80, 81, 82, 84, 85, 86, 87, 88, 89, 91, 93]) )
                                          ( Sattelite (leaf: 94) (text: ) (vein: [0, 1, 3, 5, 7, 10, 12, 13, 14, 15, 19, 23, 24, 25, 28, 31, 36, 39, 43, 45, 50, 51, 52, 53, 54, 55, 57, 60, 63, 67, 68, 69, 72, 76, 77, 78, 80, 81, 82, 84, 85, 86, 87, 88, 91, 93, 94]) )
                                        )
                                      )
                                    )
                                    ( Sattelite (span: 95 142)
                                      ( Nucleus (span: 95 98)
                                        ( Nucleus (span: 95 96)
                                          ( Nucleus (leaf: 95) (text: ) (vein: [0, 1, 3, 5, 7, 10, 12, 13, 14, 15, 19, 23, 24, 25, 28, 31, 36, 39, 43, 45, 50, 51, 52, 53, 54, 55, 57, 60, 63, 67, 68, 69, 72, 76, 77, 78, 80, 81, 82, 84, 85, 86, 87, 88, 91, 93, 95]) )
                                          ( Sattelite (leaf: 96) (text: ) (vein: [0, 1, 3, 5, 7, 10, 12, 13, 14, 15, 19, 23, 24, 25, 28, 31, 36, 39, 43, 45, 50, 51, 52, 53, 54, 55, 57, 60, 63, 67, 68, 69, 72, 76, 77, 78, 80, 81, 82, 84, 85, 86, 87, 88, 91, 93, 95, 96]) )
                                        )
                                        ( Sattelite (span: 97 98)
                                          ( Nucleus (leaf: 97) (text: ) (vein: [0, 1, 3, 5, 7, 10, 12, 13, 14, 15, 19, 23, 24, 25, 28, 31, 36, 39, 43, 45, 50, 51, 52, 53, 54, 55, 57, 60, 63, 67, 68, 69, 72, 76, 77, 78, 80, 81, 82, 84, 85, 86, 87, 88, 91, 93, 95, 97]) )
                                          ( Sattelite (leaf: 98) (text: ) (vein: [0, 1, 3, 5, 7, 10, 12, 13, 14, 15, 19, 23, 24, 25, 28, 31, 36, 39, 43, 45, 50, 51, 52, 53, 54, 55, 57, 60, 63, 67, 68, 69, 72, 76, 77, 78, 80, 81, 82, 84, 85, 86, 87, 88, 91, 93, 95, 97, 98]) )
                                        )
                                      )
                                      ( Sattelite (span: 99 142)
                                        ( Nucleus (span: 99 103)
                                          ( Nucleus (leaf: 99) (text: ) (vein: [0, 1, 3, 5, 7, 10, 12, 13, 14, 15, 19, 23, 24, 25, 28, 31, 36, 39, 43, 45, 50, 51, 52, 53, 54, 55, 57, 60, 63, 67, 68, 69, 72, 76, 77, 78, 80, 81, 82, 84, 85, 86, 87, 88, 91, 93, 95, 99]) )
                                          ( Sattelite (span: 100 103)
                                            ( Nucleus (leaf: 100) (text: ) (vein: [0, 1, 3, 5, 7, 10, 12, 13, 14, 15, 19, 23, 24, 25, 28, 31, 36, 39, 43, 45, 50, 51, 52, 53, 54, 55, 57, 60, 63, 67, 68, 69, 72, 76, 77, 78, 80, 81, 82, 84, 85, 86, 87, 88, 91, 93, 95, 99, 100]) )
                                            ( Sattelite (span: 101 103)
                                              ( Nucleus (leaf: 101) (text: ) (vein: [0, 1, 3, 5, 7, 10, 12, 13, 14, 15, 19, 23, 24, 25, 28, 31, 36, 39, 43, 45, 50, 51, 52, 53, 54, 55, 57, 60, 63, 67, 68, 69, 72, 76, 77, 78, 80, 81, 82, 84, 85, 86, 87, 88, 91, 93, 95, 99, 100, 101]) )
                                              ( Sattelite (span: 102 103)
                                                ( Nucleus (leaf: 102) (text: ) (vein: [0, 1, 3, 5, 7, 10, 12, 13, 14, 15, 19, 23, 24, 25, 28, 31, 36, 39, 43, 45, 50, 51, 52, 53, 54, 55, 57, 60, 63, 67, 68, 69, 72, 76, 77, 78, 80, 81, 82, 84, 85, 86, 87, 88, 91, 93, 95, 99, 100, 101, 102]) )
                                                ( Sattelite (leaf: 103) (text: ) (vein: [0, 1, 3, 5, 7, 10, 12, 13, 14, 15, 19, 23, 24, 25, 28, 31, 36, 39, 43, 45, 50, 51, 52, 53, 54, 55, 57, 60, 63, 67, 68, 69, 72, 76, 77, 78, 80, 81, 82, 84, 85, 86, 87, 88, 91, 93, 95, 99, 100, 101, 102, 103]) )
                                              )
                                            )
                                          )
                                        )
                                        ( Sattelite (span: 104 142)
                                          ( Nucleus (span: 104 107)
                                            ( Sattelite (span: 104 105)
                                              ( Nucleus (leaf: 104) (text: ) (vein: [0, 1, 3, 5, 7, 10, 12, 13, 14, 15, 19, 23, 24, 25, 28, 31, 36, 39, 43, 45, 50, 51, 52, 53, 54, 55, 57, 60, 63, 67, 68, 69, 72, 76, 77, 78, 80, 81, 82, 84, 85, 86, 87, 88, 91, 93, 95, 99, 104, 106, 107]) )
                                              ( Sattelite (leaf: 105) (text: ) (vein: [0, 1, 3, 5, 7, 10, 12, 13, 14, 15, 19, 23, 24, 25, 28, 31, 36, 39, 43, 45, 50, 51, 52, 53, 54, 55, 57, 60, 63, 67, 68, 69, 72, 76, 77, 78, 80, 81, 82, 84, 85, 86, 87, 88, 91, 93, 95, 99, 104, 105, 106, 107]) )
                                            )
                                            ( Nucleus (span: 106 107)
                                              ( Nucleus (leaf: 106) (text: ) (vein: [0, 1, 3, 5, 7, 10, 12, 13, 14, 15, 19, 23, 24, 25, 28, 31, 36, 39, 43, 45, 50, 51, 52, 53, 54, 55, 57, 60, 63, 67, 68, 69, 72, 76, 77, 78, 80, 81, 82, 84, 85, 86, 87, 88, 91, 93, 95, 99, 104, 106, 107]) )
                                              ( Nucleus (leaf: 107) (text: ) (vein: [0, 1, 3, 5, 7, 10, 12, 13, 14, 15, 19, 23, 24, 25, 28, 31, 36, 39, 43, 45, 50, 51, 52, 53, 54, 55, 57, 60, 63, 67, 68, 69, 72, 76, 77, 78, 80, 81, 82, 84, 85, 86, 87, 88, 91, 93, 95, 99, 104, 106, 107]) )
                                            )
                                          )
                                          ( Sattelite (span: 108 142)
                                            ( Nucleus (leaf: 108) (text: ) (vein: [0, 1, 3, 5, 7, 10, 12, 13, 14, 15, 19, 23, 24, 25, 28, 31, 36, 39, 43, 45, 50, 51, 52, 53, 54, 55, 57, 60, 63, 67, 68, 69, 72, 76, 77, 78, 80, 81, 82, 84, 85, 86, 87, 88, 91, 93, 95, 99, 106, 107, 108]) )
                                            ( Sattelite (span: 109 142)
                                              ( Nucleus (leaf: 109) (text: ) (vein: [0, 1, 3, 5, 7, 10, 12, 13, 14, 15, 19, 23, 24, 25, 28, 31, 36, 39, 43, 45, 50, 51, 52, 53, 54, 55, 57, 60, 63, 67, 68, 69, 72, 76, 77, 78, 80, 81, 82, 84, 85, 86, 87, 88, 91, 93, 95, 99, 106, 107, 108, 109]) )
                                              ( Sattelite (span: 110 142)
                                                ( Nucleus (leaf: 110) (text: ) (vein: [0, 1, 3, 5, 7, 10, 12, 13, 14, 15, 19, 23, 24, 25, 28, 31, 36, 39, 43, 45, 50, 51, 52, 53, 54, 55, 57, 60, 63, 67, 68, 69, 72, 76, 77, 78, 80, 81, 82, 84, 85, 86, 87, 88, 91, 93, 95, 99, 106, 107, 108, 109, 110]) )
                                                ( Sattelite (span: 111 142)
                                                  ( Nucleus (span: 111 112)
                                                    ( Nucleus (leaf: 111) (text: ) (vein: [0, 1, 3, 5, 7, 10, 12, 13, 14, 15, 19, 23, 24, 25, 28, 31, 36, 39, 43, 45, 50, 51, 52, 53, 54, 55, 57, 60, 63, 67, 68, 69, 72, 76, 77, 78, 80, 81, 82, 84, 85, 86, 87, 88, 91, 93, 95, 99, 106, 107, 108, 109, 110, 111]) )
                                                    ( Sattelite (leaf: 112) (text: ) (vein: [0, 1, 3, 5, 7, 10, 12, 13, 14, 15, 19, 23, 24, 25, 28, 31, 36, 39, 43, 45, 50, 51, 52, 53, 54, 55, 57, 60, 63, 67, 68, 69, 72, 76, 77, 78, 80, 81, 82, 84, 85, 86, 87, 88, 91, 93, 95, 99, 106, 107, 108, 109, 110, 111, 112]) )
                                                  )
                                                  ( Sattelite (span: 113 142)
                                                    ( Nucleus (span: 113 121)
                                                      ( Nucleus (span: 113 116)
                                                        ( Nucleus (leaf: 113) (text: ) (vein: [0, 1, 3, 5, 7, 10, 12, 13, 14, 15, 19, 23, 24, 25, 28, 31, 36, 39, 43, 45, 50, 51, 52, 53, 54, 55, 57, 60, 63, 67, 68, 69, 72, 76, 77, 78, 80, 81, 82, 84, 85, 86, 87, 88, 91, 93, 95, 99, 106, 107, 108, 109, 110, 111, 113, 114]) )
                                                        ( Nucleus (span: 114 116)
                                                          ( Nucleus (leaf: 114) (text: ) (vein: [0, 1, 3, 5, 7, 10, 12, 13, 14, 15, 19, 23, 24, 25, 28, 31, 36, 39, 43, 45, 50, 51, 52, 53, 54, 55, 57, 60, 63, 67, 68, 69, 72, 76, 77, 78, 80, 81, 82, 84, 85, 86, 87, 88, 91, 93, 95, 99, 106, 107, 108, 109, 110, 111, 113, 114]) )
                                                          ( Sattelite (span: 115 116)
                                                            ( Nucleus (leaf: 115) (text: ) (vein: [0, 1, 3, 5, 7, 10, 12, 13, 14, 15, 19, 23, 24, 25, 28, 31, 36, 39, 43, 45, 50, 51, 52, 53, 54, 55, 57, 60, 63, 67, 68, 69, 72, 76, 77, 78, 80, 81, 82, 84, 85, 86, 87, 88, 91, 93, 95, 99, 106, 107, 108, 109, 110, 111, 113, 114, 115]) )
                                                            ( Sattelite (leaf: 116) (text: ) (vein: [0, 1, 3, 5, 7, 10, 12, 13, 14, 15, 19, 23, 24, 25, 28, 31, 36, 39, 43, 45, 50, 51, 52, 53, 54, 55, 57, 60, 63, 67, 68, 69, 72, 76, 77, 78, 80, 81, 82, 84, 85, 86, 87, 88, 91, 93, 95, 99, 106, 107, 108, 109, 110, 111, 113, 114, 115, 116]) )
                                                          )
                                                        )
                                                      )
                                                      ( Sattelite (span: 117 121)
                                                        ( Nucleus (span: 117 119)
                                                          ( Nucleus (leaf: 117) (text: ) (vein: [0, 1, 3, 5, 7, 10, 12, 13, 14, 15, 19, 23, 24, 25, 28, 31, 36, 39, 43, 45, 50, 51, 52, 53, 54, 55, 57, 60, 63, 67, 68, 69, 72, 76, 77, 78, 80, 81, 82, 84, 85, 86, 87, 88, 91, 93, 95, 99, 106, 107, 108, 109, 110, 111, 113, 114, 117]) )
                                                          ( Sattelite (span: 118 119)
                                                            ( Nucleus (leaf: 118) (text: ) (vein: [0, 1, 3, 5, 7, 10, 12, 13, 14, 15, 19, 23, 24, 25, 28, 31, 36, 39, 43, 45, 50, 51, 52, 53, 54, 55, 57, 60, 63, 67, 68, 69, 72, 76, 77, 78, 80, 81, 82, 84, 85, 86, 87, 88, 91, 93, 95, 99, 106, 107, 108, 109, 110, 111, 113, 114, 117, 118]) )
                                                            ( Sattelite (leaf: 119) (text: ) (vein: [0, 1, 3, 5, 7, 10, 12, 13, 14, 15, 19, 23, 24, 25, 28, 31, 36, 39, 43, 45, 50, 51, 52, 53, 54, 55, 57, 60, 63, 67, 68, 69, 72, 76, 77, 78, 80, 81, 82, 84, 85, 86, 87, 88, 91, 93, 95, 99, 106, 107, 108, 109, 110, 111, 113, 114, 117, 118, 119]) )
                                                          )
                                                        )
                                                        ( Sattelite (span: 120 121)
                                                          ( Nucleus (leaf: 120) (text: ) (vein: [0, 1, 3, 5, 7, 10, 12, 13, 14, 15, 19, 23, 24, 25, 28, 31, 36, 39, 43, 45, 50, 51, 52, 53, 54, 55, 57, 60, 63, 67, 68, 69, 72, 76, 77, 78, 80, 81, 82, 84, 85, 86, 87, 88, 91, 93, 95, 99, 106, 107, 108, 109, 110, 111, 113, 114, 117, 120]) )
                                                          ( Sattelite (leaf: 121) (text: ) (vein: [0, 1, 3, 5, 7, 10, 12, 13, 14, 15, 19, 23, 24, 25, 28, 31, 36, 39, 43, 45, 50, 51, 52, 53, 54, 55, 57, 60, 63, 67, 68, 69, 72, 76, 77, 78, 80, 81, 82, 84, 85, 86, 87, 88, 91, 93, 95, 99, 106, 107, 108, 109, 110, 111, 113, 114, 117, 120, 121]) )
                                                        )
                                                      )
                                                    )
                                                    ( Sattelite (span: 122 142)
                                                      ( Nucleus (span: 122 130)
                                                        ( Nucleus (span: 122 123)
                                                          ( Nucleus (leaf: 122) (text: ) (vein: [0, 1, 3, 5, 7, 10, 12, 13, 14, 15, 19, 23, 24, 25, 28, 31, 36, 39, 43, 45, 50, 51, 52, 53, 54, 55, 57, 60, 63, 67, 68, 69, 72, 76, 77, 78, 80, 81, 82, 84, 85, 86, 87, 88, 91, 93, 95, 99, 106, 107, 108, 109, 110, 111, 113, 114, 122]) )
                                                          ( Sattelite (leaf: 123) (text: ) (vein: [0, 1, 3, 5, 7, 10, 12, 13, 14, 15, 19, 23, 24, 25, 28, 31, 36, 39, 43, 45, 50, 51, 52, 53, 54, 55, 57, 60, 63, 67, 68, 69, 72, 76, 77, 78, 80, 81, 82, 84, 85, 86, 87, 88, 91, 93, 95, 99, 106, 107, 108, 109, 110, 111, 113, 114, 122, 123]) )
                                                        )
                                                        ( Sattelite (span: 124 130)
                                                          ( Nucleus (span: 124 127)
                                                            ( Nucleus (leaf: 124) (text: ) (vein: [0, 1, 3, 5, 7, 10, 12, 13, 14, 15, 19, 23, 24, 25, 28, 31, 36, 39, 43, 45, 50, 51, 52, 53, 54, 55, 57, 60, 63, 67, 68, 69, 72, 76, 77, 78, 80, 81, 82, 84, 85, 86, 87, 88, 91, 93, 95, 99, 106, 107, 108, 109, 110, 111, 113, 114, 122, 124]) )
                                                            ( Sattelite (span: 125 127)
                                                              ( Nucleus (leaf: 125) (text: ) (vein: [0, 1, 3, 5, 7, 10, 12, 13, 14, 15, 19, 23, 24, 25, 28, 31, 36, 39, 43, 45, 50, 51, 52, 53, 54, 55, 57, 60, 63, 67, 68, 69, 72, 76, 77, 78, 80, 81, 82, 84, 85, 86, 87, 88, 91, 93, 95, 99, 106, 107, 108, 109, 110, 111, 113, 114, 122, 124, 125]) )
                                                              ( Sattelite (span: 126 127)
                                                                ( Nucleus (leaf: 126) (text: ) (vein: [0, 1, 3, 5, 7, 10, 12, 13, 14, 15, 19, 23, 24, 25, 28, 31, 36, 39, 43, 45, 50, 51, 52, 53, 54, 55, 57, 60, 63, 67, 68, 69, 72, 76, 77, 78, 80, 81, 82, 84, 85, 86, 87, 88, 91, 93, 95, 99, 106, 107, 108, 109, 110, 111, 113, 114, 122, 124, 125, 126, 127]) )
                                                                ( Nucleus (leaf: 127) (text: ) (vein: [0, 1, 3, 5, 7, 10, 12, 13, 14, 15, 19, 23, 24, 25, 28, 31, 36, 39, 43, 45, 50, 51, 52, 53, 54, 55, 57, 60, 63, 67, 68, 69, 72, 76, 77, 78, 80, 81, 82, 84, 85, 86, 87, 88, 91, 93, 95, 99, 106, 107, 108, 109, 110, 111, 113, 114, 122, 124, 125, 126, 127]) )
                                                              )
                                                            )
                                                          )
                                                          ( Sattelite (span: 128 130)
                                                            ( Nucleus (span: 128 129)
                                                              ( Nucleus (leaf: 128) (text: ) (vein: [0, 1, 3, 5, 7, 10, 12, 13, 14, 15, 19, 23, 24, 25, 28, 31, 36, 39, 43, 45, 50, 51, 52, 53, 54, 55, 57, 60, 63, 67, 68, 69, 72, 76, 77, 78, 80, 81, 82, 84, 85, 86, 87, 88, 91, 93, 95, 99, 106, 107, 108, 109, 110, 111, 113, 114, 122, 124, 128]) )
                                                              ( Sattelite (leaf: 129) (text: ) (vein: [0, 1, 3, 5, 7, 10, 12, 13, 14, 15, 19, 23, 24, 25, 28, 31, 36, 39, 43, 45, 50, 51, 52, 53, 54, 55, 57, 60, 63, 67, 68, 69, 72, 76, 77, 78, 80, 81, 82, 84, 85, 86, 87, 88, 91, 93, 95, 99, 106, 107, 108, 109, 110, 111, 113, 114, 122, 124, 128, 129]) )
                                                            )
                                                            ( Sattelite (leaf: 130) (text: ) (vein: [0, 1, 3, 5, 7, 10, 12, 13, 14, 15, 19, 23, 24, 25, 28, 31, 36, 39, 43, 45, 50, 51, 52, 53, 54, 55, 57, 60, 63, 67, 68, 69, 72, 76, 77, 78, 80, 81, 82, 84, 85, 86, 87, 88, 91, 93, 95, 99, 106, 107, 108, 109, 110, 111, 113, 114, 122, 124, 128, 130]) )
                                                          )
                                                        )
                                                      )
                                                      ( Sattelite (span: 131 142)
                                                        ( Nucleus (span: 131 136)
                                                          ( Nucleus (leaf: 131) (text: ) (vein: [0, 1, 3, 5, 7, 10, 12, 13, 14, 15, 19, 23, 24, 25, 28, 31, 36, 39, 43, 45, 50, 51, 52, 53, 54, 55, 57, 60, 63, 67, 68, 69, 72, 76, 77, 78, 80, 81, 82, 84, 85, 86, 87, 88, 91, 93, 95, 99, 106, 107, 108, 109, 110, 111, 113, 114, 122, 131]) )
                                                          ( Sattelite (span: 132 136)
                                                            ( Nucleus (leaf: 132) (text: ) (vein: [0, 1, 3, 5, 7, 10, 12, 13, 14, 15, 19, 23, 24, 25, 28, 31, 36, 39, 43, 45, 50, 51, 52, 53, 54, 55, 57, 60, 63, 67, 68, 69, 72, 76, 77, 78, 80, 81, 82, 84, 85, 86, 87, 88, 91, 93, 95, 99, 106, 107, 108, 109, 110, 111, 113, 114, 122, 131, 132]) )
                                                            ( Sattelite (span: 133 136)
                                                              ( Nucleus (leaf: 133) (text: ) (vein: [0, 1, 3, 5, 7, 10, 12, 13, 14, 15, 19, 23, 24, 25, 28, 31, 36, 39, 43, 45, 50, 51, 52, 53, 54, 55, 57, 60, 63, 67, 68, 69, 72, 76, 77, 78, 80, 81, 82, 84, 85, 86, 87, 88, 91, 93, 95, 99, 106, 107, 108, 109, 110, 111, 113, 114, 122, 131, 132, 133]) )
                                                              ( Sattelite (span: 134 136)
                                                                ( Nucleus (leaf: 134) (text: ) (vein: [0, 1, 3, 5, 7, 10, 12, 13, 14, 15, 19, 23, 24, 25, 28, 31, 36, 39, 43, 45, 50, 51, 52, 53, 54, 55, 57, 60, 63, 67, 68, 69, 72, 76, 77, 78, 80, 81, 82, 84, 85, 86, 87, 88, 91, 93, 95, 99, 106, 107, 108, 109, 110, 111, 113, 114, 122, 131, 132, 133, 134]) )
                                                                ( Sattelite (span: 135 136)
                                                                  ( Nucleus (leaf: 135) (text: ) (vein: [0, 1, 3, 5, 7, 10, 12, 13, 14, 15, 19, 23, 24, 25, 28, 31, 36, 39, 43, 45, 50, 51, 52, 53, 54, 55, 57, 60, 63, 67, 68, 69, 72, 76, 77, 78, 80, 81, 82, 84, 85, 86, 87, 88, 91, 93, 95, 99, 106, 107, 108, 109, 110, 111, 113, 114, 122, 131, 132, 133, 134, 135]) )
                                                                  ( Sattelite (leaf: 136) (text: ) (vein: [0, 1, 3, 5, 7, 10, 12, 13, 14, 15, 19, 23, 24, 25, 28, 31, 36, 39, 43, 45, 50, 51, 52, 53, 54, 55, 57, 60, 63, 67, 68, 69, 72, 76, 77, 78, 80, 81, 82, 84, 85, 86, 87, 88, 91, 93, 95, 99, 106, 107, 108, 109, 110, 111, 113, 114, 122, 131, 132, 133, 134, 135, 136]) )
                                                                )
                                                              )
                                                            )
                                                          )
                                                        )
                                                        ( Sattelite (span: 137 142)
                                                          ( Nucleus (span: 137 141)
                                                            ( Nucleus (span: 137 138)
                                                              ( Nucleus (leaf: 137) (text: ) (vein: [0, 1, 3, 5, 7, 10, 12, 13, 14, 15, 19, 23, 24, 25, 28, 31, 36, 39, 43, 45, 50, 51, 52, 53, 54, 55, 57, 60, 63, 67, 68, 69, 72, 76, 77, 78, 80, 81, 82, 84, 85, 86, 87, 88, 91, 93, 95, 99, 106, 107, 108, 109, 110, 111, 113, 114, 122, 131, 137, 139]) )
                                                              ( Sattelite (leaf: 138) (text: ) (vein: [0, 1, 3, 5, 7, 10, 12, 13, 14, 15, 19, 23, 24, 25, 28, 31, 36, 39, 43, 45, 50, 51, 52, 53, 54, 55, 57, 60, 63, 67, 68, 69, 72, 76, 77, 78, 80, 81, 82, 84, 85, 86, 87, 88, 91, 93, 95, 99, 106, 107, 108, 109, 110, 111, 113, 114, 122, 131, 137, 138, 139]) )
                                                            )
                                                            ( Nucleus (span: 139 141)
                                                              ( Nucleus (span: 139 140)
                                                                ( Nucleus (leaf: 139) (text: ) (vein: [0, 1, 3, 5, 7, 10, 12, 13, 14, 15, 19, 23, 24, 25, 28, 31, 36, 39, 43, 45, 50, 51, 52, 53, 54, 55, 57, 60, 63, 67, 68, 69, 72, 76, 77, 78, 80, 81, 82, 84, 85, 86, 87, 88, 91, 93, 95, 99, 106, 107, 108, 109, 110, 111, 113, 114, 122, 131, 137, 139]) )
                                                                ( Sattelite (leaf: 140) (text: ) (vein: [0, 1, 3, 5, 7, 10, 12, 13, 14, 15, 19, 23, 24, 25, 28, 31, 36, 39, 43, 45, 50, 51, 52, 53, 54, 55, 57, 60, 63, 67, 68, 69, 72, 76, 77, 78, 80, 81, 82, 84, 85, 86, 87, 88, 91, 93, 95, 99, 106, 107, 108, 109, 110, 111, 113, 114, 122, 131, 137, 139, 140]) )
                                                              )
                                                              ( Sattelite (leaf: 141) (text: ) (vein: [0, 1, 3, 5, 7, 10, 12, 13, 14, 15, 19, 23, 24, 25, 28, 31, 36, 39, 43, 45, 50, 51, 52, 53, 54, 55, 57, 60, 63, 67, 68, 69, 72, 76, 77, 78, 80, 81, 82, 84, 85, 86, 87, 88, 91, 93, 95, 99, 106, 107, 108, 109, 110, 111, 113, 114, 122, 131, 137, 139, 141]) )
                                                            )
                                                          )
                                                          ( Sattelite (leaf: 142) (text: Jim Collins , the author of Good to Great , operates a management-research laboratory in Boulder , Colo . ) (vein: [0, 1, 3, 5, 7, 10, 12, 13, 14, 15, 19, 23, 24, 25, 28, 31, 36, 39, 43, 45, 50, 51, 52, 53, 54, 55, 57, 60, 63, 67, 68, 69, 72, 76, 77, 78, 80, 81, 82, 84, 85, 86, 87, 88, 91, 93, 95, 99, 106, 107, 108, 109, 110, 111, 113, 114, 122, 131, 137, 139, 142]) )
                                                        )
                                                      )
                                                    )
                                                  )
                                                )
                                              )
                                            )
                                          )
                                        )
                                      )
                                    )
                                  )
                                )
                              )
                            )
                          )
                        )
                      )
                    )
                  )
                )
              )
            )
          )
        )
      )
    )
  )
)

