( Root (0 88 )
  ( Nucleus (leaf: 0) (text: ) (vein: [0, 1]) )
  ( Nucleus (span: 1 88)
    ( Nucleus (leaf: 1) (text: ) (vein: [0, 1]) )
    ( Sattelite (span: 2 88)
      ( Nucleus (span: 2 3)
        ( Nucleus (leaf: 2) (text: ) (vein: [0, 1, 2]) )
        ( Sattelite (leaf: 3) (text: ) (vein: [0, 1, 2, 3]) )
      )
      ( Sattelite (span: 4 88)
        ( Nucleus (span: 4 44)
          ( Sattelite (leaf: 4) (text: ) (vein: [0, 1, 2, 4, 5, 6, 9, 11, 14, 17, 18, 19, 25, 32, 35, 37]) )
          ( Nucleus (span: 5 44)
            ( Nucleus (span: 5 6)
              ( Nucleus (leaf: 5) (text: ) (vein: [0, 1, 2, 4, 5, 6, 9, 11, 14, 17, 18, 19, 25, 32, 35, 37]) )
              ( Nucleus (leaf: 6) (text: ) (vein: [0, 1, 2, 4, 5, 6, 9, 11, 14, 17, 18, 19, 25, 32, 35, 37]) )
            )
            ( Nucleus (span: 7 44)
              ( Sattelite (span: 7 8)
                ( Nucleus (leaf: 7) (text: ) (vein: [0, 1, 2, 4, 5, 6, 7, 9, 11, 14, 17, 18, 19, 25, 32, 35, 37]) )
                ( Sattelite (leaf: 8) (text: ) (vein: [0, 1, 2, 5, 6, 7, 8, 9, 11, 14, 17, 18, 19, 25, 32, 35, 37]) )
              )
              ( Nucleus (span: 9 44)
                ( Nucleus (leaf: 9) (text: ) (vein: [0, 1, 2, 4, 5, 6, 7, 9, 11, 14, 17, 18, 19, 25, 32, 35, 37]) )
                ( Nucleus (span: 10 44)
                  ( Nucleus (span: 10 12)
                    ( Sattelite (leaf: 10) (text: ) (vein: [0, 1, 2, 4, 5, 6, 7, 9, 10, 11, 14, 17, 18, 19, 25, 32, 35, 37]) )
                    ( Nucleus (span: 11 12)
                      ( Nucleus (leaf: 11) (text: ) (vein: [0, 1, 2, 4, 5, 6, 7, 9, 10, 11, 14, 17, 18, 19, 25, 32, 35, 37]) )
                      ( Sattelite (leaf: 12) (text: ) (vein: [0, 1, 2, 5, 6, 9, 11, 12, 14, 17, 18, 19, 25, 32, 35, 37]) )
                    )
                  )
                  ( Nucleus (span: 13 44)
                    ( Sattelite (leaf: 13) (text: ) (vein: [0, 1, 2, 4, 5, 6, 7, 9, 11, 13, 14, 17, 18, 19, 25, 32, 35, 37]) )
                    ( Nucleus (span: 14 44)
                      ( Nucleus (span: 14 15)
                        ( Nucleus (leaf: 14) (text: ) (vein: [0, 1, 2, 4, 5, 6, 7, 9, 11, 13, 14, 17, 18, 19, 25, 32, 35, 37]) )
                        ( Sattelite (leaf: 15) (text: ) (vein: [0, 1, 2, 5, 6, 9, 11, 14, 15, 17, 18, 19, 25, 32, 35, 37]) )
                      )
                      ( Nucleus (span: 16 44)
                        ( Nucleus (span: 16 17)
                          ( Sattelite (leaf: 16) (text: ) (vein: [0, 1, 2, 4, 5, 6, 7, 9, 11, 13, 14, 16, 17, 18, 19, 25, 32, 35, 37]) )
                          ( Nucleus (leaf: 17) (text: ) (vein: [0, 1, 2, 4, 5, 6, 7, 9, 11, 13, 14, 16, 17, 18, 19, 25, 32, 35, 37]) )
                        )
                        ( Nucleus (span: 18 44)
                          ( Nucleus (span: 18 24)
                            ( Nucleus (span: 18 20)
                              ( Nucleus (leaf: 18) (text: ) (vein: [0, 1, 2, 4, 5, 6, 7, 9, 11, 13, 14, 17, 18, 19, 25, 32, 35, 37]) )
                              ( Nucleus (span: 19 20)
                                ( Nucleus (leaf: 19) (text: ) (vein: [0, 1, 2, 4, 5, 6, 7, 9, 11, 13, 14, 17, 18, 19, 25, 32, 35, 37]) )
                                ( Sattelite (leaf: 20) (text: ) (vein: [0, 1, 2, 5, 6, 9, 11, 14, 17, 18, 19, 20, 25, 32, 35, 37]) )
                              )
                            )
                            ( Sattelite (span: 21 24)
                              ( Nucleus (leaf: 21) (text: ) (vein: [0, 1, 2, 5, 6, 9, 11, 14, 17, 18, 19, 21, 25, 32, 35, 37]) )
                              ( Sattelite (span: 22 24)
                                ( Nucleus (leaf: 22) (text: ) (vein: [0, 1, 2, 5, 6, 9, 11, 14, 17, 18, 19, 21, 22, 25, 32, 35, 37]) )
                                ( Sattelite (span: 23 24)
                                  ( Nucleus (leaf: 23) (text: ) (vein: [0, 1, 2, 5, 6, 9, 11, 14, 17, 18, 19, 21, 22, 23, 24, 25, 32, 35, 37]) )
                                  ( Nucleus (leaf: 24) (text: ) (vein: [0, 1, 2, 5, 6, 9, 11, 14, 17, 18, 19, 21, 22, 23, 24, 25, 32, 35, 37]) )
                                )
                              )
                            )
                          )
                          ( Nucleus (span: 25 44)
                            ( Nucleus (span: 25 31)
                              ( Nucleus (span: 25 27)
                                ( Nucleus (leaf: 25) (text: ) (vein: [0, 1, 2, 4, 5, 6, 7, 9, 11, 13, 14, 17, 18, 19, 25, 32, 35, 37]) )
                                ( Sattelite (span: 26 27)
                                  ( Nucleus (leaf: 26) (text: ) (vein: [0, 1, 2, 5, 6, 9, 11, 14, 17, 18, 19, 25, 26, 32, 35, 37]) )
                                  ( Sattelite (leaf: 27) (text: ) (vein: [0, 1, 2, 5, 6, 9, 11, 14, 17, 18, 19, 25, 26, 27, 32, 35, 37]) )
                                )
                              )
                              ( Sattelite (span: 28 31)
                                ( Nucleus (span: 28 29)
                                  ( Nucleus (leaf: 28) (text: ) (vein: [0, 1, 2, 5, 6, 9, 11, 14, 17, 18, 19, 25, 28, 30, 32, 35, 37]) )
                                  ( Sattelite (leaf: 29) (text: ) (vein: [0, 1, 2, 5, 6, 9, 11, 14, 17, 18, 19, 25, 28, 29, 30, 32, 35, 37]) )
                                )
                                ( Nucleus (span: 30 31)
                                  ( Nucleus (leaf: 30) (text: ) (vein: [0, 1, 2, 5, 6, 9, 11, 14, 17, 18, 19, 25, 28, 30, 32, 35, 37]) )
                                  ( Sattelite (leaf: 31) (text: ) (vein: [0, 1, 2, 5, 6, 9, 11, 14, 17, 18, 19, 25, 28, 30, 31, 32, 35, 37]) )
                                )
                              )
                            )
                            ( Nucleus (span: 32 44)
                              ( Nucleus (span: 32 34)
                                ( Nucleus (leaf: 32) (text: ) (vein: [0, 1, 2, 4, 5, 6, 7, 9, 11, 13, 14, 17, 18, 19, 25, 32, 35, 37]) )
                                ( Sattelite (span: 33 34)
                                  ( Nucleus (leaf: 33) (text: ) (vein: [0, 1, 2, 5, 6, 9, 11, 14, 17, 18, 19, 25, 32, 33, 35, 37]) )
                                  ( Sattelite (leaf: 34) (text: ) (vein: [0, 1, 2, 5, 6, 9, 11, 14, 17, 18, 19, 25, 32, 33, 34, 35, 37]) )
                                )
                              )
                              ( Nucleus (span: 35 44)
                                ( Nucleus (leaf: 35) (text: ) (vein: [0, 1, 2, 4, 5, 6, 7, 9, 11, 13, 14, 17, 18, 19, 25, 32, 35, 37]) )
                                ( Nucleus (span: 36 44)
                                  ( Sattelite (leaf: 36) (text: ) (vein: [0, 1, 2, 4, 5, 6, 7, 9, 11, 13, 14, 17, 18, 19, 25, 32, 35, 36, 37]) )
                                  ( Nucleus (span: 37 44)
                                    ( Nucleus (leaf: 37) (text: ) (vein: [0, 1, 2, 4, 5, 6, 7, 9, 11, 13, 14, 17, 18, 19, 25, 32, 35, 36, 37]) )
                                    ( Sattelite (span: 38 44)
                                      ( Nucleus (leaf: 38) (text: ) (vein: [0, 1, 2, 5, 6, 9, 11, 14, 17, 18, 19, 25, 32, 35, 37, 38]) )
                                      ( Sattelite (span: 39 44)
                                        ( Nucleus (span: 39 40)
                                          ( Nucleus (leaf: 39) (text: ) (vein: [0, 1, 2, 5, 6, 9, 11, 14, 17, 18, 19, 25, 32, 35, 37, 38, 39, 40]) )
                                          ( Nucleus (leaf: 40) (text: ) (vein: [0, 1, 2, 5, 6, 9, 11, 14, 17, 18, 19, 25, 32, 35, 37, 38, 39, 40]) )
                                        )
                                        ( Sattelite (span: 41 44)
                                          ( Nucleus (leaf: 41) (text: ) (vein: [0, 1, 2, 5, 6, 9, 11, 14, 17, 18, 19, 25, 32, 35, 37, 38, 39, 40, 41]) )
                                          ( Sattelite (span: 42 44)
                                            ( Nucleus (leaf: 42) (text: ) (vein: [0, 1, 2, 5, 6, 9, 11, 14, 17, 18, 19, 25, 32, 35, 37, 38, 39, 40, 41, 42, 43]) )
                                            ( Nucleus (span: 43 44)
                                              ( Nucleus (leaf: 43) (text: ) (vein: [0, 1, 2, 5, 6, 9, 11, 14, 17, 18, 19, 25, 32, 35, 37, 38, 39, 40, 41, 42, 43]) )
                                              ( Sattelite (leaf: 44) (text: ) (vein: [0, 1, 2, 5, 6, 9, 11, 14, 17, 18, 19, 25, 32, 35, 37, 38, 39, 40, 41, 42, 43, 44]) )
                                            )
                                          )
                                        )
                                      )
                                    )
                                  )
                                )
                              )
                            )
                          )
                        )
                      )
                    )
                  )
                )
              )
            )
          )
        )
        ( Sattelite (span: 45 88)
          ( Nucleus (span: 45 63)
            ( Nucleus (leaf: 45) (text: ) (vein: [0, 1, 2, 5, 6, 9, 11, 14, 17, 18, 19, 25, 32, 35, 37, 45, 46, 55, 58, 59]) )
            ( Nucleus (span: 46 63)
              ( Nucleus (span: 46 53)
                ( Nucleus (leaf: 46) (text: ) (vein: [0, 1, 2, 5, 6, 9, 11, 14, 17, 18, 19, 25, 32, 35, 37, 45, 46, 55, 58, 59]) )
                ( Sattelite (span: 47 53)
                  ( Nucleus (leaf: 47) (text: ) (vein: [0, 1, 2, 5, 6, 9, 11, 14, 17, 18, 19, 25, 32, 35, 37, 45, 46, 47, 55, 58, 59]) )
                  ( Sattelite (span: 48 53)
                    ( Nucleus (span: 48 50)
                      ( Nucleus (leaf: 48) (text: ) (vein: [0, 1, 2, 5, 6, 9, 11, 14, 17, 18, 19, 25, 32, 35, 37, 45, 46, 47, 48, 55, 58, 59]) )
                      ( Sattelite (span: 49 50)
                        ( Nucleus (leaf: 49) (text: ) (vein: [0, 1, 2, 5, 6, 9, 11, 14, 17, 18, 19, 25, 32, 35, 37, 45, 46, 47, 48, 49, 50, 55, 58, 59]) )
                        ( Nucleus (leaf: 50) (text: ) (vein: [0, 1, 2, 5, 6, 9, 11, 14, 17, 18, 19, 25, 32, 35, 37, 45, 46, 47, 48, 49, 50, 55, 58, 59]) )
                      )
                    )
                    ( Sattelite (span: 51 53)
                      ( Nucleus (leaf: 51) (text: ) (vein: [0, 1, 2, 5, 6, 9, 11, 14, 17, 18, 19, 25, 32, 35, 37, 45, 46, 47, 48, 51, 55, 58, 59]) )
                      ( Sattelite (span: 52 53)
                        ( Nucleus (leaf: 52) (text: ) (vein: [0, 1, 2, 5, 6, 9, 11, 14, 17, 18, 19, 25, 32, 35, 37, 45, 46, 47, 48, 51, 52, 53, 55, 58, 59]) )
                        ( Nucleus (leaf: 53) (text: ) (vein: [0, 1, 2, 5, 6, 9, 11, 14, 17, 18, 19, 25, 32, 35, 37, 45, 46, 47, 48, 51, 52, 53, 55, 58, 59]) )
                      )
                    )
                  )
                )
              )
              ( Nucleus (span: 54 63)
                ( Nucleus (span: 54 58)
                  ( Sattelite (leaf: 54) (text: ) (vein: [0, 1, 2, 5, 6, 9, 11, 14, 17, 18, 19, 25, 32, 35, 37, 45, 46, 54, 55, 58, 59]) )
                  ( Nucleus (span: 55 58)
                    ( Nucleus (span: 55 57)
                      ( Nucleus (leaf: 55) (text: ) (vein: [0, 1, 2, 5, 6, 9, 11, 14, 17, 18, 19, 25, 32, 35, 37, 45, 46, 54, 55, 58, 59]) )
                      ( Sattelite (span: 56 57)
                        ( Nucleus (leaf: 56) (text: ) (vein: [0, 1, 2, 5, 6, 9, 11, 14, 17, 18, 19, 25, 32, 35, 37, 45, 46, 55, 56, 58, 59]) )
                        ( Sattelite (leaf: 57) (text: ) (vein: [0, 1, 2, 5, 6, 9, 11, 14, 17, 18, 19, 25, 32, 35, 37, 45, 46, 55, 56, 57, 58, 59]) )
                      )
                    )
                    ( Nucleus (leaf: 58) (text: ) (vein: [0, 1, 2, 5, 6, 9, 11, 14, 17, 18, 19, 25, 32, 35, 37, 45, 46, 54, 55, 58, 59]) )
                  )
                )
                ( Nucleus (span: 59 63)
                  ( Nucleus (span: 59 60)
                    ( Nucleus (leaf: 59) (text: ) (vein: [0, 1, 2, 5, 6, 9, 11, 14, 17, 18, 19, 25, 32, 35, 37, 45, 46, 55, 58, 59]) )
                    ( Sattelite (leaf: 60) (text: ) (vein: [0, 1, 2, 5, 6, 9, 11, 14, 17, 18, 19, 25, 32, 35, 37, 45, 46, 55, 58, 59, 60]) )
                  )
                  ( Sattelite (span: 61 63)
                    ( Nucleus (span: 61 62)
                      ( Nucleus (leaf: 61) (text: ) (vein: [0, 1, 2, 5, 6, 9, 11, 14, 17, 18, 19, 25, 32, 35, 37, 45, 46, 55, 58, 59, 61]) )
                      ( Sattelite (leaf: 62) (text: ) (vein: [0, 1, 2, 5, 6, 9, 11, 14, 17, 18, 19, 25, 32, 35, 37, 45, 46, 55, 58, 59, 61, 62]) )
                    )
                    ( Sattelite (leaf: 63) (text: ) (vein: [0, 1, 2, 5, 6, 9, 11, 14, 17, 18, 19, 25, 32, 35, 37, 45, 46, 55, 58, 59, 61, 63]) )
                  )
                )
              )
            )
          )
          ( Sattelite (span: 64 88)
            ( Nucleus (span: 64 67)
              ( Nucleus (leaf: 64) (text: ) (vein: [0, 1, 2, 5, 6, 9, 11, 14, 17, 18, 19, 25, 32, 35, 37, 45, 46, 55, 58, 59, 64, 65, 66]) )
              ( Nucleus (span: 65 67)
                ( Nucleus (leaf: 65) (text: ) (vein: [0, 1, 2, 5, 6, 9, 11, 14, 17, 18, 19, 25, 32, 35, 37, 45, 46, 55, 58, 59, 64, 65, 66]) )
                ( Nucleus (span: 66 67)
                  ( Nucleus (leaf: 66) (text: ) (vein: [0, 1, 2, 5, 6, 9, 11, 14, 17, 18, 19, 25, 32, 35, 37, 45, 46, 55, 58, 59, 64, 65, 66]) )
                  ( Sattelite (leaf: 67) (text: ) (vein: [0, 1, 2, 5, 6, 9, 11, 14, 17, 18, 19, 25, 32, 35, 37, 45, 46, 55, 58, 59, 64, 65, 66, 67]) )
                )
              )
            )
            ( Sattelite (span: 68 88)
              ( Nucleus (leaf: 68) (text: ) (vein: [0, 1, 2, 5, 6, 9, 11, 14, 17, 18, 19, 25, 32, 35, 37, 45, 46, 55, 58, 59, 64, 65, 66, 68]) )
              ( Sattelite (span: 69 88)
                ( Nucleus (leaf: 69) (text: ) (vein: [0, 1, 2, 5, 6, 9, 11, 14, 17, 18, 19, 25, 32, 35, 37, 45, 46, 55, 58, 59, 64, 65, 66, 68, 69]) )
                ( Sattelite (span: 70 88)
                  ( Nucleus (leaf: 70) (text: ) (vein: [0, 1, 2, 5, 6, 9, 11, 14, 17, 18, 19, 25, 32, 35, 37, 45, 46, 55, 58, 59, 64, 65, 66, 68, 69, 70]) )
                  ( Sattelite (span: 71 88)
                    ( Nucleus (span: 71 81)
                      ( Sattelite (leaf: 71) (text: ) (vein: [0, 1, 2, 5, 6, 9, 11, 14, 17, 18, 19, 25, 32, 35, 37, 45, 46, 55, 58, 59, 64, 65, 66, 68, 69, 70, 71, 74, 76, 78]) )
                      ( Nucleus (span: 72 81)
                        ( Sattelite (span: 72 73)
                          ( Nucleus (leaf: 72) (text: ) (vein: [0, 1, 2, 5, 6, 9, 11, 14, 17, 18, 19, 25, 32, 35, 37, 45, 46, 55, 58, 59, 64, 65, 66, 68, 69, 70, 71, 72, 74, 76, 78]) )
                          ( Sattelite (leaf: 73) (text: ) (vein: [0, 1, 2, 5, 6, 9, 11, 14, 17, 18, 19, 25, 32, 35, 37, 45, 46, 55, 58, 59, 64, 65, 66, 68, 69, 70, 72, 73, 74, 76, 78]) )
                        )
                        ( Nucleus (span: 74 81)
                          ( Nucleus (span: 74 76)
                            ( Nucleus (leaf: 74) (text: ) (vein: [0, 1, 2, 5, 6, 9, 11, 14, 17, 18, 19, 25, 32, 35, 37, 45, 46, 55, 58, 59, 64, 65, 66, 68, 69, 70, 71, 72, 74, 76, 78]) )
                            ( Nucleus (span: 75 76)
                              ( Sattelite (leaf: 75) (text: ) (vein: [0, 1, 2, 5, 6, 9, 11, 14, 17, 18, 19, 25, 32, 35, 37, 45, 46, 55, 58, 59, 64, 65, 66, 68, 69, 70, 71, 72, 74, 75, 76, 78]) )
                              ( Nucleus (leaf: 76) (text: ) (vein: [0, 1, 2, 5, 6, 9, 11, 14, 17, 18, 19, 25, 32, 35, 37, 45, 46, 55, 58, 59, 64, 65, 66, 68, 69, 70, 71, 72, 74, 75, 76, 78]) )
                            )
                          )
                          ( Nucleus (span: 77 81)
                            ( Sattelite (leaf: 77) (text: ) (vein: [0, 1, 2, 5, 6, 9, 11, 14, 17, 18, 19, 25, 32, 35, 37, 45, 46, 55, 58, 59, 64, 65, 66, 68, 69, 70, 71, 72, 74, 76, 77, 78]) )
                            ( Nucleus (span: 78 81)
                              ( Nucleus (leaf: 78) (text: ) (vein: [0, 1, 2, 5, 6, 9, 11, 14, 17, 18, 19, 25, 32, 35, 37, 45, 46, 55, 58, 59, 64, 65, 66, 68, 69, 70, 71, 72, 74, 76, 77, 78]) )
                              ( Sattelite (span: 79 81)
                                ( Nucleus (leaf: 79) (text: ) (vein: [0, 1, 2, 5, 6, 9, 11, 14, 17, 18, 19, 25, 32, 35, 37, 45, 46, 55, 58, 59, 64, 65, 66, 68, 69, 70, 74, 76, 78, 79]) )
                                ( Sattelite (span: 80 81)
                                  ( Nucleus (leaf: 80) (text: ) (vein: [0, 1, 2, 5, 6, 9, 11, 14, 17, 18, 19, 25, 32, 35, 37, 45, 46, 55, 58, 59, 64, 65, 66, 68, 69, 70, 74, 76, 78, 79, 80]) )
                                  ( Sattelite (leaf: 81) (text: ) (vein: [0, 1, 2, 5, 6, 9, 11, 14, 17, 18, 19, 25, 32, 35, 37, 45, 46, 55, 58, 59, 64, 65, 66, 68, 69, 70, 74, 76, 78, 79, 80, 81]) )
                                )
                              )
                            )
                          )
                        )
                      )
                    )
                    ( Sattelite (span: 82 88)
                      ( Nucleus (leaf: 82) (text: ) (vein: [0, 1, 2, 5, 6, 9, 11, 14, 17, 18, 19, 25, 32, 35, 37, 45, 46, 55, 58, 59, 64, 65, 66, 68, 69, 70, 74, 76, 78, 82]) )
                      ( Sattelite (span: 83 88)
                        ( Nucleus (leaf: 83) (text: ) (vein: [0, 1, 2, 5, 6, 9, 11, 14, 17, 18, 19, 25, 32, 35, 37, 45, 46, 55, 58, 59, 64, 65, 66, 68, 69, 70, 74, 76, 78, 82, 83]) )
                        ( Sattelite (span: 84 88)
                          ( Nucleus (span: 84 85)
                            ( Nucleus (leaf: 84) (text: ) (vein: [0, 1, 2, 5, 6, 9, 11, 14, 17, 18, 19, 25, 32, 35, 37, 45, 46, 55, 58, 59, 64, 65, 66, 68, 69, 70, 74, 76, 78, 82, 83, 84]) )
                            ( Sattelite (leaf: 85) (text: ) (vein: [0, 1, 2, 5, 6, 9, 11, 14, 17, 18, 19, 25, 32, 35, 37, 45, 46, 55, 58, 59, 64, 65, 66, 68, 69, 70, 74, 76, 78, 82, 83, 84, 85]) )
                          )
                          ( Sattelite (span: 86 88)
                            ( Nucleus (span: 86 87)
                              ( Nucleus (leaf: 86) (text: ) (vein: [0, 1, 2, 5, 6, 9, 11, 14, 17, 18, 19, 25, 32, 35, 37, 45, 46, 55, 58, 59, 64, 65, 66, 68, 69, 70, 74, 76, 78, 82, 83, 84, 86]) )
                              ( Sattelite (leaf: 87) (text: ) (vein: [0, 1, 2, 5, 6, 9, 11, 14, 17, 18, 19, 25, 32, 35, 37, 45, 46, 55, 58, 59, 64, 65, 66, 68, 69, 70, 74, 76, 78, 82, 83, 84, 86, 87]) )
                            )
                            ( Sattelite (leaf: 88) (text: Rev . Bill McGinnis , Director - LoveAllPeople.org ) (vein: [0, 1, 2, 5, 6, 9, 11, 14, 17, 18, 19, 25, 32, 35, 37, 45, 46, 55, 58, 59, 64, 65, 66, 68, 69, 70, 74, 76, 78, 82, 83, 84, 86, 88]) )
                          )
                        )
                      )
                    )
                  )
                )
              )
            )
          )
        )
      )
    )
  )
)

