( Root (0 97 )
  ( Nucleus (span: 0 3)
    ( Nucleus (leaf: 0) (text: ) (vein: [0, 1, 4, 6, 9]) )
    ( Nucleus (span: 1 3)
      ( Nucleus (leaf: 1) (text: ) (vein: [0, 1, 4, 6, 9]) )
      ( Sattelite (span: 2 3)
        ( Nucleus (leaf: 2) (text: ) (vein: [0, 1, 2, 4, 6, 9]) )
        ( Sattelite (leaf: 3) (text: ) (vein: [0, 1, 2, 3, 4, 6, 9]) )
      )
    )
  )
  ( Nucleus (span: 4 97)
    ( Nucleus (span: 4 9)
      ( Nucleus (leaf: 4) (text: ) (vein: [0, 1, 4, 6, 9]) )
      ( Nucleus (span: 5 9)
        ( Sattelite (leaf: 5) (text: ) (vein: [0, 1, 4, 5, 6, 9]) )
        ( Nucleus (span: 6 9)
          ( Nucleus (span: 6 8)
            ( Nucleus (leaf: 6) (text: ) (vein: [0, 1, 4, 5, 6, 9]) )
            ( Sattelite (span: 7 8)
              ( Nucleus (leaf: 7) (text: ) (vein: [0, 1, 4, 6, 7, 9]) )
              ( Sattelite (leaf: 8) (text: ) (vein: [0, 1, 4, 6, 7, 8, 9]) )
            )
          )
          ( Nucleus (leaf: 9) (text: ) (vein: [0, 1, 4, 5, 6, 9]) )
        )
      )
    )
    ( Sattelite (span: 10 97)
      ( Nucleus (span: 10 17)
        ( Nucleus (leaf: 10) (text: ) (vein: [0, 1, 4, 6, 9, 10, 11, 13, 14, 15]) )
        ( Nucleus (span: 11 17)
          ( Nucleus (span: 11 12)
            ( Nucleus (leaf: 11) (text: ) (vein: [0, 1, 4, 6, 9, 10, 11, 13, 14, 15]) )
            ( Sattelite (leaf: 12) (text: ) (vein: [0, 1, 4, 6, 9, 10, 11, 12, 13, 14, 15]) )
          )
          ( Nucleus (span: 13 17)
            ( Nucleus (span: 13 14)
              ( Nucleus (leaf: 13) (text: ) (vein: [0, 1, 4, 6, 9, 10, 11, 13, 14, 15]) )
              ( Nucleus (leaf: 14) (text: ) (vein: [0, 1, 4, 6, 9, 10, 11, 13, 14, 15]) )
            )
            ( Nucleus (span: 15 17)
              ( Nucleus (leaf: 15) (text: ) (vein: [0, 1, 4, 6, 9, 10, 11, 13, 14, 15]) )
              ( Sattelite (span: 16 17)
                ( Nucleus (leaf: 16) (text: ) (vein: [0, 1, 4, 6, 9, 10, 11, 13, 14, 15, 16]) )
                ( Sattelite (leaf: 17) (text: ) (vein: [0, 1, 4, 6, 9, 10, 11, 13, 14, 15, 16, 17]) )
              )
            )
          )
        )
      )
      ( Sattelite (span: 18 97)
        ( Nucleus (span: 18 19)
          ( Nucleus (leaf: 18) (text: ) (vein: [0, 1, 4, 6, 9, 10, 11, 13, 14, 15, 18]) )
          ( Sattelite (leaf: 19) (text: ) (vein: [0, 1, 4, 6, 9, 10, 11, 13, 14, 15, 18, 19]) )
        )
        ( Sattelite (span: 20 97)
          ( Nucleus (span: 20 25)
            ( Nucleus (leaf: 20) (text: ) (vein: [0, 1, 4, 6, 9, 10, 11, 13, 14, 15, 18, 20]) )
            ( Sattelite (span: 21 25)
              ( Nucleus (span: 21 22)
                ( Nucleus (leaf: 21) (text: ) (vein: [0, 1, 4, 6, 9, 10, 11, 13, 14, 15, 18, 20, 21]) )
                ( Sattelite (leaf: 22) (text: ) (vein: [0, 1, 4, 6, 9, 10, 11, 13, 14, 15, 18, 20, 21, 22]) )
              )
              ( Sattelite (span: 23 25)
                ( Nucleus (leaf: 23) (text: ) (vein: [0, 1, 4, 6, 9, 10, 11, 13, 14, 15, 18, 20, 21, 23, 24]) )
                ( Nucleus (span: 24 25)
                  ( Nucleus (leaf: 24) (text: ) (vein: [0, 1, 4, 6, 9, 10, 11, 13, 14, 15, 18, 20, 21, 23, 24]) )
                  ( Sattelite (leaf: 25) (text: ) (vein: [0, 1, 4, 6, 9, 10, 11, 13, 14, 15, 18, 20, 21, 23, 24, 25]) )
                )
              )
            )
          )
          ( Sattelite (span: 26 97)
            ( Nucleus (span: 26 27)
              ( Nucleus (leaf: 26) (text: ) (vein: [0, 1, 4, 6, 9, 10, 11, 13, 14, 15, 18, 20, 26]) )
              ( Sattelite (leaf: 27) (text: ) (vein: [0, 1, 4, 6, 9, 10, 11, 13, 14, 15, 18, 20, 26, 27]) )
            )
            ( Sattelite (span: 28 97)
              ( Nucleus (span: 28 30)
                ( Nucleus (leaf: 28) (text: ) (vein: [0, 1, 4, 6, 9, 10, 11, 13, 14, 15, 18, 20, 26, 28]) )
                ( Sattelite (span: 29 30)
                  ( Nucleus (leaf: 29) (text: ) (vein: [0, 1, 4, 6, 9, 10, 11, 13, 14, 15, 18, 20, 26, 28, 29]) )
                  ( Sattelite (leaf: 30) (text: ) (vein: [0, 1, 4, 6, 9, 10, 11, 13, 14, 15, 18, 20, 26, 28, 29, 30]) )
                )
              )
              ( Sattelite (span: 31 97)
                ( Nucleus (span: 31 32)
                  ( Nucleus (leaf: 31) (text: ) (vein: [0, 1, 4, 6, 9, 10, 11, 13, 14, 15, 18, 20, 26, 28, 31]) )
                  ( Sattelite (leaf: 32) (text: ) (vein: [0, 1, 4, 6, 9, 10, 11, 13, 14, 15, 18, 20, 26, 28, 31, 32]) )
                )
                ( Sattelite (span: 33 97)
                  ( Nucleus (leaf: 33) (text: ) (vein: [0, 1, 4, 6, 9, 10, 11, 13, 14, 15, 18, 20, 26, 28, 31, 33]) )
                  ( Sattelite (span: 34 97)
                    ( Nucleus (span: 34 42)
                      ( Nucleus (span: 34 35)
                        ( Nucleus (leaf: 34) (text: ) (vein: [0, 1, 4, 6, 9, 10, 11, 13, 14, 15, 18, 20, 26, 28, 31, 33, 34, 35, 38, 39, 40]) )
                        ( Nucleus (leaf: 35) (text: ) (vein: [0, 1, 4, 6, 9, 10, 11, 13, 14, 15, 18, 20, 26, 28, 31, 33, 34, 35, 38, 39, 40]) )
                      )
                      ( Nucleus (span: 36 42)
                        ( Sattelite (span: 36 37)
                          ( Nucleus (leaf: 36) (text: ) (vein: [0, 1, 4, 6, 9, 10, 11, 13, 14, 15, 18, 20, 26, 28, 31, 33, 34, 35, 36, 38, 39, 40]) )
                          ( Sattelite (leaf: 37) (text: ) (vein: [0, 1, 4, 6, 9, 10, 11, 13, 14, 15, 18, 20, 26, 28, 31, 33, 34, 35, 36, 37, 38, 39, 40]) )
                        )
                        ( Nucleus (span: 38 42)
                          ( Nucleus (span: 38 41)
                            ( Nucleus (leaf: 38) (text: ) (vein: [0, 1, 4, 6, 9, 10, 11, 13, 14, 15, 18, 20, 26, 28, 31, 33, 34, 35, 36, 38, 39, 40]) )
                            ( Nucleus (span: 39 41)
                              ( Nucleus (leaf: 39) (text: ) (vein: [0, 1, 4, 6, 9, 10, 11, 13, 14, 15, 18, 20, 26, 28, 31, 33, 34, 35, 36, 38, 39, 40]) )
                              ( Nucleus (span: 40 41)
                                ( Nucleus (leaf: 40) (text: ) (vein: [0, 1, 4, 6, 9, 10, 11, 13, 14, 15, 18, 20, 26, 28, 31, 33, 34, 35, 36, 38, 39, 40]) )
                                ( Sattelite (leaf: 41) (text: ) (vein: [0, 1, 4, 6, 9, 10, 11, 13, 14, 15, 18, 20, 26, 28, 31, 33, 34, 35, 38, 39, 40, 41]) )
                              )
                            )
                          )
                          ( Sattelite (leaf: 42) (text: ) (vein: [0, 1, 4, 6, 9, 10, 11, 13, 14, 15, 18, 20, 26, 28, 31, 33, 34, 35, 38, 39, 40, 42]) )
                        )
                      )
                    )
                    ( Sattelite (span: 43 97)
                      ( Nucleus (span: 43 46)
                        ( Nucleus (span: 43 44)
                          ( Sattelite (leaf: 43) (text: ) (vein: [0, 1, 4, 6, 9, 10, 11, 13, 14, 15, 18, 20, 26, 28, 31, 33, 34, 35, 38, 39, 40, 43, 44, 45]) )
                          ( Nucleus (leaf: 44) (text: ) (vein: [0, 1, 4, 6, 9, 10, 11, 13, 14, 15, 18, 20, 26, 28, 31, 33, 34, 35, 38, 39, 40, 43, 44, 45]) )
                        )
                        ( Nucleus (span: 45 46)
                          ( Nucleus (leaf: 45) (text: ) (vein: [0, 1, 4, 6, 9, 10, 11, 13, 14, 15, 18, 20, 26, 28, 31, 33, 34, 35, 38, 39, 40, 44, 45]) )
                          ( Sattelite (leaf: 46) (text: ) (vein: [0, 1, 4, 6, 9, 10, 11, 13, 14, 15, 18, 20, 26, 28, 31, 33, 34, 35, 38, 39, 40, 44, 45, 46]) )
                        )
                      )
                      ( Sattelite (span: 47 97)
                        ( Nucleus (span: 47 58)
                          ( Nucleus (span: 47 48)
                            ( Nucleus (leaf: 47) (text: ) (vein: [0, 1, 4, 6, 9, 10, 11, 13, 14, 15, 18, 20, 26, 28, 31, 33, 34, 35, 38, 39, 40, 44, 45, 47, 48, 55]) )
                            ( Nucleus (leaf: 48) (text: ) (vein: [0, 1, 4, 6, 9, 10, 11, 13, 14, 15, 18, 20, 26, 28, 31, 33, 34, 35, 38, 39, 40, 44, 45, 47, 48, 55]) )
                          )
                          ( Nucleus (span: 49 58)
                            ( Sattelite (span: 49 52)
                              ( Nucleus (leaf: 49) (text: ) (vein: [0, 1, 4, 6, 9, 10, 11, 13, 14, 15, 18, 20, 26, 28, 31, 33, 34, 35, 38, 39, 40, 44, 45, 47, 48, 49, 55]) )
                              ( Sattelite (span: 50 52)
                                ( Nucleus (leaf: 50) (text: ) (vein: [0, 1, 4, 6, 9, 10, 11, 13, 14, 15, 18, 20, 26, 28, 31, 33, 34, 35, 38, 39, 40, 44, 45, 47, 48, 49, 50, 51, 55]) )
                                ( Nucleus (span: 51 52)
                                  ( Nucleus (leaf: 51) (text: ) (vein: [0, 1, 4, 6, 9, 10, 11, 13, 14, 15, 18, 20, 26, 28, 31, 33, 34, 35, 38, 39, 40, 44, 45, 47, 48, 49, 50, 51, 55]) )
                                  ( Sattelite (leaf: 52) (text: ) (vein: [0, 1, 4, 6, 9, 10, 11, 13, 14, 15, 18, 20, 26, 28, 31, 33, 34, 35, 38, 39, 40, 44, 45, 47, 48, 49, 50, 51, 52, 55]) )
                                )
                              )
                            )
                            ( Nucleus (span: 53 58)
                              ( Nucleus (span: 53 55)
                                ( Sattelite (leaf: 53) (text: ) (vein: [0, 1, 4, 6, 9, 10, 11, 13, 14, 15, 18, 20, 26, 28, 31, 33, 34, 35, 38, 39, 40, 44, 45, 47, 48, 49, 53, 55]) )
                                ( Nucleus (span: 54 55)
                                  ( Sattelite (leaf: 54) (text: ) (vein: [0, 1, 4, 6, 9, 10, 11, 13, 14, 15, 18, 20, 26, 28, 31, 33, 34, 35, 38, 39, 40, 44, 45, 47, 48, 49, 53, 54, 55]) )
                                  ( Nucleus (leaf: 55) (text: ) (vein: [0, 1, 4, 6, 9, 10, 11, 13, 14, 15, 18, 20, 26, 28, 31, 33, 34, 35, 38, 39, 40, 44, 45, 47, 48, 49, 53, 54, 55]) )
                                )
                              )
                              ( Sattelite (span: 56 58)
                                ( Nucleus (leaf: 56) (text: ) (vein: [0, 1, 4, 6, 9, 10, 11, 13, 14, 15, 18, 20, 26, 28, 31, 33, 34, 35, 38, 39, 40, 44, 45, 47, 48, 55, 56]) )
                                ( Sattelite (span: 57 58)
                                  ( Nucleus (leaf: 57) (text: ) (vein: [0, 1, 4, 6, 9, 10, 11, 13, 14, 15, 18, 20, 26, 28, 31, 33, 34, 35, 38, 39, 40, 44, 45, 47, 48, 55, 56, 57, 58]) )
                                  ( Nucleus (leaf: 58) (text: ) (vein: [0, 1, 4, 6, 9, 10, 11, 13, 14, 15, 18, 20, 26, 28, 31, 33, 34, 35, 38, 39, 40, 44, 45, 47, 48, 55, 56, 57, 58]) )
                                )
                              )
                            )
                          )
                        )
                        ( Sattelite (span: 59 97)
                          ( Nucleus (span: 59 61)
                            ( Nucleus (leaf: 59) (text: ) (vein: [0, 1, 4, 6, 9, 10, 11, 13, 14, 15, 18, 20, 26, 28, 31, 33, 34, 35, 38, 39, 40, 44, 45, 47, 48, 55, 59]) )
                            ( Sattelite (span: 60 61)
                              ( Nucleus (leaf: 60) (text: ) (vein: [0, 1, 4, 6, 9, 10, 11, 13, 14, 15, 18, 20, 26, 28, 31, 33, 34, 35, 38, 39, 40, 44, 45, 47, 48, 55, 59, 60]) )
                              ( Sattelite (leaf: 61) (text: ) (vein: [0, 1, 4, 6, 9, 10, 11, 13, 14, 15, 18, 20, 26, 28, 31, 33, 34, 35, 38, 39, 40, 44, 45, 47, 48, 55, 59, 60, 61]) )
                            )
                          )
                          ( Sattelite (span: 62 97)
                            ( Nucleus (span: 62 72)
                              ( Sattelite (span: 62 63)
                                ( Nucleus (leaf: 62) (text: ) (vein: [0, 1, 4, 6, 9, 10, 11, 13, 14, 15, 18, 20, 26, 28, 31, 33, 34, 35, 38, 39, 40, 44, 45, 47, 48, 55, 59, 62, 64, 65]) )
                                ( Sattelite (leaf: 63) (text: ) (vein: [0, 1, 4, 6, 9, 10, 11, 13, 14, 15, 18, 20, 26, 28, 31, 33, 34, 35, 38, 39, 40, 44, 45, 47, 48, 55, 59, 62, 63, 64, 65]) )
                              )
                              ( Nucleus (span: 64 72)
                                ( Nucleus (span: 64 66)
                                  ( Nucleus (leaf: 64) (text: ) (vein: [0, 1, 4, 6, 9, 10, 11, 13, 14, 15, 18, 20, 26, 28, 31, 33, 34, 35, 38, 39, 40, 44, 45, 47, 48, 55, 59, 62, 64, 65]) )
                                  ( Nucleus (span: 65 66)
                                    ( Nucleus (leaf: 65) (text: ) (vein: [0, 1, 4, 6, 9, 10, 11, 13, 14, 15, 18, 20, 26, 28, 31, 33, 34, 35, 38, 39, 40, 44, 45, 47, 48, 55, 59, 62, 64, 65]) )
                                    ( Sattelite (leaf: 66) (text: ) (vein: [0, 1, 4, 6, 9, 10, 11, 13, 14, 15, 18, 20, 26, 28, 31, 33, 34, 35, 38, 39, 40, 44, 45, 47, 48, 55, 59, 64, 65, 66]) )
                                  )
                                )
                                ( Sattelite (span: 67 72)
                                  ( Nucleus (span: 67 71)
                                    ( Nucleus (leaf: 67) (text: ) (vein: [0, 1, 4, 6, 9, 10, 11, 13, 14, 15, 18, 20, 26, 28, 31, 33, 34, 35, 38, 39, 40, 44, 45, 47, 48, 55, 59, 64, 65, 67]) )
                                    ( Sattelite (span: 68 71)
                                      ( Nucleus (leaf: 68) (text: ) (vein: [0, 1, 4, 6, 9, 10, 11, 13, 14, 15, 18, 20, 26, 28, 31, 33, 34, 35, 38, 39, 40, 44, 45, 47, 48, 55, 59, 64, 65, 67, 68]) )
                                      ( Sattelite (span: 69 71)
                                        ( Nucleus (span: 69 70)
                                          ( Nucleus (leaf: 69) (text: ) (vein: [0, 1, 4, 6, 9, 10, 11, 13, 14, 15, 18, 20, 26, 28, 31, 33, 34, 35, 38, 39, 40, 44, 45, 47, 48, 55, 59, 64, 65, 67, 68, 69, 71]) )
                                          ( Sattelite (leaf: 70) (text: ) (vein: [0, 1, 4, 6, 9, 10, 11, 13, 14, 15, 18, 20, 26, 28, 31, 33, 34, 35, 38, 39, 40, 44, 45, 47, 48, 55, 59, 64, 65, 67, 68, 69, 70, 71]) )
                                        )
                                        ( Nucleus (leaf: 71) (text: ) (vein: [0, 1, 4, 6, 9, 10, 11, 13, 14, 15, 18, 20, 26, 28, 31, 33, 34, 35, 38, 39, 40, 44, 45, 47, 48, 55, 59, 64, 65, 67, 68, 69, 71]) )
                                      )
                                    )
                                  )
                                  ( Sattelite (leaf: 72) (text: ) (vein: [0, 1, 4, 6, 9, 10, 11, 13, 14, 15, 18, 20, 26, 28, 31, 33, 34, 35, 38, 39, 40, 44, 45, 47, 48, 55, 59, 64, 65, 67, 72]) )
                                )
                              )
                            )
                            ( Sattelite (span: 73 97)
                              ( Nucleus (span: 73 85)
                                ( Sattelite (leaf: 73) (text: ) (vein: [0, 1, 4, 6, 9, 10, 11, 13, 14, 15, 18, 20, 26, 28, 31, 33, 34, 35, 38, 39, 40, 44, 45, 47, 48, 55, 59, 64, 65, 73, 75, 82]) )
                                ( Nucleus (span: 74 85)
                                  ( Nucleus (span: 74 79)
                                    ( Nucleus (span: 74 76)
                                      ( Sattelite (leaf: 74) (text: ) (vein: [0, 1, 4, 6, 9, 10, 11, 13, 14, 15, 18, 20, 26, 28, 31, 33, 34, 35, 38, 39, 40, 44, 45, 47, 48, 55, 59, 64, 65, 73, 74, 75, 82]) )
                                      ( Nucleus (span: 75 76)
                                        ( Nucleus (leaf: 75) (text: ) (vein: [0, 1, 4, 6, 9, 10, 11, 13, 14, 15, 18, 20, 26, 28, 31, 33, 34, 35, 38, 39, 40, 44, 45, 47, 48, 55, 59, 64, 65, 73, 74, 75, 82]) )
                                        ( Sattelite (leaf: 76) (text: ) (vein: [0, 1, 4, 6, 9, 10, 11, 13, 14, 15, 18, 20, 26, 28, 31, 33, 34, 35, 38, 39, 40, 44, 45, 47, 48, 55, 59, 64, 65, 75, 76, 82]) )
                                      )
                                    )
                                    ( Sattelite (span: 77 79)
                                      ( Nucleus (span: 77 78)
                                        ( Nucleus (leaf: 77) (text: ) (vein: [0, 1, 4, 6, 9, 10, 11, 13, 14, 15, 18, 20, 26, 28, 31, 33, 34, 35, 38, 39, 40, 44, 45, 47, 48, 55, 59, 64, 65, 75, 77, 82]) )
                                        ( Sattelite (leaf: 78) (text: ) (vein: [0, 1, 4, 6, 9, 10, 11, 13, 14, 15, 18, 20, 26, 28, 31, 33, 34, 35, 38, 39, 40, 44, 45, 47, 48, 55, 59, 64, 65, 75, 77, 78, 82]) )
                                      )
                                      ( Sattelite (leaf: 79) (text: ) (vein: [0, 1, 4, 6, 9, 10, 11, 13, 14, 15, 18, 20, 26, 28, 31, 33, 34, 35, 38, 39, 40, 44, 45, 47, 48, 55, 59, 64, 65, 75, 77, 79, 82]) )
                                    )
                                  )
                                  ( Nucleus (span: 80 85)
                                    ( Nucleus (span: 80 82)
                                      ( Sattelite (leaf: 80) (text: ) (vein: [0, 1, 4, 6, 9, 10, 11, 13, 14, 15, 18, 20, 26, 28, 31, 33, 34, 35, 38, 39, 40, 44, 45, 47, 48, 55, 59, 64, 65, 73, 75, 80, 82]) )
                                      ( Nucleus (span: 81 82)
                                        ( Sattelite (leaf: 81) (text: ) (vein: [0, 1, 4, 6, 9, 10, 11, 13, 14, 15, 18, 20, 26, 28, 31, 33, 34, 35, 38, 39, 40, 44, 45, 47, 48, 55, 59, 64, 65, 73, 75, 80, 81, 82]) )
                                        ( Nucleus (leaf: 82) (text: ) (vein: [0, 1, 4, 6, 9, 10, 11, 13, 14, 15, 18, 20, 26, 28, 31, 33, 34, 35, 38, 39, 40, 44, 45, 47, 48, 55, 59, 64, 65, 73, 75, 80, 81, 82]) )
                                      )
                                    )
                                    ( Sattelite (span: 83 85)
                                      ( Nucleus (leaf: 83) (text: ) (vein: [0, 1, 4, 6, 9, 10, 11, 13, 14, 15, 18, 20, 26, 28, 31, 33, 34, 35, 38, 39, 40, 44, 45, 47, 48, 55, 59, 64, 65, 75, 82, 83, 84]) )
                                      ( Nucleus (span: 84 85)
                                        ( Nucleus (leaf: 84) (text: ) (vein: [0, 1, 4, 6, 9, 10, 11, 13, 14, 15, 18, 20, 26, 28, 31, 33, 34, 35, 38, 39, 40, 44, 45, 47, 48, 55, 59, 64, 65, 75, 82, 83, 84]) )
                                        ( Sattelite (leaf: 85) (text: ) (vein: [0, 1, 4, 6, 9, 10, 11, 13, 14, 15, 18, 20, 26, 28, 31, 33, 34, 35, 38, 39, 40, 44, 45, 47, 48, 55, 59, 64, 65, 75, 82, 83, 84, 85]) )
                                      )
                                    )
                                  )
                                )
                              )
                              ( Sattelite (span: 86 97)
                                ( Nucleus (span: 86 90)
                                  ( Sattelite (leaf: 86) (text: ) (vein: [0, 1, 4, 6, 9, 10, 11, 13, 14, 15, 18, 20, 26, 28, 31, 33, 34, 35, 38, 39, 40, 44, 45, 47, 48, 55, 59, 64, 65, 75, 82, 86, 87]) )
                                  ( Nucleus (span: 87 90)
                                    ( Nucleus (leaf: 87) (text: ) (vein: [0, 1, 4, 6, 9, 10, 11, 13, 14, 15, 18, 20, 26, 28, 31, 33, 34, 35, 38, 39, 40, 44, 45, 47, 48, 55, 59, 64, 65, 75, 82, 86, 87]) )
                                    ( Sattelite (span: 88 90)
                                      ( Nucleus (leaf: 88) (text: ) (vein: [0, 1, 4, 6, 9, 10, 11, 13, 14, 15, 18, 20, 26, 28, 31, 33, 34, 35, 38, 39, 40, 44, 45, 47, 48, 55, 59, 64, 65, 75, 82, 87, 88, 89]) )
                                      ( Nucleus (span: 89 90)
                                        ( Nucleus (leaf: 89) (text: ) (vein: [0, 1, 4, 6, 9, 10, 11, 13, 14, 15, 18, 20, 26, 28, 31, 33, 34, 35, 38, 39, 40, 44, 45, 47, 48, 55, 59, 64, 65, 75, 82, 87, 88, 89]) )
                                        ( Sattelite (leaf: 90) (text: ) (vein: [0, 1, 4, 6, 9, 10, 11, 13, 14, 15, 18, 20, 26, 28, 31, 33, 34, 35, 38, 39, 40, 44, 45, 47, 48, 55, 59, 64, 65, 75, 82, 87, 88, 89, 90]) )
                                      )
                                    )
                                  )
                                )
                                ( Sattelite (span: 91 97)
                                  ( Nucleus (span: 91 93)
                                    ( Nucleus (leaf: 91) (text: UPDATE : ; I was alerted ) (vein: [0, 1, 4, 6, 9, 10, 11, 13, 14, 15, 18, 20, 26, 28, 31, 33, 34, 35, 38, 39, 40, 44, 45, 47, 48, 55, 59, 64, 65, 75, 82, 87, 91, 94]) )
                                    ( Sattelite (span: 92 93)
                                      ( Nucleus (leaf: 92) (text: by a friend of the existence further research of which I was unaware : ) (vein: [0, 1, 4, 6, 9, 10, 11, 13, 14, 15, 18, 20, 26, 28, 31, 33, 34, 35, 38, 39, 40, 44, 45, 47, 48, 55, 59, 64, 65, 75, 82, 87, 91, 92, 94]) )
                                      ( Sattelite (leaf: 93) (text: Another way to reset your sleep-wake cycle is to stop eating . ) (vein: [0, 1, 4, 6, 9, 10, 11, 13, 14, 15, 18, 20, 26, 28, 31, 33, 34, 35, 38, 39, 40, 44, 45, 47, 48, 55, 59, 64, 65, 75, 82, 87, 91, 92, 93, 94]) )
                                    )
                                  )
                                  ( Nucleus (span: 94 97)
                                    ( Nucleus (span: 94 95)
                                      ( Nucleus (leaf: 94) (text: If you fast for about 12 to 16 hours , your body clock will reset , ) (vein: [0, 1, 4, 6, 9, 10, 11, 13, 14, 15, 18, 20, 26, 28, 31, 33, 34, 35, 38, 39, 40, 44, 45, 47, 48, 55, 59, 64, 65, 75, 82, 87, 91, 94]) )
                                      ( Sattelite (leaf: 95) (text: with whatever time you break your fast as morning . ) (vein: [0, 1, 4, 6, 9, 10, 11, 13, 14, 15, 18, 20, 26, 28, 31, 33, 34, 35, 38, 39, 40, 44, 45, 47, 48, 55, 59, 64, 65, 75, 82, 87, 91, 94, 95]) )
                                    )
                                    ( Sattelite (span: 96 97)
                                      ( Nucleus (leaf: 96) (text: The Fuller , Lu , & Saper paper [ PDF ] , published in Science , discusses the mechanism , though a more recent paper argues ) (vein: [0, 1, 4, 6, 9, 10, 11, 13, 14, 15, 18, 20, 26, 28, 31, 33, 34, 35, 38, 39, 40, 44, 45, 47, 48, 55, 59, 64, 65, 75, 82, 87, 91, 94, 96]) )
                                      ( Sattelite (leaf: 97) (text: that the Fuller et al . results are inconclusive . ) (vein: [0, 1, 4, 6, 9, 10, 11, 13, 14, 15, 18, 20, 26, 28, 31, 33, 34, 35, 38, 39, 40, 44, 45, 47, 48, 55, 59, 64, 65, 75, 82, 87, 91, 94, 96, 97]) )
                                    )
                                  )
                                )
                              )
                            )
                          )
                        )
                      )
                    )
                  )
                )
              )
            )
          )
        )
      )
    )
  )
)

