( Root (0 92 )
  ( Nucleus (leaf: 0) (text: ) (vein: [0, 1, 2, 7, 8]) )
  ( Nucleus (span: 1 92)
    ( Nucleus (span: 1 10)
      ( Nucleus (span: 1 6)
        ( Nucleus (leaf: 1) (text: ) (vein: [0, 1, 2, 7, 8]) )
        ( Nucleus (span: 2 6)
          ( Nucleus (leaf: 2) (text: ) (vein: [0, 1, 2, 7, 8]) )
          ( Sattelite (span: 3 6)
            ( Nucleus (span: 3 4)
              ( Nucleus (leaf: 3) (text: ) (vein: [0, 1, 2, 3, 5, 6, 7, 8]) )
              ( Sattelite (leaf: 4) (text: ) (vein: [0, 1, 2, 3, 4, 5, 6, 7, 8]) )
            )
            ( Nucleus (span: 5 6)
              ( Nucleus (leaf: 5) (text: ) (vein: [0, 1, 2, 3, 5, 6, 7, 8]) )
              ( Nucleus (leaf: 6) (text: ) (vein: [0, 1, 2, 3, 5, 6, 7, 8]) )
            )
          )
        )
      )
      ( Nucleus (span: 7 10)
        ( Nucleus (leaf: 7) (text: ) (vein: [0, 1, 2, 7, 8]) )
        ( Nucleus (span: 8 10)
          ( Nucleus (leaf: 8) (text: ) (vein: [0, 1, 2, 7, 8]) )
          ( Sattelite (span: 9 10)
            ( Nucleus (leaf: 9) (text: ) (vein: [0, 1, 2, 7, 8, 9]) )
            ( Sattelite (leaf: 10) (text: ) (vein: [0, 1, 2, 7, 8, 9, 10]) )
          )
        )
      )
    )
    ( Sattelite (span: 11 92)
      ( Nucleus (leaf: 11) (text: ) (vein: [0, 1, 2, 7, 8, 11]) )
      ( Sattelite (span: 12 92)
        ( Nucleus (span: 12 16)
          ( Sattelite (span: 12 14)
            ( Nucleus (leaf: 12) (text: ) (vein: [0, 1, 2, 7, 8, 11, 12, 15, 16]) )
            ( Sattelite (span: 13 14)
              ( Nucleus (leaf: 13) (text: ) (vein: [0, 1, 2, 7, 8, 11, 12, 13, 14, 15, 16]) )
              ( Nucleus (leaf: 14) (text: ) (vein: [0, 1, 2, 7, 8, 11, 12, 13, 14, 15, 16]) )
            )
          )
          ( Nucleus (span: 15 16)
            ( Nucleus (leaf: 15) (text: ) (vein: [0, 1, 2, 7, 8, 11, 12, 15, 16]) )
            ( Nucleus (leaf: 16) (text: ) (vein: [0, 1, 2, 7, 8, 11, 12, 15, 16]) )
          )
        )
        ( Sattelite (span: 17 92)
          ( Nucleus (span: 17 29)
            ( Nucleus (leaf: 17) (text: ) (vein: [0, 1, 2, 7, 8, 11, 15, 16, 17, 18, 19, 20, 24, 25, 28, 29]) )
            ( Nucleus (span: 18 29)
              ( Nucleus (span: 18 21)
                ( Nucleus (leaf: 18) (text: ) (vein: [0, 1, 2, 7, 8, 11, 15, 16, 17, 18, 19, 20, 24, 25, 28, 29]) )
                ( Nucleus (span: 19 21)
                  ( Nucleus (leaf: 19) (text: ) (vein: [0, 1, 2, 7, 8, 11, 15, 16, 17, 18, 19, 20, 24, 25, 28, 29]) )
                  ( Nucleus (span: 20 21)
                    ( Nucleus (leaf: 20) (text: ) (vein: [0, 1, 2, 7, 8, 11, 15, 16, 17, 18, 19, 20, 24, 25, 28, 29]) )
                    ( Sattelite (leaf: 21) (text: ) (vein: [0, 1, 2, 7, 8, 11, 15, 16, 17, 18, 19, 20, 21, 24, 25, 28, 29]) )
                  )
                )
              )
              ( Nucleus (span: 22 29)
                ( Sattelite (span: 22 23)
                  ( Nucleus (leaf: 22) (text: ) (vein: [0, 1, 2, 7, 8, 11, 15, 16, 17, 18, 19, 20, 22, 24, 25, 28, 29]) )
                  ( Sattelite (leaf: 23) (text: ) (vein: [0, 1, 2, 7, 8, 11, 15, 16, 17, 18, 19, 20, 22, 23, 24, 25, 28, 29]) )
                )
                ( Nucleus (span: 24 29)
                  ( Nucleus (span: 24 27)
                    ( Nucleus (span: 24 25)
                      ( Nucleus (leaf: 24) (text: ) (vein: [0, 1, 2, 7, 8, 11, 15, 16, 17, 18, 19, 20, 22, 24, 25, 28, 29]) )
                      ( Nucleus (leaf: 25) (text: ) (vein: [0, 1, 2, 7, 8, 11, 15, 16, 17, 18, 19, 20, 22, 24, 25, 28, 29]) )
                    )
                    ( Sattelite (span: 26 27)
                      ( Nucleus (leaf: 26) (text: ) (vein: [0, 1, 2, 7, 8, 11, 15, 16, 17, 18, 19, 20, 24, 25, 26, 28, 29]) )
                      ( Sattelite (leaf: 27) (text: ) (vein: [0, 1, 2, 7, 8, 11, 15, 16, 17, 18, 19, 20, 24, 25, 26, 27, 28, 29]) )
                    )
                  )
                  ( Nucleus (span: 28 29)
                    ( Nucleus (leaf: 28) (text: ) (vein: [0, 1, 2, 7, 8, 11, 15, 16, 17, 18, 19, 20, 22, 24, 25, 28, 29]) )
                    ( Nucleus (leaf: 29) (text: ) (vein: [0, 1, 2, 7, 8, 11, 15, 16, 17, 18, 19, 20, 22, 24, 25, 28, 29]) )
                  )
                )
              )
            )
          )
          ( Sattelite (span: 30 92)
            ( Nucleus (span: 30 36)
              ( Nucleus (span: 30 31)
                ( Sattelite (leaf: 30) (text: ) (vein: [0, 1, 2, 7, 8, 11, 15, 16, 17, 18, 19, 20, 24, 25, 28, 29, 30, 31]) )
                ( Nucleus (leaf: 31) (text: ) (vein: [0, 1, 2, 7, 8, 11, 15, 16, 17, 18, 19, 20, 24, 25, 28, 29, 30, 31]) )
              )
              ( Sattelite (span: 32 36)
                ( Nucleus (leaf: 32) (text: ) (vein: [0, 1, 2, 7, 8, 11, 15, 16, 17, 18, 19, 20, 24, 25, 28, 29, 31, 32]) )
                ( Sattelite (span: 33 36)
                  ( Nucleus (leaf: 33) (text: ) (vein: [0, 1, 2, 7, 8, 11, 15, 16, 17, 18, 19, 20, 24, 25, 28, 29, 31, 32, 33, 34]) )
                  ( Nucleus (span: 34 36)
                    ( Nucleus (leaf: 34) (text: ) (vein: [0, 1, 2, 7, 8, 11, 15, 16, 17, 18, 19, 20, 24, 25, 28, 29, 31, 32, 33, 34]) )
                    ( Sattelite (span: 35 36)
                      ( Nucleus (leaf: 35) (text: ) (vein: [0, 1, 2, 7, 8, 11, 15, 16, 17, 18, 19, 20, 24, 25, 28, 29, 31, 32, 33, 34, 35, 36]) )
                      ( Nucleus (leaf: 36) (text: ) (vein: [0, 1, 2, 7, 8, 11, 15, 16, 17, 18, 19, 20, 24, 25, 28, 29, 31, 32, 33, 34, 35, 36]) )
                    )
                  )
                )
              )
            )
            ( Sattelite (span: 37 92)
              ( Nucleus (leaf: 37) (text: ) (vein: [0, 1, 2, 7, 8, 11, 15, 16, 17, 18, 19, 20, 24, 25, 28, 29, 31, 37]) )
              ( Sattelite (span: 38 92)
                ( Nucleus (span: 38 41)
                  ( Nucleus (leaf: 38) (text: ) (vein: [0, 1, 2, 7, 8, 11, 15, 16, 17, 18, 19, 20, 24, 25, 28, 29, 31, 37, 38, 40]) )
                  ( Nucleus (span: 39 41)
                    ( Sattelite (leaf: 39) (text: ) (vein: [0, 1, 2, 7, 8, 11, 15, 16, 17, 18, 19, 20, 24, 25, 28, 29, 31, 37, 38, 39, 40]) )
                    ( Nucleus (span: 40 41)
                      ( Nucleus (leaf: 40) (text: ) (vein: [0, 1, 2, 7, 8, 11, 15, 16, 17, 18, 19, 20, 24, 25, 28, 29, 31, 37, 38, 39, 40]) )
                      ( Sattelite (leaf: 41) (text: ) (vein: [0, 1, 2, 7, 8, 11, 15, 16, 17, 18, 19, 20, 24, 25, 28, 29, 31, 37, 38, 40, 41]) )
                    )
                  )
                )
                ( Sattelite (span: 42 92)
                  ( Nucleus (span: 42 54)
                    ( Nucleus (span: 42 43)
                      ( Nucleus (leaf: 42) (text: ) (vein: [0, 1, 2, 7, 8, 11, 15, 16, 17, 18, 19, 20, 24, 25, 28, 29, 31, 37, 38, 40, 42, 43, 44]) )
                      ( Nucleus (leaf: 43) (text: ) (vein: [0, 1, 2, 7, 8, 11, 15, 16, 17, 18, 19, 20, 24, 25, 28, 29, 31, 37, 38, 40, 42, 43, 44]) )
                    )
                    ( Nucleus (span: 44 54)
                      ( Nucleus (span: 44 46)
                        ( Nucleus (leaf: 44) (text: ) (vein: [0, 1, 2, 7, 8, 11, 15, 16, 17, 18, 19, 20, 24, 25, 28, 29, 31, 37, 38, 40, 42, 43, 44]) )
                        ( Sattelite (span: 45 46)
                          ( Nucleus (leaf: 45) (text: ) (vein: [0, 1, 2, 7, 8, 11, 15, 16, 17, 18, 19, 20, 24, 25, 28, 29, 31, 37, 38, 40, 42, 43, 44, 45, 46]) )
                          ( Nucleus (leaf: 46) (text: ) (vein: [0, 1, 2, 7, 8, 11, 15, 16, 17, 18, 19, 20, 24, 25, 28, 29, 31, 37, 38, 40, 42, 43, 44, 45, 46]) )
                        )
                      )
                      ( Sattelite (span: 47 54)
                        ( Nucleus (span: 47 50)
                          ( Nucleus (span: 47 49)
                            ( Nucleus (span: 47 48)
                              ( Nucleus (leaf: 47) (text: ) (vein: [0, 1, 2, 7, 8, 11, 15, 16, 17, 18, 19, 20, 24, 25, 28, 29, 31, 37, 38, 40, 42, 43, 44, 47]) )
                              ( Sattelite (leaf: 48) (text: ) (vein: [0, 1, 2, 7, 8, 11, 15, 16, 17, 18, 19, 20, 24, 25, 28, 29, 31, 37, 38, 40, 42, 43, 44, 47, 48]) )
                            )
                            ( Sattelite (leaf: 49) (text: ) (vein: [0, 1, 2, 7, 8, 11, 15, 16, 17, 18, 19, 20, 24, 25, 28, 29, 31, 37, 38, 40, 42, 43, 44, 47, 49]) )
                          )
                          ( Sattelite (leaf: 50) (text: ) (vein: [0, 1, 2, 7, 8, 11, 15, 16, 17, 18, 19, 20, 24, 25, 28, 29, 31, 37, 38, 40, 42, 43, 44, 47, 50]) )
                        )
                        ( Sattelite (span: 51 54)
                          ( Nucleus (leaf: 51) (text: ) (vein: [0, 1, 2, 7, 8, 11, 15, 16, 17, 18, 19, 20, 24, 25, 28, 29, 31, 37, 38, 40, 42, 43, 44, 47, 51]) )
                          ( Sattelite (span: 52 54)
                            ( Nucleus (span: 52 53)
                              ( Nucleus (leaf: 52) (text: ) (vein: [0, 1, 2, 7, 8, 11, 15, 16, 17, 18, 19, 20, 24, 25, 28, 29, 31, 37, 38, 40, 42, 43, 44, 47, 51, 52]) )
                              ( Sattelite (leaf: 53) (text: ) (vein: [0, 1, 2, 7, 8, 11, 15, 16, 17, 18, 19, 20, 24, 25, 28, 29, 31, 37, 38, 40, 42, 43, 44, 47, 51, 52, 53]) )
                            )
                            ( Sattelite (leaf: 54) (text: ) (vein: [0, 1, 2, 7, 8, 11, 15, 16, 17, 18, 19, 20, 24, 25, 28, 29, 31, 37, 38, 40, 42, 43, 44, 47, 51, 52, 54]) )
                          )
                        )
                      )
                    )
                  )
                  ( Sattelite (span: 55 92)
                    ( Nucleus (span: 55 64)
                      ( Nucleus (span: 55 56)
                        ( Nucleus (leaf: 55) (text: ) (vein: [0, 1, 2, 7, 8, 11, 15, 16, 17, 18, 19, 20, 24, 25, 28, 29, 31, 37, 38, 40, 42, 43, 44, 55, 57, 60, 61, 62, 63]) )
                        ( Sattelite (leaf: 56) (text: ) (vein: [0, 1, 2, 7, 8, 11, 15, 16, 17, 18, 19, 20, 24, 25, 28, 29, 31, 37, 38, 40, 42, 43, 44, 55, 56, 57, 60, 61, 62, 63]) )
                      )
                      ( Nucleus (span: 57 64)
                        ( Nucleus (leaf: 57) (text: ) (vein: [0, 1, 2, 7, 8, 11, 15, 16, 17, 18, 19, 20, 24, 25, 28, 29, 31, 37, 38, 40, 42, 43, 44, 55, 57, 60, 61, 62, 63]) )
                        ( Nucleus (span: 58 64)
                          ( Nucleus (span: 58 62)
                            ( Sattelite (span: 58 59)
                              ( Nucleus (leaf: 58) (text: ) (vein: [0, 1, 2, 7, 8, 11, 15, 16, 17, 18, 19, 20, 24, 25, 28, 29, 31, 37, 38, 40, 42, 43, 44, 55, 57, 58, 60, 61, 62, 63]) )
                              ( Sattelite (leaf: 59) (text: ) (vein: [0, 1, 2, 7, 8, 11, 15, 16, 17, 18, 19, 20, 24, 25, 28, 29, 31, 37, 38, 40, 42, 43, 44, 55, 57, 58, 59, 60, 61, 62, 63]) )
                            )
                            ( Nucleus (span: 60 62)
                              ( Nucleus (leaf: 60) (text: ) (vein: [0, 1, 2, 7, 8, 11, 15, 16, 17, 18, 19, 20, 24, 25, 28, 29, 31, 37, 38, 40, 42, 43, 44, 55, 57, 58, 60, 61, 62, 63]) )
                              ( Nucleus (span: 61 62)
                                ( Nucleus (leaf: 61) (text: ) (vein: [0, 1, 2, 7, 8, 11, 15, 16, 17, 18, 19, 20, 24, 25, 28, 29, 31, 37, 38, 40, 42, 43, 44, 55, 57, 58, 60, 61, 62, 63]) )
                                ( Nucleus (leaf: 62) (text: ) (vein: [0, 1, 2, 7, 8, 11, 15, 16, 17, 18, 19, 20, 24, 25, 28, 29, 31, 37, 38, 40, 42, 43, 44, 55, 57, 58, 60, 61, 62, 63]) )
                              )
                            )
                          )
                          ( Nucleus (span: 63 64)
                            ( Nucleus (leaf: 63) (text: ) (vein: [0, 1, 2, 7, 8, 11, 15, 16, 17, 18, 19, 20, 24, 25, 28, 29, 31, 37, 38, 40, 42, 43, 44, 55, 57, 60, 61, 62, 63]) )
                            ( Sattelite (leaf: 64) (text: ) (vein: [0, 1, 2, 7, 8, 11, 15, 16, 17, 18, 19, 20, 24, 25, 28, 29, 31, 37, 38, 40, 42, 43, 44, 55, 57, 60, 61, 62, 63, 64]) )
                          )
                        )
                      )
                    )
                    ( Sattelite (span: 65 92)
                      ( Nucleus (leaf: 65) (text: ) (vein: [0, 1, 2, 7, 8, 11, 15, 16, 17, 18, 19, 20, 24, 25, 28, 29, 31, 37, 38, 40, 42, 43, 44, 55, 57, 60, 61, 62, 63, 65]) )
                      ( Sattelite (span: 66 92)
                        ( Nucleus (span: 66 74)
                          ( Nucleus (span: 66 67)
                            ( Nucleus (leaf: 66) (text: ) (vein: [0, 1, 2, 7, 8, 11, 15, 16, 17, 18, 19, 20, 24, 25, 28, 29, 31, 37, 38, 40, 42, 43, 44, 55, 57, 60, 61, 62, 63, 65, 66, 67]) )
                            ( Nucleus (leaf: 67) (text: ) (vein: [0, 1, 2, 7, 8, 11, 15, 16, 17, 18, 19, 20, 24, 25, 28, 29, 31, 37, 38, 40, 42, 43, 44, 55, 57, 60, 61, 62, 63, 65, 66, 67]) )
                          )
                          ( Sattelite (span: 68 74)
                            ( Nucleus (span: 68 73)
                              ( Nucleus (leaf: 68) (text: ) (vein: [0, 1, 2, 7, 8, 11, 15, 16, 17, 18, 19, 20, 24, 25, 28, 29, 31, 37, 38, 40, 42, 43, 44, 55, 57, 60, 61, 62, 63, 65, 66, 67, 68]) )
                              ( Sattelite (span: 69 73)
                                ( Nucleus (leaf: 69) (text: ) (vein: [0, 1, 2, 7, 8, 11, 15, 16, 17, 18, 19, 20, 24, 25, 28, 29, 31, 37, 38, 40, 42, 43, 44, 55, 57, 60, 61, 62, 63, 65, 66, 67, 68, 69, 70, 71]) )
                                ( Nucleus (span: 70 73)
                                  ( Nucleus (leaf: 70) (text: ) (vein: [0, 1, 2, 7, 8, 11, 15, 16, 17, 18, 19, 20, 24, 25, 28, 29, 31, 37, 38, 40, 42, 43, 44, 55, 57, 60, 61, 62, 63, 65, 66, 67, 68, 69, 70, 71]) )
                                  ( Nucleus (span: 71 73)
                                    ( Nucleus (leaf: 71) (text: ) (vein: [0, 1, 2, 7, 8, 11, 15, 16, 17, 18, 19, 20, 24, 25, 28, 29, 31, 37, 38, 40, 42, 43, 44, 55, 57, 60, 61, 62, 63, 65, 66, 67, 68, 69, 70, 71]) )
                                    ( Sattelite (span: 72 73)
                                      ( Nucleus (leaf: 72) (text: ) (vein: [0, 1, 2, 7, 8, 11, 15, 16, 17, 18, 19, 20, 24, 25, 28, 29, 31, 37, 38, 40, 42, 43, 44, 55, 57, 60, 61, 62, 63, 65, 66, 67, 68, 69, 70, 71, 72]) )
                                      ( Sattelite (leaf: 73) (text: ) (vein: [0, 1, 2, 7, 8, 11, 15, 16, 17, 18, 19, 20, 24, 25, 28, 29, 31, 37, 38, 40, 42, 43, 44, 55, 57, 60, 61, 62, 63, 65, 66, 67, 68, 69, 70, 71, 72, 73]) )
                                    )
                                  )
                                )
                              )
                            )
                            ( Sattelite (leaf: 74) (text: ) (vein: [0, 1, 2, 7, 8, 11, 15, 16, 17, 18, 19, 20, 24, 25, 28, 29, 31, 37, 38, 40, 42, 43, 44, 55, 57, 60, 61, 62, 63, 65, 66, 67, 68, 74]) )
                          )
                        )
                        ( Sattelite (span: 75 92)
                          ( Nucleus (span: 75 82)
                            ( Sattelite (span: 75 77)
                              ( Nucleus (leaf: 75) (text: ) (vein: [0, 1, 2, 7, 8, 11, 15, 16, 17, 18, 19, 20, 24, 25, 28, 29, 31, 37, 38, 40, 42, 43, 44, 55, 57, 60, 61, 62, 63, 65, 66, 67, 75, 78, 79, 81, 82]) )
                              ( Sattelite (span: 76 77)
                                ( Nucleus (leaf: 76) (text: ) (vein: [0, 1, 2, 7, 8, 11, 15, 16, 17, 18, 19, 20, 24, 25, 28, 29, 31, 37, 38, 40, 42, 43, 44, 55, 57, 60, 61, 62, 63, 65, 66, 67, 75, 76, 77, 78, 79, 81, 82]) )
                                ( Nucleus (leaf: 77) (text: ) (vein: [0, 1, 2, 7, 8, 11, 15, 16, 17, 18, 19, 20, 24, 25, 28, 29, 31, 37, 38, 40, 42, 43, 44, 55, 57, 60, 61, 62, 63, 65, 66, 67, 75, 76, 77, 78, 79, 81, 82]) )
                              )
                            )
                            ( Nucleus (span: 78 82)
                              ( Nucleus (span: 78 80)
                                ( Nucleus (leaf: 78) (text: ) (vein: [0, 1, 2, 7, 8, 11, 15, 16, 17, 18, 19, 20, 24, 25, 28, 29, 31, 37, 38, 40, 42, 43, 44, 55, 57, 60, 61, 62, 63, 65, 66, 67, 75, 78, 79, 81, 82]) )
                                ( Nucleus (span: 79 80)
                                  ( Nucleus (leaf: 79) (text: ) (vein: [0, 1, 2, 7, 8, 11, 15, 16, 17, 18, 19, 20, 24, 25, 28, 29, 31, 37, 38, 40, 42, 43, 44, 55, 57, 60, 61, 62, 63, 65, 66, 67, 75, 78, 79, 81, 82]) )
                                  ( Sattelite (leaf: 80) (text: ) (vein: [0, 1, 2, 7, 8, 11, 15, 16, 17, 18, 19, 20, 24, 25, 28, 29, 31, 37, 38, 40, 42, 43, 44, 55, 57, 60, 61, 62, 63, 65, 66, 67, 78, 79, 80, 81, 82]) )
                                )
                              )
                              ( Nucleus (span: 81 82)
                                ( Nucleus (leaf: 81) (text: ) (vein: [0, 1, 2, 7, 8, 11, 15, 16, 17, 18, 19, 20, 24, 25, 28, 29, 31, 37, 38, 40, 42, 43, 44, 55, 57, 60, 61, 62, 63, 65, 66, 67, 75, 78, 79, 81, 82]) )
                                ( Nucleus (leaf: 82) (text: ) (vein: [0, 1, 2, 7, 8, 11, 15, 16, 17, 18, 19, 20, 24, 25, 28, 29, 31, 37, 38, 40, 42, 43, 44, 55, 57, 60, 61, 62, 63, 65, 66, 67, 75, 78, 79, 81, 82]) )
                              )
                            )
                          )
                          ( Sattelite (span: 83 92)
                            ( Nucleus (span: 83 87)
                              ( Nucleus (span: 83 84)
                                ( Nucleus (leaf: 83) (text: ) (vein: [0, 1, 2, 7, 8, 11, 15, 16, 17, 18, 19, 20, 24, 25, 28, 29, 31, 37, 38, 40, 42, 43, 44, 55, 57, 60, 61, 62, 63, 65, 66, 67, 78, 79, 81, 82, 83, 84, 85]) )
                                ( Nucleus (leaf: 84) (text: ) (vein: [0, 1, 2, 7, 8, 11, 15, 16, 17, 18, 19, 20, 24, 25, 28, 29, 31, 37, 38, 40, 42, 43, 44, 55, 57, 60, 61, 62, 63, 65, 66, 67, 78, 79, 81, 82, 83, 84, 85]) )
                              )
                              ( Nucleus (span: 85 87)
                                ( Nucleus (leaf: 85) (text: ) (vein: [0, 1, 2, 7, 8, 11, 15, 16, 17, 18, 19, 20, 24, 25, 28, 29, 31, 37, 38, 40, 42, 43, 44, 55, 57, 60, 61, 62, 63, 65, 66, 67, 78, 79, 81, 82, 83, 84, 85]) )
                                ( Sattelite (span: 86 87)
                                  ( Nucleus (leaf: 86) (text: ) (vein: [0, 1, 2, 7, 8, 11, 15, 16, 17, 18, 19, 20, 24, 25, 28, 29, 31, 37, 38, 40, 42, 43, 44, 55, 57, 60, 61, 62, 63, 65, 66, 67, 78, 79, 81, 82, 83, 84, 85, 86, 87]) )
                                  ( Nucleus (leaf: 87) (text: ) (vein: [0, 1, 2, 7, 8, 11, 15, 16, 17, 18, 19, 20, 24, 25, 28, 29, 31, 37, 38, 40, 42, 43, 44, 55, 57, 60, 61, 62, 63, 65, 66, 67, 78, 79, 81, 82, 83, 84, 85, 86, 87]) )
                                )
                              )
                            )
                            ( Sattelite (span: 88 92)
                              ( Nucleus (leaf: 88) (text: Mukhopadhyay , A . & Johar , G . V . ( 2005 ) . ) (vein: [0, 1, 2, 7, 8, 11, 15, 16, 17, 18, 19, 20, 24, 25, 28, 29, 31, 37, 38, 40, 42, 43, 44, 55, 57, 60, 61, 62, 63, 65, 66, 67, 78, 79, 81, 82, 83, 84, 85, 88]) )
                              ( Sattelite (span: 89 92)
                                ( Nucleus (span: 89 90)
                                  ( Nucleus (leaf: 89) (text: Where There Is a Will , ) (vein: [0, 1, 2, 7, 8, 11, 15, 16, 17, 18, 19, 20, 24, 25, 28, 29, 31, 37, 38, 40, 42, 43, 44, 55, 57, 60, 61, 62, 63, 65, 66, 67, 78, 79, 81, 82, 83, 84, 85, 88, 89]) )
                                  ( Sattelite (leaf: 90) (text: Is There a Way ? ) (vein: [0, 1, 2, 7, 8, 11, 15, 16, 17, 18, 19, 20, 24, 25, 28, 29, 31, 37, 38, 40, 42, 43, 44, 55, 57, 60, 61, 62, 63, 65, 66, 67, 78, 79, 81, 82, 83, 84, 85, 88, 89, 90]) )
                                )
                                ( Sattelite (span: 91 92)
                                  ( Nucleus (leaf: 91) (text: Effects of Lay Theories of Self- Control on Setting and Keeping Resolutions . ) (vein: [0, 1, 2, 7, 8, 11, 15, 16, 17, 18, 19, 20, 24, 25, 28, 29, 31, 37, 38, 40, 42, 43, 44, 55, 57, 60, 61, 62, 63, 65, 66, 67, 78, 79, 81, 82, 83, 84, 85, 88, 89, 91]) )
                                  ( Sattelite (leaf: 92) (text: Journal of Consumer Research , 31 , 779 - 786 [ PDF ] ) (vein: [0, 1, 2, 7, 8, 11, 15, 16, 17, 18, 19, 20, 24, 25, 28, 29, 31, 37, 38, 40, 42, 43, 44, 55, 57, 60, 61, 62, 63, 65, 66, 67, 78, 79, 81, 82, 83, 84, 85, 88, 89, 91, 92]) )
                                )
                              )
                            )
                          )
                        )
                      )
                    )
                  )
                )
              )
            )
          )
        )
      )
    )
  )
)

