( Root (0 191 )
  ( Nucleus (leaf: 0) (text: ) (vein: [0, 1]) )
  ( Nucleus (span: 1 191)
    ( Nucleus (leaf: 1) (text: ) (vein: [0, 1]) )
    ( Sattelite (span: 2 191)
      ( Nucleus (span: 2 49)
        ( Sattelite (span: 2 4)
          ( Nucleus (leaf: 2) (text: ) (vein: [0, 1, 2, 5, 6, 7, 10, 11, 15, 23, 24, 25, 26, 30, 32, 39, 45, 48]) )
          ( Sattelite (span: 3 4)
            ( Nucleus (leaf: 3) (text: ) (vein: [0, 1, 2, 3, 5, 6, 7, 10, 11, 15, 23, 24, 25, 26, 30, 32, 39, 45, 48]) )
            ( Sattelite (leaf: 4) (text: ) (vein: [0, 1, 2, 3, 4, 5, 6, 7, 10, 11, 15, 23, 24, 25, 26, 30, 32, 39, 45, 48]) )
          )
        )
        ( Nucleus (span: 5 49)
          ( Nucleus (span: 5 6)
            ( Nucleus (leaf: 5) (text: ) (vein: [0, 1, 2, 5, 6, 7, 10, 11, 15, 23, 24, 25, 26, 30, 32, 39, 45, 48]) )
            ( Nucleus (leaf: 6) (text: ) (vein: [0, 1, 2, 5, 6, 7, 10, 11, 15, 23, 24, 25, 26, 30, 32, 39, 45, 48]) )
          )
          ( Nucleus (span: 7 49)
            ( Nucleus (span: 7 9)
              ( Nucleus (leaf: 7) (text: ) (vein: [0, 1, 2, 5, 6, 7, 10, 11, 15, 23, 24, 25, 26, 30, 32, 39, 45, 48]) )
              ( Sattelite (span: 8 9)
                ( Nucleus (leaf: 8) (text: ) (vein: [0, 1, 5, 6, 7, 8, 10, 11, 15, 23, 24, 25, 26, 30, 32, 39, 45, 48]) )
                ( Sattelite (leaf: 9) (text: ) (vein: [0, 1, 5, 6, 7, 8, 9, 10, 11, 15, 23, 24, 25, 26, 30, 32, 39, 45, 48]) )
              )
            )
            ( Nucleus (span: 10 49)
              ( Nucleus (span: 10 12)
                ( Nucleus (span: 10 11)
                  ( Nucleus (leaf: 10) (text: ) (vein: [0, 1, 2, 5, 6, 7, 10, 11, 15, 23, 24, 25, 26, 30, 32, 39, 45, 48]) )
                  ( Nucleus (leaf: 11) (text: ) (vein: [0, 1, 2, 5, 6, 7, 10, 11, 15, 23, 24, 25, 26, 30, 32, 39, 45, 48]) )
                )
                ( Sattelite (leaf: 12) (text: ) (vein: [0, 1, 5, 6, 7, 10, 11, 12, 15, 23, 24, 25, 26, 30, 32, 39, 45, 48]) )
              )
              ( Nucleus (span: 13 49)
                ( Nucleus (span: 13 22)
                  ( Nucleus (span: 13 16)
                    ( Sattelite (span: 13 14)
                      ( Nucleus (leaf: 13) (text: ) (vein: [0, 1, 2, 5, 6, 7, 10, 11, 13, 15, 23, 24, 25, 26, 30, 32, 39, 45, 48]) )
                      ( Sattelite (leaf: 14) (text: ) (vein: [0, 1, 5, 6, 7, 10, 11, 13, 14, 15, 23, 24, 25, 26, 30, 32, 39, 45, 48]) )
                    )
                    ( Nucleus (span: 15 16)
                      ( Nucleus (leaf: 15) (text: ) (vein: [0, 1, 2, 5, 6, 7, 10, 11, 13, 15, 23, 24, 25, 26, 30, 32, 39, 45, 48]) )
                      ( Sattelite (leaf: 16) (text: ) (vein: [0, 1, 5, 6, 7, 10, 11, 15, 16, 23, 24, 25, 26, 30, 32, 39, 45, 48]) )
                    )
                  )
                  ( Sattelite (span: 17 22)
                    ( Nucleus (leaf: 17) (text: ) (vein: [0, 1, 5, 6, 7, 10, 11, 15, 17, 23, 24, 25, 26, 30, 32, 39, 45, 48]) )
                    ( Sattelite (span: 18 22)
                      ( Nucleus (span: 18 19)
                        ( Nucleus (leaf: 18) (text: ) (vein: [0, 1, 5, 6, 7, 10, 11, 15, 17, 18, 23, 24, 25, 26, 30, 32, 39, 45, 48]) )
                        ( Sattelite (leaf: 19) (text: ) (vein: [0, 1, 5, 6, 7, 10, 11, 15, 17, 18, 19, 23, 24, 25, 26, 30, 32, 39, 45, 48]) )
                      )
                      ( Sattelite (span: 20 22)
                        ( Nucleus (leaf: 20) (text: ) (vein: [0, 1, 5, 6, 7, 10, 11, 15, 17, 18, 20, 23, 24, 25, 26, 30, 32, 39, 45, 48]) )
                        ( Sattelite (span: 21 22)
                          ( Nucleus (leaf: 21) (text: ) (vein: [0, 1, 5, 6, 7, 10, 11, 15, 17, 18, 20, 21, 23, 24, 25, 26, 30, 32, 39, 45, 48]) )
                          ( Sattelite (leaf: 22) (text: ) (vein: [0, 1, 5, 6, 7, 10, 11, 15, 17, 18, 20, 21, 22, 23, 24, 25, 26, 30, 32, 39, 45, 48]) )
                        )
                      )
                    )
                  )
                )
                ( Nucleus (span: 23 49)
                  ( Nucleus (span: 23 29)
                    ( Nucleus (span: 23 26)
                      ( Nucleus (leaf: 23) (text: ) (vein: [0, 1, 2, 5, 6, 7, 10, 11, 15, 23, 24, 25, 26, 30, 32, 39, 45, 48]) )
                      ( Nucleus (span: 24 26)
                        ( Nucleus (leaf: 24) (text: ) (vein: [0, 1, 2, 5, 6, 7, 10, 11, 15, 23, 24, 25, 26, 30, 32, 39, 45, 48]) )
                        ( Nucleus (span: 25 26)
                          ( Nucleus (leaf: 25) (text: ) (vein: [0, 1, 2, 5, 6, 7, 10, 11, 15, 23, 24, 25, 26, 30, 32, 39, 45, 48]) )
                          ( Nucleus (leaf: 26) (text: ) (vein: [0, 1, 2, 5, 6, 7, 10, 11, 15, 23, 24, 25, 26, 30, 32, 39, 45, 48]) )
                        )
                      )
                    )
                    ( Sattelite (span: 27 29)
                      ( Nucleus (leaf: 27) (text: ) (vein: [0, 1, 5, 6, 7, 10, 11, 15, 23, 24, 25, 26, 27, 30, 32, 39, 45, 48]) )
                      ( Sattelite (span: 28 29)
                        ( Nucleus (leaf: 28) (text: ) (vein: [0, 1, 5, 6, 7, 10, 11, 15, 23, 24, 25, 26, 27, 28, 30, 32, 39, 45, 48]) )
                        ( Sattelite (leaf: 29) (text: ) (vein: [0, 1, 5, 6, 7, 10, 11, 15, 23, 24, 25, 26, 27, 28, 29, 30, 32, 39, 45, 48]) )
                      )
                    )
                  )
                  ( Nucleus (span: 30 49)
                    ( Nucleus (span: 30 31)
                      ( Nucleus (leaf: 30) (text: ) (vein: [0, 1, 2, 5, 6, 7, 10, 11, 15, 23, 24, 25, 26, 30, 32, 39, 45, 48]) )
                      ( Sattelite (leaf: 31) (text: ) (vein: [0, 1, 5, 6, 7, 10, 11, 15, 23, 24, 25, 26, 30, 31, 32, 39, 45, 48]) )
                    )
                    ( Nucleus (span: 32 49)
                      ( Nucleus (span: 32 33)
                        ( Nucleus (leaf: 32) (text: ) (vein: [0, 1, 2, 5, 6, 7, 10, 11, 15, 23, 24, 25, 26, 30, 32, 39, 45, 48]) )
                        ( Sattelite (leaf: 33) (text: ) (vein: [0, 1, 5, 6, 7, 10, 11, 15, 23, 24, 25, 26, 30, 32, 33, 39, 45, 48]) )
                      )
                      ( Nucleus (span: 34 49)
                        ( Sattelite (span: 34 38)
                          ( Nucleus (span: 34 35)
                            ( Nucleus (leaf: 34) (text: ) (vein: [0, 1, 2, 5, 6, 7, 10, 11, 15, 23, 24, 25, 26, 30, 32, 34, 39, 45, 48]) )
                            ( Sattelite (leaf: 35) (text: ) (vein: [0, 1, 5, 6, 7, 10, 11, 15, 23, 24, 25, 26, 30, 32, 34, 35, 39, 45, 48]) )
                          )
                          ( Sattelite (span: 36 38)
                            ( Nucleus (leaf: 36) (text: ) (vein: [0, 1, 5, 6, 7, 10, 11, 15, 23, 24, 25, 26, 30, 32, 34, 36, 39, 45, 48]) )
                            ( Sattelite (span: 37 38)
                              ( Nucleus (leaf: 37) (text: ) (vein: [0, 1, 5, 6, 7, 10, 11, 15, 23, 24, 25, 26, 30, 32, 34, 36, 37, 39, 45, 48]) )
                              ( Sattelite (leaf: 38) (text: ) (vein: [0, 1, 5, 6, 7, 10, 11, 15, 23, 24, 25, 26, 30, 32, 34, 36, 37, 38, 39, 45, 48]) )
                            )
                          )
                        )
                        ( Nucleus (span: 39 49)
                          ( Nucleus (span: 39 44)
                            ( Nucleus (span: 39 41)
                              ( Nucleus (leaf: 39) (text: ) (vein: [0, 1, 2, 5, 6, 7, 10, 11, 15, 23, 24, 25, 26, 30, 32, 34, 39, 45, 48]) )
                              ( Sattelite (span: 40 41)
                                ( Nucleus (leaf: 40) (text: ) (vein: [0, 1, 5, 6, 7, 10, 11, 15, 23, 24, 25, 26, 30, 32, 39, 40, 45, 48]) )
                                ( Sattelite (leaf: 41) (text: ) (vein: [0, 1, 5, 6, 7, 10, 11, 15, 23, 24, 25, 26, 30, 32, 39, 40, 41, 45, 48]) )
                              )
                            )
                            ( Sattelite (span: 42 44)
                              ( Nucleus (leaf: 42) (text: ) (vein: [0, 1, 5, 6, 7, 10, 11, 15, 23, 24, 25, 26, 30, 32, 39, 42, 43, 45, 48]) )
                              ( Nucleus (span: 43 44)
                                ( Nucleus (leaf: 43) (text: ) (vein: [0, 1, 5, 6, 7, 10, 11, 15, 23, 24, 25, 26, 30, 32, 39, 42, 43, 45, 48]) )
                                ( Sattelite (leaf: 44) (text: ) (vein: [0, 1, 5, 6, 7, 10, 11, 15, 23, 24, 25, 26, 30, 32, 39, 42, 43, 44, 45, 48]) )
                              )
                            )
                          )
                          ( Nucleus (span: 45 49)
                            ( Nucleus (span: 45 48)
                              ( Nucleus (leaf: 45) (text: ) (vein: [0, 1, 2, 5, 6, 7, 10, 11, 15, 23, 24, 25, 26, 30, 32, 34, 39, 45, 48]) )
                              ( Nucleus (span: 46 48)
                                ( Sattelite (leaf: 46) (text: ) (vein: [0, 1, 2, 5, 6, 7, 10, 11, 15, 23, 24, 25, 26, 30, 32, 34, 39, 45, 46, 48]) )
                                ( Nucleus (span: 47 48)
                                  ( Sattelite (leaf: 47) (text: ) (vein: [0, 1, 2, 5, 6, 7, 10, 11, 15, 23, 24, 25, 26, 30, 32, 34, 39, 45, 46, 47, 48]) )
                                  ( Nucleus (leaf: 48) (text: ) (vein: [0, 1, 2, 5, 6, 7, 10, 11, 15, 23, 24, 25, 26, 30, 32, 34, 39, 45, 46, 47, 48]) )
                                )
                              )
                            )
                            ( Sattelite (leaf: 49) (text: ) (vein: [0, 1, 5, 6, 7, 10, 11, 15, 23, 24, 25, 26, 30, 32, 39, 45, 48, 49]) )
                          )
                        )
                      )
                    )
                  )
                )
              )
            )
          )
        )
      )
      ( Sattelite (span: 50 191)
        ( Nucleus (leaf: 50) (text: ) (vein: [0, 1, 5, 6, 7, 10, 11, 15, 23, 24, 25, 26, 30, 32, 39, 45, 48, 50]) )
        ( Sattelite (span: 51 191)
          ( Nucleus (span: 51 59)
            ( Sattelite (span: 51 54)
              ( Nucleus (leaf: 51) (text: ) (vein: [0, 1, 5, 6, 7, 10, 11, 15, 23, 24, 25, 26, 30, 32, 39, 45, 48, 50, 51, 55, 56, 59]) )
              ( Sattelite (span: 52 54)
                ( Nucleus (leaf: 52) (text: ) (vein: [0, 1, 5, 6, 7, 10, 11, 15, 23, 24, 25, 26, 30, 32, 39, 45, 48, 50, 51, 52, 55, 56, 59]) )
                ( Sattelite (span: 53 54)
                  ( Nucleus (leaf: 53) (text: ) (vein: [0, 1, 5, 6, 7, 10, 11, 15, 23, 24, 25, 26, 30, 32, 39, 45, 48, 50, 51, 52, 53, 55, 56, 59]) )
                  ( Sattelite (leaf: 54) (text: ) (vein: [0, 1, 5, 6, 7, 10, 11, 15, 23, 24, 25, 26, 30, 32, 39, 45, 48, 50, 51, 52, 53, 54, 55, 56, 59]) )
                )
              )
            )
            ( Nucleus (span: 55 59)
              ( Nucleus (leaf: 55) (text: ) (vein: [0, 1, 5, 6, 7, 10, 11, 15, 23, 24, 25, 26, 30, 32, 39, 45, 48, 50, 51, 55, 56, 59]) )
              ( Nucleus (span: 56 59)
                ( Nucleus (span: 56 58)
                  ( Nucleus (span: 56 57)
                    ( Nucleus (leaf: 56) (text: ) (vein: [0, 1, 5, 6, 7, 10, 11, 15, 23, 24, 25, 26, 30, 32, 39, 45, 48, 50, 51, 55, 56, 59]) )
                    ( Sattelite (leaf: 57) (text: ) (vein: [0, 1, 5, 6, 7, 10, 11, 15, 23, 24, 25, 26, 30, 32, 39, 45, 48, 50, 55, 56, 57, 59]) )
                  )
                  ( Sattelite (leaf: 58) (text: ) (vein: [0, 1, 5, 6, 7, 10, 11, 15, 23, 24, 25, 26, 30, 32, 39, 45, 48, 50, 55, 56, 58, 59]) )
                )
                ( Nucleus (leaf: 59) (text: ) (vein: [0, 1, 5, 6, 7, 10, 11, 15, 23, 24, 25, 26, 30, 32, 39, 45, 48, 50, 51, 55, 56, 59]) )
              )
            )
          )
          ( Sattelite (span: 60 191)
            ( Nucleus (span: 60 61)
              ( Nucleus (leaf: 60) (text: ) (vein: [0, 1, 5, 6, 7, 10, 11, 15, 23, 24, 25, 26, 30, 32, 39, 45, 48, 50, 55, 56, 59, 60]) )
              ( Sattelite (leaf: 61) (text: ) (vein: [0, 1, 5, 6, 7, 10, 11, 15, 23, 24, 25, 26, 30, 32, 39, 45, 48, 50, 55, 56, 59, 60, 61]) )
            )
            ( Sattelite (span: 62 191)
              ( Nucleus (span: 62 84)
                ( Sattelite (leaf: 62) (text: ) (vein: [0, 1, 5, 6, 7, 10, 11, 15, 23, 24, 25, 26, 30, 32, 39, 45, 48, 50, 55, 56, 59, 60, 62, 63, 65, 66, 68, 69, 77, 83, 84]) )
                ( Nucleus (span: 63 84)
                  ( Nucleus (span: 63 64)
                    ( Nucleus (leaf: 63) (text: ) (vein: [0, 1, 5, 6, 7, 10, 11, 15, 23, 24, 25, 26, 30, 32, 39, 45, 48, 50, 55, 56, 59, 60, 62, 63, 65, 66, 68, 69, 77, 83, 84]) )
                    ( Sattelite (leaf: 64) (text: ) (vein: [0, 1, 5, 6, 7, 10, 11, 15, 23, 24, 25, 26, 30, 32, 39, 45, 48, 50, 55, 56, 59, 60, 63, 64, 65, 66, 68, 69, 77, 83, 84]) )
                  )
                  ( Nucleus (span: 65 84)
                    ( Nucleus (leaf: 65) (text: ) (vein: [0, 1, 5, 6, 7, 10, 11, 15, 23, 24, 25, 26, 30, 32, 39, 45, 48, 50, 55, 56, 59, 60, 62, 63, 65, 66, 68, 69, 77, 83, 84]) )
                    ( Nucleus (span: 66 84)
                      ( Nucleus (leaf: 66) (text: ) (vein: [0, 1, 5, 6, 7, 10, 11, 15, 23, 24, 25, 26, 30, 32, 39, 45, 48, 50, 55, 56, 59, 60, 62, 63, 65, 66, 68, 69, 77, 83, 84]) )
                      ( Nucleus (span: 67 84)
                        ( Sattelite (leaf: 67) (text: ) (vein: [0, 1, 5, 6, 7, 10, 11, 15, 23, 24, 25, 26, 30, 32, 39, 45, 48, 50, 55, 56, 59, 60, 62, 63, 65, 66, 67, 68, 69, 77, 83, 84]) )
                        ( Nucleus (span: 68 84)
                          ( Nucleus (leaf: 68) (text: ) (vein: [0, 1, 5, 6, 7, 10, 11, 15, 23, 24, 25, 26, 30, 32, 39, 45, 48, 50, 55, 56, 59, 60, 62, 63, 65, 66, 67, 68, 69, 77, 83, 84]) )
                          ( Nucleus (span: 69 84)
                            ( Nucleus (span: 69 76)
                              ( Nucleus (span: 69 71)
                                ( Nucleus (leaf: 69) (text: ) (vein: [0, 1, 5, 6, 7, 10, 11, 15, 23, 24, 25, 26, 30, 32, 39, 45, 48, 50, 55, 56, 59, 60, 62, 63, 65, 66, 67, 68, 69, 77, 83, 84]) )
                                ( Sattelite (span: 70 71)
                                  ( Nucleus (leaf: 70) (text: ) (vein: [0, 1, 5, 6, 7, 10, 11, 15, 23, 24, 25, 26, 30, 32, 39, 45, 48, 50, 55, 56, 59, 60, 63, 65, 66, 68, 69, 70, 77, 83, 84]) )
                                  ( Sattelite (leaf: 71) (text: ) (vein: [0, 1, 5, 6, 7, 10, 11, 15, 23, 24, 25, 26, 30, 32, 39, 45, 48, 50, 55, 56, 59, 60, 63, 65, 66, 68, 69, 70, 71, 77, 83, 84]) )
                                )
                              )
                              ( Sattelite (span: 72 76)
                                ( Nucleus (leaf: 72) (text: ) (vein: [0, 1, 5, 6, 7, 10, 11, 15, 23, 24, 25, 26, 30, 32, 39, 45, 48, 50, 55, 56, 59, 60, 63, 65, 66, 68, 69, 72, 77, 83, 84]) )
                                ( Sattelite (span: 73 76)
                                  ( Nucleus (leaf: 73) (text: ) (vein: [0, 1, 5, 6, 7, 10, 11, 15, 23, 24, 25, 26, 30, 32, 39, 45, 48, 50, 55, 56, 59, 60, 63, 65, 66, 68, 69, 72, 73, 77, 83, 84]) )
                                  ( Sattelite (span: 74 76)
                                    ( Nucleus (leaf: 74) (text: ) (vein: [0, 1, 5, 6, 7, 10, 11, 15, 23, 24, 25, 26, 30, 32, 39, 45, 48, 50, 55, 56, 59, 60, 63, 65, 66, 68, 69, 72, 73, 74, 77, 83, 84]) )
                                    ( Sattelite (span: 75 76)
                                      ( Nucleus (leaf: 75) (text: ) (vein: [0, 1, 5, 6, 7, 10, 11, 15, 23, 24, 25, 26, 30, 32, 39, 45, 48, 50, 55, 56, 59, 60, 63, 65, 66, 68, 69, 72, 73, 74, 75, 76, 77, 83, 84]) )
                                      ( Nucleus (leaf: 76) (text: ) (vein: [0, 1, 5, 6, 7, 10, 11, 15, 23, 24, 25, 26, 30, 32, 39, 45, 48, 50, 55, 56, 59, 60, 63, 65, 66, 68, 69, 72, 73, 74, 75, 76, 77, 83, 84]) )
                                    )
                                  )
                                )
                              )
                            )
                            ( Nucleus (span: 77 84)
                              ( Nucleus (span: 77 82)
                                ( Nucleus (leaf: 77) (text: ) (vein: [0, 1, 5, 6, 7, 10, 11, 15, 23, 24, 25, 26, 30, 32, 39, 45, 48, 50, 55, 56, 59, 60, 62, 63, 65, 66, 67, 68, 69, 77, 83, 84]) )
                                ( Sattelite (span: 78 82)
                                  ( Nucleus (span: 78 79)
                                    ( Nucleus (leaf: 78) (text: ) (vein: [0, 1, 5, 6, 7, 10, 11, 15, 23, 24, 25, 26, 30, 32, 39, 45, 48, 50, 55, 56, 59, 60, 63, 65, 66, 68, 69, 77, 78, 79, 83, 84]) )
                                    ( Nucleus (leaf: 79) (text: ) (vein: [0, 1, 5, 6, 7, 10, 11, 15, 23, 24, 25, 26, 30, 32, 39, 45, 48, 50, 55, 56, 59, 60, 63, 65, 66, 68, 69, 77, 78, 79, 83, 84]) )
                                  )
                                  ( Sattelite (span: 80 82)
                                    ( Nucleus (leaf: 80) (text: ) (vein: [0, 1, 5, 6, 7, 10, 11, 15, 23, 24, 25, 26, 30, 32, 39, 45, 48, 50, 55, 56, 59, 60, 63, 65, 66, 68, 69, 77, 78, 79, 80, 83, 84]) )
                                    ( Sattelite (span: 81 82)
                                      ( Nucleus (leaf: 81) (text: ) (vein: [0, 1, 5, 6, 7, 10, 11, 15, 23, 24, 25, 26, 30, 32, 39, 45, 48, 50, 55, 56, 59, 60, 63, 65, 66, 68, 69, 77, 78, 79, 80, 81, 83, 84]) )
                                      ( Sattelite (leaf: 82) (text: ) (vein: [0, 1, 5, 6, 7, 10, 11, 15, 23, 24, 25, 26, 30, 32, 39, 45, 48, 50, 55, 56, 59, 60, 63, 65, 66, 68, 69, 77, 78, 79, 80, 81, 82, 83, 84]) )
                                    )
                                  )
                                )
                              )
                              ( Nucleus (span: 83 84)
                                ( Nucleus (leaf: 83) (text: ) (vein: [0, 1, 5, 6, 7, 10, 11, 15, 23, 24, 25, 26, 30, 32, 39, 45, 48, 50, 55, 56, 59, 60, 62, 63, 65, 66, 67, 68, 69, 77, 83, 84]) )
                                ( Nucleus (leaf: 84) (text: ) (vein: [0, 1, 5, 6, 7, 10, 11, 15, 23, 24, 25, 26, 30, 32, 39, 45, 48, 50, 55, 56, 59, 60, 62, 63, 65, 66, 67, 68, 69, 77, 83, 84]) )
                              )
                            )
                          )
                        )
                      )
                    )
                  )
                )
              )
              ( Sattelite (span: 85 191)
                ( Nucleus (span: 85 86)
                  ( Nucleus (leaf: 85) (text: ) (vein: [0, 1, 5, 6, 7, 10, 11, 15, 23, 24, 25, 26, 30, 32, 39, 45, 48, 50, 55, 56, 59, 60, 63, 65, 66, 68, 69, 77, 83, 84, 85]) )
                  ( Sattelite (leaf: 86) (text: ) (vein: [0, 1, 5, 6, 7, 10, 11, 15, 23, 24, 25, 26, 30, 32, 39, 45, 48, 50, 55, 56, 59, 60, 63, 65, 66, 68, 69, 77, 83, 84, 85, 86]) )
                )
                ( Sattelite (span: 87 191)
                  ( Nucleus (span: 87 108)
                    ( Sattelite (leaf: 87) (text: ) (vein: [0, 1, 5, 6, 7, 10, 11, 15, 23, 24, 25, 26, 30, 32, 39, 45, 48, 50, 55, 56, 59, 60, 63, 65, 66, 68, 69, 77, 83, 84, 85, 87, 88, 89, 90, 91, 93, 94, 95, 96, 102]) )
                    ( Nucleus (span: 88 108)
                      ( Nucleus (leaf: 88) (text: ) (vein: [0, 1, 5, 6, 7, 10, 11, 15, 23, 24, 25, 26, 30, 32, 39, 45, 48, 50, 55, 56, 59, 60, 63, 65, 66, 68, 69, 77, 83, 84, 85, 87, 88, 89, 90, 91, 93, 94, 95, 96, 102]) )
                      ( Nucleus (span: 89 108)
                        ( Nucleus (leaf: 89) (text: ) (vein: [0, 1, 5, 6, 7, 10, 11, 15, 23, 24, 25, 26, 30, 32, 39, 45, 48, 50, 55, 56, 59, 60, 63, 65, 66, 68, 69, 77, 83, 84, 85, 87, 88, 89, 90, 91, 93, 94, 95, 96, 102]) )
                        ( Nucleus (span: 90 108)
                          ( Nucleus (leaf: 90) (text: ) (vein: [0, 1, 5, 6, 7, 10, 11, 15, 23, 24, 25, 26, 30, 32, 39, 45, 48, 50, 55, 56, 59, 60, 63, 65, 66, 68, 69, 77, 83, 84, 85, 87, 88, 89, 90, 91, 93, 94, 95, 96, 102]) )
                          ( Nucleus (span: 91 108)
                            ( Nucleus (span: 91 92)
                              ( Nucleus (leaf: 91) (text: ) (vein: [0, 1, 5, 6, 7, 10, 11, 15, 23, 24, 25, 26, 30, 32, 39, 45, 48, 50, 55, 56, 59, 60, 63, 65, 66, 68, 69, 77, 83, 84, 85, 87, 88, 89, 90, 91, 93, 94, 95, 96, 102]) )
                              ( Sattelite (leaf: 92) (text: ) (vein: [0, 1, 5, 6, 7, 10, 11, 15, 23, 24, 25, 26, 30, 32, 39, 45, 48, 50, 55, 56, 59, 60, 63, 65, 66, 68, 69, 77, 83, 84, 85, 88, 89, 90, 91, 92, 93, 94, 95, 96, 102]) )
                            )
                            ( Nucleus (span: 93 108)
                              ( Nucleus (leaf: 93) (text: ) (vein: [0, 1, 5, 6, 7, 10, 11, 15, 23, 24, 25, 26, 30, 32, 39, 45, 48, 50, 55, 56, 59, 60, 63, 65, 66, 68, 69, 77, 83, 84, 85, 87, 88, 89, 90, 91, 93, 94, 95, 96, 102]) )
                              ( Nucleus (span: 94 108)
                                ( Nucleus (leaf: 94) (text: ) (vein: [0, 1, 5, 6, 7, 10, 11, 15, 23, 24, 25, 26, 30, 32, 39, 45, 48, 50, 55, 56, 59, 60, 63, 65, 66, 68, 69, 77, 83, 84, 85, 87, 88, 89, 90, 91, 93, 94, 95, 96, 102]) )
                                ( Nucleus (span: 95 108)
                                  ( Nucleus (leaf: 95) (text: ) (vein: [0, 1, 5, 6, 7, 10, 11, 15, 23, 24, 25, 26, 30, 32, 39, 45, 48, 50, 55, 56, 59, 60, 63, 65, 66, 68, 69, 77, 83, 84, 85, 87, 88, 89, 90, 91, 93, 94, 95, 96, 102]) )
                                  ( Nucleus (span: 96 108)
                                    ( Nucleus (span: 96 101)
                                      ( Nucleus (span: 96 100)
                                        ( Nucleus (leaf: 96) (text: ) (vein: [0, 1, 5, 6, 7, 10, 11, 15, 23, 24, 25, 26, 30, 32, 39, 45, 48, 50, 55, 56, 59, 60, 63, 65, 66, 68, 69, 77, 83, 84, 85, 87, 88, 89, 90, 91, 93, 94, 95, 96, 102]) )
                                        ( Sattelite (span: 97 100)
                                          ( Nucleus (span: 97 99)
                                            ( Nucleus (leaf: 97) (text: ) (vein: [0, 1, 5, 6, 7, 10, 11, 15, 23, 24, 25, 26, 30, 32, 39, 45, 48, 50, 55, 56, 59, 60, 63, 65, 66, 68, 69, 77, 83, 84, 85, 88, 89, 90, 91, 93, 94, 95, 96, 97, 102]) )
                                            ( Sattelite (span: 98 99)
                                              ( Nucleus (leaf: 98) (text: ) (vein: [0, 1, 5, 6, 7, 10, 11, 15, 23, 24, 25, 26, 30, 32, 39, 45, 48, 50, 55, 56, 59, 60, 63, 65, 66, 68, 69, 77, 83, 84, 85, 88, 89, 90, 91, 93, 94, 95, 96, 97, 98, 102]) )
                                              ( Sattelite (leaf: 99) (text: ) (vein: [0, 1, 5, 6, 7, 10, 11, 15, 23, 24, 25, 26, 30, 32, 39, 45, 48, 50, 55, 56, 59, 60, 63, 65, 66, 68, 69, 77, 83, 84, 85, 88, 89, 90, 91, 93, 94, 95, 96, 97, 98, 99, 102]) )
                                            )
                                          )
                                          ( Sattelite (leaf: 100) (text: ) (vein: [0, 1, 5, 6, 7, 10, 11, 15, 23, 24, 25, 26, 30, 32, 39, 45, 48, 50, 55, 56, 59, 60, 63, 65, 66, 68, 69, 77, 83, 84, 85, 88, 89, 90, 91, 93, 94, 95, 96, 97, 100, 102]) )
                                        )
                                      )
                                      ( Sattelite (leaf: 101) (text: ) (vein: [0, 1, 5, 6, 7, 10, 11, 15, 23, 24, 25, 26, 30, 32, 39, 45, 48, 50, 55, 56, 59, 60, 63, 65, 66, 68, 69, 77, 83, 84, 85, 88, 89, 90, 91, 93, 94, 95, 96, 101, 102]) )
                                    )
                                    ( Nucleus (span: 102 108)
                                      ( Nucleus (leaf: 102) (text: ) (vein: [0, 1, 5, 6, 7, 10, 11, 15, 23, 24, 25, 26, 30, 32, 39, 45, 48, 50, 55, 56, 59, 60, 63, 65, 66, 68, 69, 77, 83, 84, 85, 87, 88, 89, 90, 91, 93, 94, 95, 96, 102]) )
                                      ( Sattelite (span: 103 108)
                                        ( Nucleus (span: 103 104)
                                          ( Nucleus (leaf: 103) (text: ) (vein: [0, 1, 5, 6, 7, 10, 11, 15, 23, 24, 25, 26, 30, 32, 39, 45, 48, 50, 55, 56, 59, 60, 63, 65, 66, 68, 69, 77, 83, 84, 85, 88, 89, 90, 91, 93, 94, 95, 96, 102, 103, 105, 106]) )
                                          ( Sattelite (leaf: 104) (text: ) (vein: [0, 1, 5, 6, 7, 10, 11, 15, 23, 24, 25, 26, 30, 32, 39, 45, 48, 50, 55, 56, 59, 60, 63, 65, 66, 68, 69, 77, 83, 84, 85, 88, 89, 90, 91, 93, 94, 95, 96, 102, 103, 104, 105, 106]) )
                                        )
                                        ( Nucleus (span: 105 108)
                                          ( Nucleus (span: 105 106)
                                            ( Nucleus (leaf: 105) (text: ) (vein: [0, 1, 5, 6, 7, 10, 11, 15, 23, 24, 25, 26, 30, 32, 39, 45, 48, 50, 55, 56, 59, 60, 63, 65, 66, 68, 69, 77, 83, 84, 85, 88, 89, 90, 91, 93, 94, 95, 96, 102, 103, 105, 106]) )
                                            ( Nucleus (leaf: 106) (text: ) (vein: [0, 1, 5, 6, 7, 10, 11, 15, 23, 24, 25, 26, 30, 32, 39, 45, 48, 50, 55, 56, 59, 60, 63, 65, 66, 68, 69, 77, 83, 84, 85, 88, 89, 90, 91, 93, 94, 95, 96, 102, 103, 105, 106]) )
                                          )
                                          ( Sattelite (span: 107 108)
                                            ( Nucleus (leaf: 107) (text: ) (vein: [0, 1, 5, 6, 7, 10, 11, 15, 23, 24, 25, 26, 30, 32, 39, 45, 48, 50, 55, 56, 59, 60, 63, 65, 66, 68, 69, 77, 83, 84, 85, 88, 89, 90, 91, 93, 94, 95, 96, 102, 103, 105, 106, 107]) )
                                            ( Sattelite (leaf: 108) (text: ) (vein: [0, 1, 5, 6, 7, 10, 11, 15, 23, 24, 25, 26, 30, 32, 39, 45, 48, 50, 55, 56, 59, 60, 63, 65, 66, 68, 69, 77, 83, 84, 85, 88, 89, 90, 91, 93, 94, 95, 96, 102, 103, 105, 106, 107, 108]) )
                                          )
                                        )
                                      )
                                    )
                                  )
                                )
                              )
                            )
                          )
                        )
                      )
                    )
                  )
                  ( Sattelite (span: 109 191)
                    ( Nucleus (span: 109 119)
                      ( Sattelite (leaf: 109) (text: ) (vein: [0, 1, 5, 6, 7, 10, 11, 15, 23, 24, 25, 26, 30, 32, 39, 45, 48, 50, 55, 56, 59, 60, 63, 65, 66, 68, 69, 77, 83, 84, 85, 88, 89, 90, 91, 93, 94, 95, 96, 102, 109, 110, 113, 116, 117]) )
                      ( Nucleus (span: 110 119)
                        ( Nucleus (leaf: 110) (text: ) (vein: [0, 1, 5, 6, 7, 10, 11, 15, 23, 24, 25, 26, 30, 32, 39, 45, 48, 50, 55, 56, 59, 60, 63, 65, 66, 68, 69, 77, 83, 84, 85, 88, 89, 90, 91, 93, 94, 95, 96, 102, 109, 110, 113, 116, 117]) )
                        ( Nucleus (span: 111 119)
                          ( Sattelite (span: 111 112)
                            ( Nucleus (leaf: 111) (text: ) (vein: [0, 1, 5, 6, 7, 10, 11, 15, 23, 24, 25, 26, 30, 32, 39, 45, 48, 50, 55, 56, 59, 60, 63, 65, 66, 68, 69, 77, 83, 84, 85, 88, 89, 90, 91, 93, 94, 95, 96, 102, 109, 110, 111, 113, 116, 117]) )
                            ( Sattelite (leaf: 112) (text: ) (vein: [0, 1, 5, 6, 7, 10, 11, 15, 23, 24, 25, 26, 30, 32, 39, 45, 48, 50, 55, 56, 59, 60, 63, 65, 66, 68, 69, 77, 83, 84, 85, 88, 89, 90, 91, 93, 94, 95, 96, 102, 110, 111, 112, 113, 116, 117]) )
                          )
                          ( Nucleus (span: 113 119)
                            ( Nucleus (leaf: 113) (text: ) (vein: [0, 1, 5, 6, 7, 10, 11, 15, 23, 24, 25, 26, 30, 32, 39, 45, 48, 50, 55, 56, 59, 60, 63, 65, 66, 68, 69, 77, 83, 84, 85, 88, 89, 90, 91, 93, 94, 95, 96, 102, 109, 110, 111, 113, 116, 117]) )
                            ( Nucleus (span: 114 119)
                              ( Sattelite (span: 114 115)
                                ( Nucleus (leaf: 114) (text: ) (vein: [0, 1, 5, 6, 7, 10, 11, 15, 23, 24, 25, 26, 30, 32, 39, 45, 48, 50, 55, 56, 59, 60, 63, 65, 66, 68, 69, 77, 83, 84, 85, 88, 89, 90, 91, 93, 94, 95, 96, 102, 109, 110, 111, 113, 114, 116, 117]) )
                                ( Sattelite (leaf: 115) (text: ) (vein: [0, 1, 5, 6, 7, 10, 11, 15, 23, 24, 25, 26, 30, 32, 39, 45, 48, 50, 55, 56, 59, 60, 63, 65, 66, 68, 69, 77, 83, 84, 85, 88, 89, 90, 91, 93, 94, 95, 96, 102, 110, 113, 114, 115, 116, 117]) )
                              )
                              ( Nucleus (span: 116 119)
                                ( Nucleus (span: 116 117)
                                  ( Nucleus (leaf: 116) (text: ) (vein: [0, 1, 5, 6, 7, 10, 11, 15, 23, 24, 25, 26, 30, 32, 39, 45, 48, 50, 55, 56, 59, 60, 63, 65, 66, 68, 69, 77, 83, 84, 85, 88, 89, 90, 91, 93, 94, 95, 96, 102, 109, 110, 111, 113, 114, 116, 117]) )
                                  ( Nucleus (leaf: 117) (text: ) (vein: [0, 1, 5, 6, 7, 10, 11, 15, 23, 24, 25, 26, 30, 32, 39, 45, 48, 50, 55, 56, 59, 60, 63, 65, 66, 68, 69, 77, 83, 84, 85, 88, 89, 90, 91, 93, 94, 95, 96, 102, 109, 110, 111, 113, 114, 116, 117]) )
                                )
                                ( Sattelite (span: 118 119)
                                  ( Nucleus (leaf: 118) (text: ) (vein: [0, 1, 5, 6, 7, 10, 11, 15, 23, 24, 25, 26, 30, 32, 39, 45, 48, 50, 55, 56, 59, 60, 63, 65, 66, 68, 69, 77, 83, 84, 85, 88, 89, 90, 91, 93, 94, 95, 96, 102, 110, 113, 116, 117, 118]) )
                                  ( Sattelite (leaf: 119) (text: ) (vein: [0, 1, 5, 6, 7, 10, 11, 15, 23, 24, 25, 26, 30, 32, 39, 45, 48, 50, 55, 56, 59, 60, 63, 65, 66, 68, 69, 77, 83, 84, 85, 88, 89, 90, 91, 93, 94, 95, 96, 102, 110, 113, 116, 117, 118, 119]) )
                                )
                              )
                            )
                          )
                        )
                      )
                    )
                    ( Sattelite (span: 120 191)
                      ( Nucleus (span: 120 122)
                        ( Sattelite (leaf: 120) (text: ) (vein: [0, 1, 5, 6, 7, 10, 11, 15, 23, 24, 25, 26, 30, 32, 39, 45, 48, 50, 55, 56, 59, 60, 63, 65, 66, 68, 69, 77, 83, 84, 85, 88, 89, 90, 91, 93, 94, 95, 96, 102, 110, 113, 116, 117, 120, 121, 122]) )
                        ( Nucleus (span: 121 122)
                          ( Nucleus (leaf: 121) (text: ) (vein: [0, 1, 5, 6, 7, 10, 11, 15, 23, 24, 25, 26, 30, 32, 39, 45, 48, 50, 55, 56, 59, 60, 63, 65, 66, 68, 69, 77, 83, 84, 85, 88, 89, 90, 91, 93, 94, 95, 96, 102, 110, 113, 116, 117, 120, 121, 122]) )
                          ( Nucleus (leaf: 122) (text: ) (vein: [0, 1, 5, 6, 7, 10, 11, 15, 23, 24, 25, 26, 30, 32, 39, 45, 48, 50, 55, 56, 59, 60, 63, 65, 66, 68, 69, 77, 83, 84, 85, 88, 89, 90, 91, 93, 94, 95, 96, 102, 110, 113, 116, 117, 120, 121, 122]) )
                        )
                      )
                      ( Sattelite (span: 123 191)
                        ( Nucleus (span: 123 128)
                          ( Nucleus (leaf: 123) (text: ) (vein: [0, 1, 5, 6, 7, 10, 11, 15, 23, 24, 25, 26, 30, 32, 39, 45, 48, 50, 55, 56, 59, 60, 63, 65, 66, 68, 69, 77, 83, 84, 85, 88, 89, 90, 91, 93, 94, 95, 96, 102, 110, 113, 116, 117, 121, 122, 123]) )
                          ( Sattelite (span: 124 128)
                            ( Nucleus (leaf: 124) (text: ) (vein: [0, 1, 5, 6, 7, 10, 11, 15, 23, 24, 25, 26, 30, 32, 39, 45, 48, 50, 55, 56, 59, 60, 63, 65, 66, 68, 69, 77, 83, 84, 85, 88, 89, 90, 91, 93, 94, 95, 96, 102, 110, 113, 116, 117, 121, 122, 123, 124]) )
                            ( Sattelite (span: 125 128)
                              ( Nucleus (leaf: 125) (text: ) (vein: [0, 1, 5, 6, 7, 10, 11, 15, 23, 24, 25, 26, 30, 32, 39, 45, 48, 50, 55, 56, 59, 60, 63, 65, 66, 68, 69, 77, 83, 84, 85, 88, 89, 90, 91, 93, 94, 95, 96, 102, 110, 113, 116, 117, 121, 122, 123, 124, 125]) )
                              ( Sattelite (span: 126 128)
                                ( Nucleus (span: 126 127)
                                  ( Nucleus (leaf: 126) (text: ) (vein: [0, 1, 5, 6, 7, 10, 11, 15, 23, 24, 25, 26, 30, 32, 39, 45, 48, 50, 55, 56, 59, 60, 63, 65, 66, 68, 69, 77, 83, 84, 85, 88, 89, 90, 91, 93, 94, 95, 96, 102, 110, 113, 116, 117, 121, 122, 123, 124, 125, 126]) )
                                  ( Sattelite (leaf: 127) (text: ) (vein: [0, 1, 5, 6, 7, 10, 11, 15, 23, 24, 25, 26, 30, 32, 39, 45, 48, 50, 55, 56, 59, 60, 63, 65, 66, 68, 69, 77, 83, 84, 85, 88, 89, 90, 91, 93, 94, 95, 96, 102, 110, 113, 116, 117, 121, 122, 123, 124, 125, 126, 127]) )
                                )
                                ( Sattelite (leaf: 128) (text: ) (vein: [0, 1, 5, 6, 7, 10, 11, 15, 23, 24, 25, 26, 30, 32, 39, 45, 48, 50, 55, 56, 59, 60, 63, 65, 66, 68, 69, 77, 83, 84, 85, 88, 89, 90, 91, 93, 94, 95, 96, 102, 110, 113, 116, 117, 121, 122, 123, 124, 125, 126, 128]) )
                              )
                            )
                          )
                        )
                        ( Sattelite (span: 129 191)
                          ( Nucleus (span: 129 130)
                            ( Nucleus (leaf: 129) (text: ) (vein: [0, 1, 5, 6, 7, 10, 11, 15, 23, 24, 25, 26, 30, 32, 39, 45, 48, 50, 55, 56, 59, 60, 63, 65, 66, 68, 69, 77, 83, 84, 85, 88, 89, 90, 91, 93, 94, 95, 96, 102, 110, 113, 116, 117, 121, 122, 123, 129]) )
                            ( Sattelite (leaf: 130) (text: ) (vein: [0, 1, 5, 6, 7, 10, 11, 15, 23, 24, 25, 26, 30, 32, 39, 45, 48, 50, 55, 56, 59, 60, 63, 65, 66, 68, 69, 77, 83, 84, 85, 88, 89, 90, 91, 93, 94, 95, 96, 102, 110, 113, 116, 117, 121, 122, 123, 129, 130]) )
                          )
                          ( Sattelite (span: 131 191)
                            ( Nucleus (span: 131 136)
                              ( Sattelite (leaf: 131) (text: ) (vein: [0, 1, 5, 6, 7, 10, 11, 15, 23, 24, 25, 26, 30, 32, 39, 45, 48, 50, 55, 56, 59, 60, 63, 65, 66, 68, 69, 77, 83, 84, 85, 88, 89, 90, 91, 93, 94, 95, 96, 102, 110, 113, 116, 117, 121, 122, 123, 129, 131, 132, 133, 135]) )
                              ( Nucleus (span: 132 136)
                                ( Nucleus (leaf: 132) (text: ) (vein: [0, 1, 5, 6, 7, 10, 11, 15, 23, 24, 25, 26, 30, 32, 39, 45, 48, 50, 55, 56, 59, 60, 63, 65, 66, 68, 69, 77, 83, 84, 85, 88, 89, 90, 91, 93, 94, 95, 96, 102, 110, 113, 116, 117, 121, 122, 123, 129, 131, 132, 133, 135]) )
                                ( Nucleus (span: 133 136)
                                  ( Nucleus (span: 133 134)
                                    ( Nucleus (leaf: 133) (text: ) (vein: [0, 1, 5, 6, 7, 10, 11, 15, 23, 24, 25, 26, 30, 32, 39, 45, 48, 50, 55, 56, 59, 60, 63, 65, 66, 68, 69, 77, 83, 84, 85, 88, 89, 90, 91, 93, 94, 95, 96, 102, 110, 113, 116, 117, 121, 122, 123, 129, 131, 132, 133, 135]) )
                                    ( Sattelite (leaf: 134) (text: ) (vein: [0, 1, 5, 6, 7, 10, 11, 15, 23, 24, 25, 26, 30, 32, 39, 45, 48, 50, 55, 56, 59, 60, 63, 65, 66, 68, 69, 77, 83, 84, 85, 88, 89, 90, 91, 93, 94, 95, 96, 102, 110, 113, 116, 117, 121, 122, 123, 129, 132, 133, 134, 135]) )
                                  )
                                  ( Nucleus (span: 135 136)
                                    ( Nucleus (leaf: 135) (text: ) (vein: [0, 1, 5, 6, 7, 10, 11, 15, 23, 24, 25, 26, 30, 32, 39, 45, 48, 50, 55, 56, 59, 60, 63, 65, 66, 68, 69, 77, 83, 84, 85, 88, 89, 90, 91, 93, 94, 95, 96, 102, 110, 113, 116, 117, 121, 122, 123, 129, 131, 132, 133, 135]) )
                                    ( Sattelite (leaf: 136) (text: ) (vein: [0, 1, 5, 6, 7, 10, 11, 15, 23, 24, 25, 26, 30, 32, 39, 45, 48, 50, 55, 56, 59, 60, 63, 65, 66, 68, 69, 77, 83, 84, 85, 88, 89, 90, 91, 93, 94, 95, 96, 102, 110, 113, 116, 117, 121, 122, 123, 129, 132, 133, 135, 136]) )
                                  )
                                )
                              )
                            )
                            ( Sattelite (span: 137 191)
                              ( Nucleus (span: 137 146)
                                ( Sattelite (span: 137 143)
                                  ( Nucleus (leaf: 137) (text: ) (vein: [0, 1, 5, 6, 7, 10, 11, 15, 23, 24, 25, 26, 30, 32, 39, 45, 48, 50, 55, 56, 59, 60, 63, 65, 66, 68, 69, 77, 83, 84, 85, 88, 89, 90, 91, 93, 94, 95, 96, 102, 110, 113, 116, 117, 121, 122, 123, 129, 132, 133, 135, 137, 144]) )
                                  ( Sattelite (span: 138 143)
                                    ( Nucleus (leaf: 138) (text: ) (vein: [0, 1, 5, 6, 7, 10, 11, 15, 23, 24, 25, 26, 30, 32, 39, 45, 48, 50, 55, 56, 59, 60, 63, 65, 66, 68, 69, 77, 83, 84, 85, 88, 89, 90, 91, 93, 94, 95, 96, 102, 110, 113, 116, 117, 121, 122, 123, 129, 132, 133, 135, 137, 138, 144]) )
                                    ( Sattelite (span: 139 143)
                                      ( Nucleus (span: 139 140)
                                        ( Nucleus (leaf: 139) (text: ) (vein: [0, 1, 5, 6, 7, 10, 11, 15, 23, 24, 25, 26, 30, 32, 39, 45, 48, 50, 55, 56, 59, 60, 63, 65, 66, 68, 69, 77, 83, 84, 85, 88, 89, 90, 91, 93, 94, 95, 96, 102, 110, 113, 116, 117, 121, 122, 123, 129, 132, 133, 135, 137, 138, 139, 141, 144]) )
                                        ( Sattelite (leaf: 140) (text: ) (vein: [0, 1, 5, 6, 7, 10, 11, 15, 23, 24, 25, 26, 30, 32, 39, 45, 48, 50, 55, 56, 59, 60, 63, 65, 66, 68, 69, 77, 83, 84, 85, 88, 89, 90, 91, 93, 94, 95, 96, 102, 110, 113, 116, 117, 121, 122, 123, 129, 132, 133, 135, 137, 138, 139, 140, 141, 144]) )
                                      )
                                      ( Nucleus (span: 141 143)
                                        ( Nucleus (leaf: 141) (text: ) (vein: [0, 1, 5, 6, 7, 10, 11, 15, 23, 24, 25, 26, 30, 32, 39, 45, 48, 50, 55, 56, 59, 60, 63, 65, 66, 68, 69, 77, 83, 84, 85, 88, 89, 90, 91, 93, 94, 95, 96, 102, 110, 113, 116, 117, 121, 122, 123, 129, 132, 133, 135, 137, 138, 139, 141, 144]) )
                                        ( Sattelite (span: 142 143)
                                          ( Nucleus (leaf: 142) (text: ) (vein: [0, 1, 5, 6, 7, 10, 11, 15, 23, 24, 25, 26, 30, 32, 39, 45, 48, 50, 55, 56, 59, 60, 63, 65, 66, 68, 69, 77, 83, 84, 85, 88, 89, 90, 91, 93, 94, 95, 96, 102, 110, 113, 116, 117, 121, 122, 123, 129, 132, 133, 135, 137, 138, 139, 141, 142, 144]) )
                                          ( Sattelite (leaf: 143) (text: ) (vein: [0, 1, 5, 6, 7, 10, 11, 15, 23, 24, 25, 26, 30, 32, 39, 45, 48, 50, 55, 56, 59, 60, 63, 65, 66, 68, 69, 77, 83, 84, 85, 88, 89, 90, 91, 93, 94, 95, 96, 102, 110, 113, 116, 117, 121, 122, 123, 129, 132, 133, 135, 137, 138, 139, 141, 142, 143, 144]) )
                                        )
                                      )
                                    )
                                  )
                                )
                                ( Nucleus (span: 144 146)
                                  ( Nucleus (leaf: 144) (text: ) (vein: [0, 1, 5, 6, 7, 10, 11, 15, 23, 24, 25, 26, 30, 32, 39, 45, 48, 50, 55, 56, 59, 60, 63, 65, 66, 68, 69, 77, 83, 84, 85, 88, 89, 90, 91, 93, 94, 95, 96, 102, 110, 113, 116, 117, 121, 122, 123, 129, 132, 133, 135, 137, 144]) )
                                  ( Sattelite (span: 145 146)
                                    ( Nucleus (leaf: 145) (text: ) (vein: [0, 1, 5, 6, 7, 10, 11, 15, 23, 24, 25, 26, 30, 32, 39, 45, 48, 50, 55, 56, 59, 60, 63, 65, 66, 68, 69, 77, 83, 84, 85, 88, 89, 90, 91, 93, 94, 95, 96, 102, 110, 113, 116, 117, 121, 122, 123, 129, 132, 133, 135, 144, 145]) )
                                    ( Sattelite (leaf: 146) (text: ) (vein: [0, 1, 5, 6, 7, 10, 11, 15, 23, 24, 25, 26, 30, 32, 39, 45, 48, 50, 55, 56, 59, 60, 63, 65, 66, 68, 69, 77, 83, 84, 85, 88, 89, 90, 91, 93, 94, 95, 96, 102, 110, 113, 116, 117, 121, 122, 123, 129, 132, 133, 135, 144, 145, 146]) )
                                  )
                                )
                              )
                              ( Sattelite (span: 147 191)
                                ( Nucleus (span: 147 149)
                                  ( Nucleus (leaf: 147) (text: ) (vein: [0, 1, 5, 6, 7, 10, 11, 15, 23, 24, 25, 26, 30, 32, 39, 45, 48, 50, 55, 56, 59, 60, 63, 65, 66, 68, 69, 77, 83, 84, 85, 88, 89, 90, 91, 93, 94, 95, 96, 102, 110, 113, 116, 117, 121, 122, 123, 129, 132, 133, 135, 144, 147]) )
                                  ( Sattelite (span: 148 149)
                                    ( Nucleus (leaf: 148) (text: ) (vein: [0, 1, 5, 6, 7, 10, 11, 15, 23, 24, 25, 26, 30, 32, 39, 45, 48, 50, 55, 56, 59, 60, 63, 65, 66, 68, 69, 77, 83, 84, 85, 88, 89, 90, 91, 93, 94, 95, 96, 102, 110, 113, 116, 117, 121, 122, 123, 129, 132, 133, 135, 144, 147, 148]) )
                                    ( Sattelite (leaf: 149) (text: ) (vein: [0, 1, 5, 6, 7, 10, 11, 15, 23, 24, 25, 26, 30, 32, 39, 45, 48, 50, 55, 56, 59, 60, 63, 65, 66, 68, 69, 77, 83, 84, 85, 88, 89, 90, 91, 93, 94, 95, 96, 102, 110, 113, 116, 117, 121, 122, 123, 129, 132, 133, 135, 144, 147, 148, 149]) )
                                  )
                                )
                                ( Sattelite (span: 150 191)
                                  ( Nucleus (span: 150 158)
                                    ( Sattelite (leaf: 150) (text: ) (vein: [0, 1, 5, 6, 7, 10, 11, 15, 23, 24, 25, 26, 30, 32, 39, 45, 48, 50, 55, 56, 59, 60, 63, 65, 66, 68, 69, 77, 83, 84, 85, 88, 89, 90, 91, 93, 94, 95, 96, 102, 110, 113, 116, 117, 121, 122, 123, 129, 132, 133, 135, 144, 147, 150, 151, 152, 154, 155]) )
                                    ( Nucleus (span: 151 158)
                                      ( Nucleus (span: 151 154)
                                        ( Nucleus (leaf: 151) (text: ) (vein: [0, 1, 5, 6, 7, 10, 11, 15, 23, 24, 25, 26, 30, 32, 39, 45, 48, 50, 55, 56, 59, 60, 63, 65, 66, 68, 69, 77, 83, 84, 85, 88, 89, 90, 91, 93, 94, 95, 96, 102, 110, 113, 116, 117, 121, 122, 123, 129, 132, 133, 135, 144, 147, 150, 151, 152, 154, 155]) )
                                        ( Nucleus (span: 152 154)
                                          ( Nucleus (span: 152 153)
                                            ( Nucleus (leaf: 152) (text: ) (vein: [0, 1, 5, 6, 7, 10, 11, 15, 23, 24, 25, 26, 30, 32, 39, 45, 48, 50, 55, 56, 59, 60, 63, 65, 66, 68, 69, 77, 83, 84, 85, 88, 89, 90, 91, 93, 94, 95, 96, 102, 110, 113, 116, 117, 121, 122, 123, 129, 132, 133, 135, 144, 147, 150, 151, 152, 154, 155]) )
                                            ( Sattelite (leaf: 153) (text: ) (vein: [0, 1, 5, 6, 7, 10, 11, 15, 23, 24, 25, 26, 30, 32, 39, 45, 48, 50, 55, 56, 59, 60, 63, 65, 66, 68, 69, 77, 83, 84, 85, 88, 89, 90, 91, 93, 94, 95, 96, 102, 110, 113, 116, 117, 121, 122, 123, 129, 132, 133, 135, 144, 147, 151, 152, 153, 154, 155]) )
                                          )
                                          ( Nucleus (leaf: 154) (text: ) (vein: [0, 1, 5, 6, 7, 10, 11, 15, 23, 24, 25, 26, 30, 32, 39, 45, 48, 50, 55, 56, 59, 60, 63, 65, 66, 68, 69, 77, 83, 84, 85, 88, 89, 90, 91, 93, 94, 95, 96, 102, 110, 113, 116, 117, 121, 122, 123, 129, 132, 133, 135, 144, 147, 150, 151, 152, 154, 155]) )
                                        )
                                      )
                                      ( Nucleus (span: 155 158)
                                        ( Nucleus (span: 155 156)
                                          ( Nucleus (leaf: 155) (text: ) (vein: [0, 1, 5, 6, 7, 10, 11, 15, 23, 24, 25, 26, 30, 32, 39, 45, 48, 50, 55, 56, 59, 60, 63, 65, 66, 68, 69, 77, 83, 84, 85, 88, 89, 90, 91, 93, 94, 95, 96, 102, 110, 113, 116, 117, 121, 122, 123, 129, 132, 133, 135, 144, 147, 150, 151, 152, 154, 155]) )
                                          ( Sattelite (leaf: 156) (text: ) (vein: [0, 1, 5, 6, 7, 10, 11, 15, 23, 24, 25, 26, 30, 32, 39, 45, 48, 50, 55, 56, 59, 60, 63, 65, 66, 68, 69, 77, 83, 84, 85, 88, 89, 90, 91, 93, 94, 95, 96, 102, 110, 113, 116, 117, 121, 122, 123, 129, 132, 133, 135, 144, 147, 151, 152, 154, 155, 156]) )
                                        )
                                        ( Sattelite (span: 157 158)
                                          ( Nucleus (leaf: 157) (text: ) (vein: [0, 1, 5, 6, 7, 10, 11, 15, 23, 24, 25, 26, 30, 32, 39, 45, 48, 50, 55, 56, 59, 60, 63, 65, 66, 68, 69, 77, 83, 84, 85, 88, 89, 90, 91, 93, 94, 95, 96, 102, 110, 113, 116, 117, 121, 122, 123, 129, 132, 133, 135, 144, 147, 151, 152, 154, 155, 157]) )
                                          ( Sattelite (leaf: 158) (text: ) (vein: [0, 1, 5, 6, 7, 10, 11, 15, 23, 24, 25, 26, 30, 32, 39, 45, 48, 50, 55, 56, 59, 60, 63, 65, 66, 68, 69, 77, 83, 84, 85, 88, 89, 90, 91, 93, 94, 95, 96, 102, 110, 113, 116, 117, 121, 122, 123, 129, 132, 133, 135, 144, 147, 151, 152, 154, 155, 157, 158]) )
                                        )
                                      )
                                    )
                                  )
                                  ( Sattelite (span: 159 191)
                                    ( Sattelite (leaf: 159) (text: Johnonwine said ... ) (vein: [0, 1, 5, 6, 7, 10, 11, 15, 23, 24, 25, 26, 30, 32, 39, 45, 48, 50, 55, 56, 59, 60, 63, 65, 66, 68, 69, 77, 83, 84, 85, 88, 89, 90, 91, 93, 94, 95, 96, 102, 110, 113, 116, 117, 121, 122, 123, 129, 132, 133, 135, 144, 147, 151, 152, 154, 155, 159, 160, 161, 163, 164, 165, 168, 171, 172, 174, 175, 177, 179, 181, 182, 184, 185, 189]) )
                                    ( Nucleus (span: 160 191)
                                      ( Nucleus (leaf: 160) (text: They [ Honore Comfort and the Sonoma County Vintners ] point to the prestige that the " Napa Valley " designation carries . ) (vein: [0, 1, 5, 6, 7, 10, 11, 15, 23, 24, 25, 26, 30, 32, 39, 45, 48, 50, 55, 56, 59, 60, 63, 65, 66, 68, 69, 77, 83, 84, 85, 88, 89, 90, 91, 93, 94, 95, 96, 102, 110, 113, 116, 117, 121, 122, 123, 129, 132, 133, 135, 144, 147, 151, 152, 154, 155, 159, 160, 161, 163, 164, 165, 168, 171, 172, 174, 175, 177, 179, 181, 182, 184, 185, 189]) )
                                      ( Nucleus (span: 161 191)
                                        ( Nucleus (span: 161 162)
                                          ( Nucleus (leaf: 161) (text: But this prestige has nothing to due with the law that demands " Napa Valley " , in addition to simply " Rutherford " , ) (vein: [0, 1, 5, 6, 7, 10, 11, 15, 23, 24, 25, 26, 30, 32, 39, 45, 48, 50, 55, 56, 59, 60, 63, 65, 66, 68, 69, 77, 83, 84, 85, 88, 89, 90, 91, 93, 94, 95, 96, 102, 110, 113, 116, 117, 121, 122, 123, 129, 132, 133, 135, 144, 147, 151, 152, 154, 155, 159, 160, 161, 163, 164, 165, 168, 171, 172, 174, 175, 177, 179, 181, 182, 184, 185, 189]) )
                                          ( Sattelite (leaf: 162) (text: be placed on these wines . ) (vein: [0, 1, 5, 6, 7, 10, 11, 15, 23, 24, 25, 26, 30, 32, 39, 45, 48, 50, 55, 56, 59, 60, 63, 65, 66, 68, 69, 77, 83, 84, 85, 88, 89, 90, 91, 93, 94, 95, 96, 102, 110, 113, 116, 117, 121, 122, 123, 129, 132, 133, 135, 144, 147, 151, 152, 154, 155, 160, 161, 162, 163, 164, 165, 168, 171, 172, 174, 175, 177, 179, 181, 182, 184, 185, 189]) )
                                        )
                                        ( Nucleus (span: 163 191)
                                          ( Nucleus (leaf: 163) (text: It has to do entirely with the promotional effort that has gone into making " Napa Valley " a place associated with great wines . ) (vein: [0, 1, 5, 6, 7, 10, 11, 15, 23, 24, 25, 26, 30, 32, 39, 45, 48, 50, 55, 56, 59, 60, 63, 65, 66, 68, 69, 77, 83, 84, 85, 88, 89, 90, 91, 93, 94, 95, 96, 102, 110, 113, 116, 117, 121, 122, 123, 129, 132, 133, 135, 144, 147, 151, 152, 154, 155, 159, 160, 161, 163, 164, 165, 168, 171, 172, 174, 175, 177, 179, 181, 182, 184, 185, 189]) )
                                          ( Nucleus (span: 164 191)
                                            ( Nucleus (leaf: 164) (text: Such an association will not be made with " Sonoma County " wines ... ever . ) (vein: [0, 1, 5, 6, 7, 10, 11, 15, 23, 24, 25, 26, 30, 32, 39, 45, 48, 50, 55, 56, 59, 60, 63, 65, 66, 68, 69, 77, 83, 84, 85, 88, 89, 90, 91, 93, 94, 95, 96, 102, 110, 113, 116, 117, 121, 122, 123, 129, 132, 133, 135, 144, 147, 151, 152, 154, 155, 159, 160, 161, 163, 164, 165, 168, 171, 172, 174, 175, 177, 179, 181, 182, 184, 185, 189]) )
                                            ( Nucleus (span: 165 191)
                                              ( Nucleus (span: 165 167)
                                                ( Nucleus (leaf: 165) (text: Tom , I would suggest that all Napa wineries , good and bad , benefit from having Napa Valley on the label ; ) (vein: [0, 1, 5, 6, 7, 10, 11, 15, 23, 24, 25, 26, 30, 32, 39, 45, 48, 50, 55, 56, 59, 60, 63, 65, 66, 68, 69, 77, 83, 84, 85, 88, 89, 90, 91, 93, 94, 95, 96, 102, 110, 113, 116, 117, 121, 122, 123, 129, 132, 133, 135, 144, 147, 151, 152, 154, 155, 159, 160, 161, 163, 164, 165, 168, 171, 172, 174, 175, 177, 179, 181, 182, 184, 185, 189]) )
                                                ( Sattelite (span: 166 167)
                                                  ( Nucleus (leaf: 166) (text: it is indeed a great example of marketing - ) (vein: [0, 1, 5, 6, 7, 10, 11, 15, 23, 24, 25, 26, 30, 32, 39, 45, 48, 50, 55, 56, 59, 60, 63, 65, 66, 68, 69, 77, 83, 84, 85, 88, 89, 90, 91, 93, 94, 95, 96, 102, 110, 113, 116, 117, 121, 122, 123, 129, 132, 133, 135, 144, 147, 151, 152, 154, 155, 160, 161, 163, 164, 165, 166, 168, 171, 172, 174, 175, 177, 179, 181, 182, 184, 185, 189]) )
                                                  ( Sattelite (leaf: 167) (text: what you describe as promotional effort . ) (vein: [0, 1, 5, 6, 7, 10, 11, 15, 23, 24, 25, 26, 30, 32, 39, 45, 48, 50, 55, 56, 59, 60, 63, 65, 66, 68, 69, 77, 83, 84, 85, 88, 89, 90, 91, 93, 94, 95, 96, 102, 110, 113, 116, 117, 121, 122, 123, 129, 132, 133, 135, 144, 147, 151, 152, 154, 155, 160, 161, 163, 164, 165, 166, 167, 168, 171, 172, 174, 175, 177, 179, 181, 182, 184, 185, 189]) )
                                                )
                                              )
                                              ( Nucleus (span: 168 191)
                                                ( Nucleus (span: 168 170)
                                                  ( Nucleus (leaf: 168) (text: Perhaps the proponents of the law are not doing the job they were hired to do , ) (vein: [0, 1, 5, 6, 7, 10, 11, 15, 23, 24, 25, 26, 30, 32, 39, 45, 48, 50, 55, 56, 59, 60, 63, 65, 66, 68, 69, 77, 83, 84, 85, 88, 89, 90, 91, 93, 94, 95, 96, 102, 110, 113, 116, 117, 121, 122, 123, 129, 132, 133, 135, 144, 147, 151, 152, 154, 155, 159, 160, 161, 163, 164, 165, 168, 171, 172, 174, 175, 177, 179, 181, 182, 184, 185, 189]) )
                                                  ( Sattelite (span: 169 170)
                                                    ( Nucleus (leaf: 169) (text: perhaps the SCV needs a more passionate communicator on their marketing team , ) (vein: [0, 1, 5, 6, 7, 10, 11, 15, 23, 24, 25, 26, 30, 32, 39, 45, 48, 50, 55, 56, 59, 60, 63, 65, 66, 68, 69, 77, 83, 84, 85, 88, 89, 90, 91, 93, 94, 95, 96, 102, 110, 113, 116, 117, 121, 122, 123, 129, 132, 133, 135, 144, 147, 151, 152, 154, 155, 160, 161, 163, 164, 165, 168, 169, 171, 172, 174, 175, 177, 179, 181, 182, 184, 185, 189]) )
                                                    ( Sattelite (leaf: 170) (text: putting together the quality promotion you suggest is impossible . ) (vein: [0, 1, 5, 6, 7, 10, 11, 15, 23, 24, 25, 26, 30, 32, 39, 45, 48, 50, 55, 56, 59, 60, 63, 65, 66, 68, 69, 77, 83, 84, 85, 88, 89, 90, 91, 93, 94, 95, 96, 102, 110, 113, 116, 117, 121, 122, 123, 129, 132, 133, 135, 144, 147, 151, 152, 154, 155, 160, 161, 163, 164, 165, 168, 169, 170, 171, 172, 174, 175, 177, 179, 181, 182, 184, 185, 189]) )
                                                  )
                                                )
                                                ( Nucleus (span: 171 191)
                                                  ( Nucleus (leaf: 171) (text: Sonoma County , with roughly half of the wineries of Napa County , wins roughly twice as many gold medals in national and international wine competitions . ) (vein: [0, 1, 5, 6, 7, 10, 11, 15, 23, 24, 25, 26, 30, 32, 39, 45, 48, 50, 55, 56, 59, 60, 63, 65, 66, 68, 69, 77, 83, 84, 85, 88, 89, 90, 91, 93, 94, 95, 96, 102, 110, 113, 116, 117, 121, 122, 123, 129, 132, 133, 135, 144, 147, 151, 152, 154, 155, 159, 160, 161, 163, 164, 165, 168, 171, 172, 174, 175, 177, 179, 181, 182, 184, 185, 189]) )
                                                  ( Nucleus (span: 172 191)
                                                    ( Nucleus (span: 172 174)
                                                      ( Nucleus (leaf: 172) (text: That , the fact that their wines cost less on average , ) (vein: [0, 1, 5, 6, 7, 10, 11, 15, 23, 24, 25, 26, 30, 32, 39, 45, 48, 50, 55, 56, 59, 60, 63, 65, 66, 68, 69, 77, 83, 84, 85, 88, 89, 90, 91, 93, 94, 95, 96, 102, 110, 113, 116, 117, 121, 122, 123, 129, 132, 133, 135, 144, 147, 151, 152, 154, 155, 159, 160, 161, 163, 164, 165, 168, 171, 172, 174, 175, 177, 179, 181, 182, 184, 185, 189]) )
                                                      ( Nucleus (span: 173 174)
                                                        ( Sattelite (leaf: 173) (text: and the wineries are friendlier , ) (vein: [0, 1, 5, 6, 7, 10, 11, 15, 23, 24, 25, 26, 30, 32, 39, 45, 48, 50, 55, 56, 59, 60, 63, 65, 66, 68, 69, 77, 83, 84, 85, 88, 89, 90, 91, 93, 94, 95, 96, 102, 110, 113, 116, 117, 121, 122, 123, 129, 132, 133, 135, 144, 147, 151, 152, 154, 155, 159, 160, 161, 163, 164, 165, 168, 171, 172, 173, 174, 175, 177, 179, 181, 182, 184, 185, 189]) )
                                                        ( Nucleus (leaf: 174) (text: less snooty is a compelling story to get out to the public . ) (vein: [0, 1, 5, 6, 7, 10, 11, 15, 23, 24, 25, 26, 30, 32, 39, 45, 48, 50, 55, 56, 59, 60, 63, 65, 66, 68, 69, 77, 83, 84, 85, 88, 89, 90, 91, 93, 94, 95, 96, 102, 110, 113, 116, 117, 121, 122, 123, 129, 132, 133, 135, 144, 147, 151, 152, 154, 155, 159, 160, 161, 163, 164, 165, 168, 171, 172, 173, 174, 175, 177, 179, 181, 182, 184, 185, 189]) )
                                                      )
                                                    )
                                                    ( Nucleus (span: 175 191)
                                                      ( Nucleus (span: 175 176)
                                                        ( Nucleus (leaf: 175) (text: Heck , if folks knew all that , ) (vein: [0, 1, 5, 6, 7, 10, 11, 15, 23, 24, 25, 26, 30, 32, 39, 45, 48, 50, 55, 56, 59, 60, 63, 65, 66, 68, 69, 77, 83, 84, 85, 88, 89, 90, 91, 93, 94, 95, 96, 102, 110, 113, 116, 117, 121, 122, 123, 129, 132, 133, 135, 144, 147, 151, 152, 154, 155, 159, 160, 161, 163, 164, 165, 168, 171, 172, 174, 175, 177, 179, 181, 182, 184, 185, 189]) )
                                                        ( Sattelite (leaf: 176) (text: maybe folks would be seeking out bottles with " Sonoma County " on the label . ) (vein: [0, 1, 5, 6, 7, 10, 11, 15, 23, 24, 25, 26, 30, 32, 39, 45, 48, 50, 55, 56, 59, 60, 63, 65, 66, 68, 69, 77, 83, 84, 85, 88, 89, 90, 91, 93, 94, 95, 96, 102, 110, 113, 116, 117, 121, 122, 123, 129, 132, 133, 135, 144, 147, 151, 152, 154, 155, 160, 161, 163, 164, 165, 168, 171, 172, 174, 175, 176, 177, 179, 181, 182, 184, 185, 189]) )
                                                      )
                                                      ( Nucleus (span: 177 191)
                                                        ( Nucleus (span: 177 178)
                                                          ( Nucleus (leaf: 177) (text: You suggest that this is a bad law , ) (vein: [0, 1, 5, 6, 7, 10, 11, 15, 23, 24, 25, 26, 30, 32, 39, 45, 48, 50, 55, 56, 59, 60, 63, 65, 66, 68, 69, 77, 83, 84, 85, 88, 89, 90, 91, 93, 94, 95, 96, 102, 110, 113, 116, 117, 121, 122, 123, 129, 132, 133, 135, 144, 147, 151, 152, 154, 155, 159, 160, 161, 163, 164, 165, 168, 171, 172, 174, 175, 177, 179, 181, 182, 184, 185, 189]) )
                                                          ( Sattelite (leaf: 178) (text: that Sonoma County will never be associated with high quality wine in the way Napa County is . ) (vein: [0, 1, 5, 6, 7, 10, 11, 15, 23, 24, 25, 26, 30, 32, 39, 45, 48, 50, 55, 56, 59, 60, 63, 65, 66, 68, 69, 77, 83, 84, 85, 88, 89, 90, 91, 93, 94, 95, 96, 102, 110, 113, 116, 117, 121, 122, 123, 129, 132, 133, 135, 144, 147, 151, 152, 154, 155, 160, 161, 163, 164, 165, 168, 171, 172, 174, 175, 177, 178, 179, 181, 182, 184, 185, 189]) )
                                                        )
                                                        ( Nucleus (span: 179 191)
                                                          ( Nucleus (span: 179 181)
                                                            ( Nucleus (span: 179 180)
                                                              ( Nucleus (leaf: 179) (text: I disagree , ) (vein: [0, 1, 5, 6, 7, 10, 11, 15, 23, 24, 25, 26, 30, 32, 39, 45, 48, 50, 55, 56, 59, 60, 63, 65, 66, 68, 69, 77, 83, 84, 85, 88, 89, 90, 91, 93, 94, 95, 96, 102, 110, 113, 116, 117, 121, 122, 123, 129, 132, 133, 135, 144, 147, 151, 152, 154, 155, 159, 160, 161, 163, 164, 165, 168, 171, 172, 174, 175, 177, 179, 181, 182, 184, 185, 189]) )
                                                              ( Sattelite (leaf: 180) (text: but I am eternally hop , ) (vein: [0, 1, 5, 6, 7, 10, 11, 15, 23, 24, 25, 26, 30, 32, 39, 45, 48, 50, 55, 56, 59, 60, 63, 65, 66, 68, 69, 77, 83, 84, 85, 88, 89, 90, 91, 93, 94, 95, 96, 102, 110, 113, 116, 117, 121, 122, 123, 129, 132, 133, 135, 144, 147, 151, 152, 154, 155, 160, 161, 163, 164, 165, 168, 171, 172, 174, 175, 177, 179, 180, 181, 182, 184, 185, 189]) )
                                                            )
                                                            ( Nucleus (leaf: 181) (text: optimistic that the Sonoma County Vintners will inject a little passion and not more of the same old staid and boring in their marketing communications . ) (vein: [0, 1, 5, 6, 7, 10, 11, 15, 23, 24, 25, 26, 30, 32, 39, 45, 48, 50, 55, 56, 59, 60, 63, 65, 66, 68, 69, 77, 83, 84, 85, 88, 89, 90, 91, 93, 94, 95, 96, 102, 110, 113, 116, 117, 121, 122, 123, 129, 132, 133, 135, 144, 147, 151, 152, 154, 155, 159, 160, 161, 163, 164, 165, 168, 171, 172, 174, 175, 177, 179, 181, 182, 184, 185, 189]) )
                                                          )
                                                          ( Nucleus (span: 182 191)
                                                            ( Nucleus (span: 182 183)
                                                              ( Nucleus (leaf: 182) (text: I have confidence they will change , retool , improve , ) (vein: [0, 1, 5, 6, 7, 10, 11, 15, 23, 24, 25, 26, 30, 32, 39, 45, 48, 50, 55, 56, 59, 60, 63, 65, 66, 68, 69, 77, 83, 84, 85, 88, 89, 90, 91, 93, 94, 95, 96, 102, 110, 113, 116, 117, 121, 122, 123, 129, 132, 133, 135, 144, 147, 151, 152, 154, 155, 159, 160, 161, 163, 164, 165, 168, 171, 172, 174, 175, 177, 179, 181, 182, 184, 185, 189]) )
                                                              ( Sattelite (leaf: 183) (text: live up to their responsibilities . ) (vein: [0, 1, 5, 6, 7, 10, 11, 15, 23, 24, 25, 26, 30, 32, 39, 45, 48, 50, 55, 56, 59, 60, 63, 65, 66, 68, 69, 77, 83, 84, 85, 88, 89, 90, 91, 93, 94, 95, 96, 102, 110, 113, 116, 117, 121, 122, 123, 129, 132, 133, 135, 144, 147, 151, 152, 154, 155, 160, 161, 163, 164, 165, 168, 171, 172, 174, 175, 177, 179, 181, 182, 183, 184, 185, 189]) )
                                                            )
                                                            ( Nucleus (span: 184 191)
                                                              ( Nucleus (span: 184 188)
                                                                ( Nucleus (span: 184 185)
                                                                  ( Nucleus (leaf: 184) (text: I worked selling and marketing Sonoma County wines , ) (vein: [0, 1, 5, 6, 7, 10, 11, 15, 23, 24, 25, 26, 30, 32, 39, 45, 48, 50, 55, 56, 59, 60, 63, 65, 66, 68, 69, 77, 83, 84, 85, 88, 89, 90, 91, 93, 94, 95, 96, 102, 110, 113, 116, 117, 121, 122, 123, 129, 132, 133, 135, 144, 147, 151, 152, 154, 155, 159, 160, 161, 163, 164, 165, 168, 171, 172, 174, 175, 177, 179, 181, 182, 184, 185, 189]) )
                                                                  ( Nucleus (leaf: 185) (text: I won awards for my marketing efforts . ) (vein: [0, 1, 5, 6, 7, 10, 11, 15, 23, 24, 25, 26, 30, 32, 39, 45, 48, 50, 55, 56, 59, 60, 63, 65, 66, 68, 69, 77, 83, 84, 85, 88, 89, 90, 91, 93, 94, 95, 96, 102, 110, 113, 116, 117, 121, 122, 123, 129, 132, 133, 135, 144, 147, 151, 152, 154, 155, 159, 160, 161, 163, 164, 165, 168, 171, 172, 174, 175, 177, 179, 181, 182, 184, 185, 189]) )
                                                                )
                                                                ( Sattelite (span: 186 188)
                                                                  ( Nucleus (leaf: 186) (text: The story is simple . ) (vein: [0, 1, 5, 6, 7, 10, 11, 15, 23, 24, 25, 26, 30, 32, 39, 45, 48, 50, 55, 56, 59, 60, 63, 65, 66, 68, 69, 77, 83, 84, 85, 88, 89, 90, 91, 93, 94, 95, 96, 102, 110, 113, 116, 117, 121, 122, 123, 129, 132, 133, 135, 144, 147, 151, 152, 154, 155, 160, 161, 163, 164, 165, 168, 171, 172, 174, 175, 177, 179, 181, 182, 184, 185, 186, 189]) )
                                                                  ( Sattelite (span: 187 188)
                                                                    ( Nucleus (leaf: 187) (text: People are receptive to it . ) (vein: [0, 1, 5, 6, 7, 10, 11, 15, 23, 24, 25, 26, 30, 32, 39, 45, 48, 50, 55, 56, 59, 60, 63, 65, 66, 68, 69, 77, 83, 84, 85, 88, 89, 90, 91, 93, 94, 95, 96, 102, 110, 113, 116, 117, 121, 122, 123, 129, 132, 133, 135, 144, 147, 151, 152, 154, 155, 160, 161, 163, 164, 165, 168, 171, 172, 174, 175, 177, 179, 181, 182, 184, 185, 186, 187, 189]) )
                                                                    ( Sattelite (leaf: 188) (text: Selling the magic of Sonoma County wines is easy . ) (vein: [0, 1, 5, 6, 7, 10, 11, 15, 23, 24, 25, 26, 30, 32, 39, 45, 48, 50, 55, 56, 59, 60, 63, 65, 66, 68, 69, 77, 83, 84, 85, 88, 89, 90, 91, 93, 94, 95, 96, 102, 110, 113, 116, 117, 121, 122, 123, 129, 132, 133, 135, 144, 147, 151, 152, 154, 155, 160, 161, 163, 164, 165, 168, 171, 172, 174, 175, 177, 179, 181, 182, 184, 185, 186, 187, 188, 189]) )
                                                                  )
                                                                )
                                                              )
                                                              ( Nucleus (span: 189 191)
                                                                ( Nucleus (leaf: 189) (text: That 's my take anyway , ) (vein: [0, 1, 5, 6, 7, 10, 11, 15, 23, 24, 25, 26, 30, 32, 39, 45, 48, 50, 55, 56, 59, 60, 63, 65, 66, 68, 69, 77, 83, 84, 85, 88, 89, 90, 91, 93, 94, 95, 96, 102, 110, 113, 116, 117, 121, 122, 123, 129, 132, 133, 135, 144, 147, 151, 152, 154, 155, 159, 160, 161, 163, 164, 165, 168, 171, 172, 174, 175, 177, 179, 181, 182, 184, 185, 189]) )
                                                                ( Sattelite (span: 190 191)
                                                                  ( Nucleus (leaf: 190) (text: I do n't aim to be contrarian , ) (vein: [0, 1, 5, 6, 7, 10, 11, 15, 23, 24, 25, 26, 30, 32, 39, 45, 48, 50, 55, 56, 59, 60, 63, 65, 66, 68, 69, 77, 83, 84, 85, 88, 89, 90, 91, 93, 94, 95, 96, 102, 110, 113, 116, 117, 121, 122, 123, 129, 132, 133, 135, 144, 147, 151, 152, 154, 155, 160, 161, 163, 164, 165, 168, 171, 172, 174, 175, 177, 179, 181, 182, 184, 185, 189, 190]) )
                                                                  ( Sattelite (leaf: 191) (text: but I do n't mind being the sole supporter of the law - as a Sonoma County born and bred wine guy . ) (vein: [0, 1, 5, 6, 7, 10, 11, 15, 23, 24, 25, 26, 30, 32, 39, 45, 48, 50, 55, 56, 59, 60, 63, 65, 66, 68, 69, 77, 83, 84, 85, 88, 89, 90, 91, 93, 94, 95, 96, 102, 110, 113, 116, 117, 121, 122, 123, 129, 132, 133, 135, 144, 147, 151, 152, 154, 155, 160, 161, 163, 164, 165, 168, 171, 172, 174, 175, 177, 179, 181, 182, 184, 185, 189, 190, 191]) )
                                                                )
                                                              )
                                                            )
                                                          )
                                                        )
                                                      )
                                                    )
                                                  )
                                                )
                                              )
                                            )
                                          )
                                        )
                                      )
                                    )
                                  )
                                )
                              )
                            )
                          )
                        )
                      )
                    )
                  )
                )
              )
            )
          )
        )
      )
    )
  )
)

