( Root (0 74 )
  ( Nucleus (span: 0 71)
    ( Nucleus (span: 0 7)
      ( Nucleus (span: 0 1)
        ( Nucleus (leaf: 0) (text: ) (vein: [0, 1, 8, 9, 10, 11, 12, 13, 14, 16, 17, 22, 23, 24, 25, 26, 30, 31, 32, 34, 36, 42, 51, 52, 56, 57, 58, 59, 61, 62, 67, 73, 74]) )
        ( Nucleus (leaf: 1) (text: ) (vein: [0, 1, 8, 9, 10, 11, 12, 13, 14, 16, 17, 22, 23, 24, 25, 26, 30, 31, 32, 34, 36, 42, 51, 52, 56, 57, 58, 59, 61, 62, 67, 73, 74]) )
      )
      ( Sattelite (span: 2 7)
        ( Nucleus (span: 2 3)
          ( Nucleus (leaf: 2) (text: ) (vein: [0, 1, 2, 8, 9, 10, 11, 12, 13, 14, 16, 17, 22, 23, 24, 25, 26, 30, 31, 32, 34, 36, 42, 51, 52, 56, 57, 58, 59, 61, 62, 67, 73, 74]) )
          ( Sattelite (leaf: 3) (text: ) (vein: [0, 1, 2, 3, 8, 9, 10, 11, 12, 13, 14, 16, 17, 22, 23, 24, 25, 26, 30, 31, 32, 34, 36, 42, 51, 52, 56, 57, 58, 59, 61, 62, 67, 73, 74]) )
        )
        ( Sattelite (span: 4 7)
          ( Nucleus (leaf: 4) (text: ) (vein: [0, 1, 2, 4, 8, 9, 10, 11, 12, 13, 14, 16, 17, 22, 23, 24, 25, 26, 30, 31, 32, 34, 36, 42, 51, 52, 56, 57, 58, 59, 61, 62, 67, 73, 74]) )
          ( Sattelite (span: 5 7)
            ( Nucleus (leaf: 5) (text: ) (vein: [0, 1, 2, 4, 5, 8, 9, 10, 11, 12, 13, 14, 16, 17, 22, 23, 24, 25, 26, 30, 31, 32, 34, 36, 42, 51, 52, 56, 57, 58, 59, 61, 62, 67, 73, 74]) )
            ( Sattelite (span: 6 7)
              ( Nucleus (leaf: 6) (text: ) (vein: [0, 1, 2, 4, 5, 6, 8, 9, 10, 11, 12, 13, 14, 16, 17, 22, 23, 24, 25, 26, 30, 31, 32, 34, 36, 42, 51, 52, 56, 57, 58, 59, 61, 62, 67, 73, 74]) )
              ( Sattelite (leaf: 7) (text: ) (vein: [0, 1, 2, 4, 5, 6, 7, 8, 9, 10, 11, 12, 13, 14, 16, 17, 22, 23, 24, 25, 26, 30, 31, 32, 34, 36, 42, 51, 52, 56, 57, 58, 59, 61, 62, 67, 73, 74]) )
            )
          )
        )
      )
    )
    ( Nucleus (span: 8 71)
      ( Nucleus (leaf: 8) (text: ) (vein: [0, 1, 8, 9, 10, 11, 12, 13, 14, 16, 17, 22, 23, 24, 25, 26, 30, 31, 32, 34, 36, 42, 51, 52, 56, 57, 58, 59, 61, 62, 67, 73, 74]) )
      ( Nucleus (span: 9 71)
        ( Nucleus (leaf: 9) (text: ) (vein: [0, 1, 8, 9, 10, 11, 12, 13, 14, 16, 17, 22, 23, 24, 25, 26, 30, 31, 32, 34, 36, 42, 51, 52, 56, 57, 58, 59, 61, 62, 67, 73, 74]) )
        ( Nucleus (span: 10 71)
          ( Nucleus (span: 10 12)
            ( Nucleus (leaf: 10) (text: ) (vein: [0, 1, 8, 9, 10, 11, 12, 13, 14, 16, 17, 22, 23, 24, 25, 26, 30, 31, 32, 34, 36, 42, 51, 52, 56, 57, 58, 59, 61, 62, 67, 73, 74]) )
            ( Nucleus (span: 11 12)
              ( Nucleus (leaf: 11) (text: ) (vein: [0, 1, 8, 9, 10, 11, 12, 13, 14, 16, 17, 22, 23, 24, 25, 26, 30, 31, 32, 34, 36, 42, 51, 52, 56, 57, 58, 59, 61, 62, 67, 73, 74]) )
              ( Nucleus (leaf: 12) (text: ) (vein: [0, 1, 8, 9, 10, 11, 12, 13, 14, 16, 17, 22, 23, 24, 25, 26, 30, 31, 32, 34, 36, 42, 51, 52, 56, 57, 58, 59, 61, 62, 67, 73, 74]) )
            )
          )
          ( Nucleus (span: 13 71)
            ( Nucleus (span: 13 20)
              ( Nucleus (span: 13 17)
                ( Nucleus (leaf: 13) (text: ) (vein: [0, 1, 8, 9, 10, 11, 12, 13, 14, 16, 17, 22, 23, 24, 25, 26, 30, 31, 32, 34, 36, 42, 51, 52, 56, 57, 58, 59, 61, 62, 67, 73, 74]) )
                ( Nucleus (span: 14 17)
                  ( Nucleus (span: 14 15)
                    ( Nucleus (leaf: 14) (text: ) (vein: [0, 1, 8, 9, 10, 11, 12, 13, 14, 16, 17, 22, 23, 24, 25, 26, 30, 31, 32, 34, 36, 42, 51, 52, 56, 57, 58, 59, 61, 62, 67, 73, 74]) )
                    ( Sattelite (leaf: 15) (text: ) (vein: [0, 1, 8, 9, 10, 11, 12, 13, 14, 15, 16, 17, 22, 23, 24, 25, 26, 30, 31, 32, 34, 36, 42, 51, 52, 56, 57, 58, 59, 61, 62, 67, 73, 74]) )
                  )
                  ( Nucleus (span: 16 17)
                    ( Nucleus (leaf: 16) (text: ) (vein: [0, 1, 8, 9, 10, 11, 12, 13, 14, 16, 17, 22, 23, 24, 25, 26, 30, 31, 32, 34, 36, 42, 51, 52, 56, 57, 58, 59, 61, 62, 67, 73, 74]) )
                    ( Nucleus (leaf: 17) (text: ) (vein: [0, 1, 8, 9, 10, 11, 12, 13, 14, 16, 17, 22, 23, 24, 25, 26, 30, 31, 32, 34, 36, 42, 51, 52, 56, 57, 58, 59, 61, 62, 67, 73, 74]) )
                  )
                )
              )
              ( Sattelite (span: 18 20)
                ( Nucleus (leaf: 18) (text: ) (vein: [0, 1, 8, 9, 10, 11, 12, 13, 14, 16, 17, 18, 22, 23, 24, 25, 26, 30, 31, 32, 34, 36, 42, 51, 52, 56, 57, 58, 59, 61, 62, 67, 73, 74]) )
                ( Sattelite (span: 19 20)
                  ( Nucleus (leaf: 19) (text: ) (vein: [0, 1, 8, 9, 10, 11, 12, 13, 14, 16, 17, 18, 19, 22, 23, 24, 25, 26, 30, 31, 32, 34, 36, 42, 51, 52, 56, 57, 58, 59, 61, 62, 67, 73, 74]) )
                  ( Sattelite (leaf: 20) (text: ) (vein: [0, 1, 8, 9, 10, 11, 12, 13, 14, 16, 17, 18, 19, 20, 22, 23, 24, 25, 26, 30, 31, 32, 34, 36, 42, 51, 52, 56, 57, 58, 59, 61, 62, 67, 73, 74]) )
                )
              )
            )
            ( Nucleus (span: 21 71)
              ( Nucleus (span: 21 22)
                ( Sattelite (leaf: 21) (text: ) (vein: [0, 1, 8, 9, 10, 11, 12, 13, 14, 16, 17, 21, 22, 23, 24, 25, 26, 30, 31, 32, 34, 36, 42, 51, 52, 56, 57, 58, 59, 61, 62, 67, 73, 74]) )
                ( Nucleus (leaf: 22) (text: ) (vein: [0, 1, 8, 9, 10, 11, 12, 13, 14, 16, 17, 21, 22, 23, 24, 25, 26, 30, 31, 32, 34, 36, 42, 51, 52, 56, 57, 58, 59, 61, 62, 67, 73, 74]) )
              )
              ( Nucleus (span: 23 71)
                ( Nucleus (leaf: 23) (text: ) (vein: [0, 1, 8, 9, 10, 11, 12, 13, 14, 16, 17, 22, 23, 24, 25, 26, 30, 31, 32, 34, 36, 42, 51, 52, 56, 57, 58, 59, 61, 62, 67, 73, 74]) )
                ( Nucleus (span: 24 71)
                  ( Nucleus (leaf: 24) (text: ) (vein: [0, 1, 8, 9, 10, 11, 12, 13, 14, 16, 17, 22, 23, 24, 25, 26, 30, 31, 32, 34, 36, 42, 51, 52, 56, 57, 58, 59, 61, 62, 67, 73, 74]) )
                  ( Nucleus (span: 25 71)
                    ( Nucleus (span: 25 29)
                      ( Nucleus (span: 25 26)
                        ( Nucleus (leaf: 25) (text: ) (vein: [0, 1, 8, 9, 10, 11, 12, 13, 14, 16, 17, 22, 23, 24, 25, 26, 30, 31, 32, 34, 36, 42, 51, 52, 56, 57, 58, 59, 61, 62, 67, 73, 74]) )
                        ( Nucleus (leaf: 26) (text: ) (vein: [0, 1, 8, 9, 10, 11, 12, 13, 14, 16, 17, 22, 23, 24, 25, 26, 30, 31, 32, 34, 36, 42, 51, 52, 56, 57, 58, 59, 61, 62, 67, 73, 74]) )
                      )
                      ( Sattelite (span: 27 29)
                        ( Nucleus (span: 27 28)
                          ( Nucleus (leaf: 27) (text: ) (vein: [0, 1, 8, 9, 10, 11, 12, 13, 14, 16, 17, 22, 23, 24, 25, 26, 27, 28, 30, 31, 32, 34, 36, 42, 51, 52, 56, 57, 58, 59, 61, 62, 67, 73, 74]) )
                          ( Nucleus (leaf: 28) (text: ) (vein: [0, 1, 8, 9, 10, 11, 12, 13, 14, 16, 17, 22, 23, 24, 25, 26, 27, 28, 30, 31, 32, 34, 36, 42, 51, 52, 56, 57, 58, 59, 61, 62, 67, 73, 74]) )
                        )
                        ( Sattelite (leaf: 29) (text: ) (vein: [0, 1, 8, 9, 10, 11, 12, 13, 14, 16, 17, 22, 23, 24, 25, 26, 27, 28, 29, 30, 31, 32, 34, 36, 42, 51, 52, 56, 57, 58, 59, 61, 62, 67, 73, 74]) )
                      )
                    )
                    ( Nucleus (span: 30 71)
                      ( Nucleus (span: 30 31)
                        ( Nucleus (leaf: 30) (text: ) (vein: [0, 1, 8, 9, 10, 11, 12, 13, 14, 16, 17, 22, 23, 24, 25, 26, 30, 31, 32, 34, 36, 42, 51, 52, 56, 57, 58, 59, 61, 62, 67, 73, 74]) )
                        ( Nucleus (leaf: 31) (text: ) (vein: [0, 1, 8, 9, 10, 11, 12, 13, 14, 16, 17, 22, 23, 24, 25, 26, 30, 31, 32, 34, 36, 42, 51, 52, 56, 57, 58, 59, 61, 62, 67, 73, 74]) )
                      )
                      ( Nucleus (span: 32 71)
                        ( Nucleus (leaf: 32) (text: ) (vein: [0, 1, 8, 9, 10, 11, 12, 13, 14, 16, 17, 22, 23, 24, 25, 26, 30, 31, 32, 34, 36, 42, 51, 52, 56, 57, 58, 59, 61, 62, 67, 73, 74]) )
                        ( Nucleus (span: 33 71)
                          ( Sattelite (leaf: 33) (text: ) (vein: [0, 1, 8, 9, 10, 11, 12, 13, 14, 16, 17, 22, 23, 24, 25, 26, 30, 31, 32, 33, 34, 36, 42, 51, 52, 56, 57, 58, 59, 61, 62, 67, 73, 74]) )
                          ( Nucleus (span: 34 71)
                            ( Nucleus (span: 34 35)
                              ( Nucleus (leaf: 34) (text: ) (vein: [0, 1, 8, 9, 10, 11, 12, 13, 14, 16, 17, 22, 23, 24, 25, 26, 30, 31, 32, 33, 34, 36, 42, 51, 52, 56, 57, 58, 59, 61, 62, 67, 73, 74]) )
                              ( Sattelite (leaf: 35) (text: ) (vein: [0, 1, 8, 9, 10, 11, 12, 13, 14, 16, 17, 22, 23, 24, 25, 26, 30, 31, 32, 34, 35, 36, 42, 51, 52, 56, 57, 58, 59, 61, 62, 67, 73, 74]) )
                            )
                            ( Nucleus (span: 36 71)
                              ( Nucleus (span: 36 41)
                                ( Nucleus (leaf: 36) (text: ) (vein: [0, 1, 8, 9, 10, 11, 12, 13, 14, 16, 17, 22, 23, 24, 25, 26, 30, 31, 32, 33, 34, 36, 42, 51, 52, 56, 57, 58, 59, 61, 62, 67, 73, 74]) )
                                ( Sattelite (span: 37 41)
                                  ( Nucleus (leaf: 37) (text: ) (vein: [0, 1, 8, 9, 10, 11, 12, 13, 14, 16, 17, 22, 23, 24, 25, 26, 30, 31, 32, 34, 36, 37, 42, 51, 52, 56, 57, 58, 59, 61, 62, 67, 73, 74]) )
                                  ( Sattelite (span: 38 41)
                                    ( Nucleus (span: 38 39)
                                      ( Nucleus (leaf: 38) (text: ) (vein: [0, 1, 8, 9, 10, 11, 12, 13, 14, 16, 17, 22, 23, 24, 25, 26, 30, 31, 32, 34, 36, 37, 38, 39, 42, 51, 52, 56, 57, 58, 59, 61, 62, 67, 73, 74]) )
                                      ( Nucleus (leaf: 39) (text: ) (vein: [0, 1, 8, 9, 10, 11, 12, 13, 14, 16, 17, 22, 23, 24, 25, 26, 30, 31, 32, 34, 36, 37, 38, 39, 42, 51, 52, 56, 57, 58, 59, 61, 62, 67, 73, 74]) )
                                    )
                                    ( Sattelite (span: 40 41)
                                      ( Nucleus (leaf: 40) (text: ) (vein: [0, 1, 8, 9, 10, 11, 12, 13, 14, 16, 17, 22, 23, 24, 25, 26, 30, 31, 32, 34, 36, 37, 38, 39, 40, 42, 51, 52, 56, 57, 58, 59, 61, 62, 67, 73, 74]) )
                                      ( Sattelite (leaf: 41) (text: ) (vein: [0, 1, 8, 9, 10, 11, 12, 13, 14, 16, 17, 22, 23, 24, 25, 26, 30, 31, 32, 34, 36, 37, 38, 39, 40, 41, 42, 51, 52, 56, 57, 58, 59, 61, 62, 67, 73, 74]) )
                                    )
                                  )
                                )
                              )
                              ( Nucleus (span: 42 71)
                                ( Nucleus (span: 42 50)
                                  ( Nucleus (leaf: 42) (text: ) (vein: [0, 1, 8, 9, 10, 11, 12, 13, 14, 16, 17, 22, 23, 24, 25, 26, 30, 31, 32, 33, 34, 36, 42, 51, 52, 56, 57, 58, 59, 61, 62, 67, 73, 74]) )
                                  ( Sattelite (span: 43 50)
                                    ( Nucleus (span: 43 44)
                                      ( Nucleus (leaf: 43) (text: ) (vein: [0, 1, 8, 9, 10, 11, 12, 13, 14, 16, 17, 22, 23, 24, 25, 26, 30, 31, 32, 34, 36, 42, 43, 51, 52, 56, 57, 58, 59, 61, 62, 67, 73, 74]) )
                                      ( Sattelite (leaf: 44) (text: ) (vein: [0, 1, 8, 9, 10, 11, 12, 13, 14, 16, 17, 22, 23, 24, 25, 26, 30, 31, 32, 34, 36, 42, 43, 44, 51, 52, 56, 57, 58, 59, 61, 62, 67, 73, 74]) )
                                    )
                                    ( Sattelite (span: 45 50)
                                      ( Nucleus (leaf: 45) (text: ) (vein: [0, 1, 8, 9, 10, 11, 12, 13, 14, 16, 17, 22, 23, 24, 25, 26, 30, 31, 32, 34, 36, 42, 43, 45, 51, 52, 56, 57, 58, 59, 61, 62, 67, 73, 74]) )
                                      ( Sattelite (span: 46 50)
                                        ( Nucleus (span: 46 47)
                                          ( Nucleus (leaf: 46) (text: ) (vein: [0, 1, 8, 9, 10, 11, 12, 13, 14, 16, 17, 22, 23, 24, 25, 26, 30, 31, 32, 34, 36, 42, 43, 45, 46, 51, 52, 56, 57, 58, 59, 61, 62, 67, 73, 74]) )
                                          ( Sattelite (leaf: 47) (text: ) (vein: [0, 1, 8, 9, 10, 11, 12, 13, 14, 16, 17, 22, 23, 24, 25, 26, 30, 31, 32, 34, 36, 42, 43, 45, 46, 47, 51, 52, 56, 57, 58, 59, 61, 62, 67, 73, 74]) )
                                        )
                                        ( Sattelite (span: 48 50)
                                          ( Nucleus (leaf: 48) (text: ) (vein: [0, 1, 8, 9, 10, 11, 12, 13, 14, 16, 17, 22, 23, 24, 25, 26, 30, 31, 32, 34, 36, 42, 43, 45, 46, 48, 51, 52, 56, 57, 58, 59, 61, 62, 67, 73, 74]) )
                                          ( Sattelite (span: 49 50)
                                            ( Nucleus (leaf: 49) (text: ) (vein: [0, 1, 8, 9, 10, 11, 12, 13, 14, 16, 17, 22, 23, 24, 25, 26, 30, 31, 32, 34, 36, 42, 43, 45, 46, 48, 49, 51, 52, 56, 57, 58, 59, 61, 62, 67, 73, 74]) )
                                            ( Sattelite (leaf: 50) (text: ) (vein: [0, 1, 8, 9, 10, 11, 12, 13, 14, 16, 17, 22, 23, 24, 25, 26, 30, 31, 32, 34, 36, 42, 43, 45, 46, 48, 49, 50, 51, 52, 56, 57, 58, 59, 61, 62, 67, 73, 74]) )
                                          )
                                        )
                                      )
                                    )
                                  )
                                )
                                ( Nucleus (span: 51 71)
                                  ( Nucleus (leaf: 51) (text: ) (vein: [0, 1, 8, 9, 10, 11, 12, 13, 14, 16, 17, 22, 23, 24, 25, 26, 30, 31, 32, 33, 34, 36, 42, 51, 52, 56, 57, 58, 59, 61, 62, 67, 73, 74]) )
                                  ( Nucleus (span: 52 71)
                                    ( Nucleus (span: 52 55)
                                      ( Nucleus (span: 52 53)
                                        ( Nucleus (leaf: 52) (text: ) (vein: [0, 1, 8, 9, 10, 11, 12, 13, 14, 16, 17, 22, 23, 24, 25, 26, 30, 31, 32, 33, 34, 36, 42, 51, 52, 56, 57, 58, 59, 61, 62, 67, 73, 74]) )
                                        ( Sattelite (leaf: 53) (text: ) (vein: [0, 1, 8, 9, 10, 11, 12, 13, 14, 16, 17, 22, 23, 24, 25, 26, 30, 31, 32, 34, 36, 42, 51, 52, 53, 56, 57, 58, 59, 61, 62, 67, 73, 74]) )
                                      )
                                      ( Sattelite (span: 54 55)
                                        ( Nucleus (leaf: 54) (text: ) (vein: [0, 1, 8, 9, 10, 11, 12, 13, 14, 16, 17, 22, 23, 24, 25, 26, 30, 31, 32, 34, 36, 42, 51, 52, 54, 56, 57, 58, 59, 61, 62, 67, 73, 74]) )
                                        ( Sattelite (leaf: 55) (text: ) (vein: [0, 1, 8, 9, 10, 11, 12, 13, 14, 16, 17, 22, 23, 24, 25, 26, 30, 31, 32, 34, 36, 42, 51, 52, 54, 55, 56, 57, 58, 59, 61, 62, 67, 73, 74]) )
                                      )
                                    )
                                    ( Nucleus (span: 56 71)
                                      ( Nucleus (leaf: 56) (text: ) (vein: [0, 1, 8, 9, 10, 11, 12, 13, 14, 16, 17, 22, 23, 24, 25, 26, 30, 31, 32, 33, 34, 36, 42, 51, 52, 56, 57, 58, 59, 61, 62, 67, 73, 74]) )
                                      ( Nucleus (span: 57 71)
                                        ( Nucleus (leaf: 57) (text: ) (vein: [0, 1, 8, 9, 10, 11, 12, 13, 14, 16, 17, 22, 23, 24, 25, 26, 30, 31, 32, 33, 34, 36, 42, 51, 52, 56, 57, 58, 59, 61, 62, 67, 73, 74]) )
                                        ( Nucleus (span: 58 71)
                                          ( Nucleus (span: 58 60)
                                            ( Nucleus (leaf: 58) (text: ) (vein: [0, 1, 8, 9, 10, 11, 12, 13, 14, 16, 17, 22, 23, 24, 25, 26, 30, 31, 32, 33, 34, 36, 42, 51, 52, 56, 57, 58, 59, 61, 62, 67, 73, 74]) )
                                            ( Nucleus (span: 59 60)
                                              ( Nucleus (leaf: 59) (text: ) (vein: [0, 1, 8, 9, 10, 11, 12, 13, 14, 16, 17, 22, 23, 24, 25, 26, 30, 31, 32, 33, 34, 36, 42, 51, 52, 56, 57, 58, 59, 61, 62, 67, 73, 74]) )
                                              ( Sattelite (leaf: 60) (text: ) (vein: [0, 1, 8, 9, 10, 11, 12, 13, 14, 16, 17, 22, 23, 24, 25, 26, 30, 31, 32, 34, 36, 42, 51, 52, 56, 57, 58, 59, 60, 61, 62, 67, 73, 74]) )
                                            )
                                          )
                                          ( Nucleus (span: 61 71)
                                            ( Nucleus (span: 61 66)
                                              ( Nucleus (span: 61 62)
                                                ( Nucleus (leaf: 61) (text: ) (vein: [0, 1, 8, 9, 10, 11, 12, 13, 14, 16, 17, 22, 23, 24, 25, 26, 30, 31, 32, 33, 34, 36, 42, 51, 52, 56, 57, 58, 59, 61, 62, 67, 73, 74]) )
                                                ( Nucleus (leaf: 62) (text: ) (vein: [0, 1, 8, 9, 10, 11, 12, 13, 14, 16, 17, 22, 23, 24, 25, 26, 30, 31, 32, 33, 34, 36, 42, 51, 52, 56, 57, 58, 59, 61, 62, 67, 73, 74]) )
                                              )
                                              ( Sattelite (span: 63 66)
                                                ( Nucleus (span: 63 64)
                                                  ( Nucleus (leaf: 63) (text: ) (vein: [0, 1, 8, 9, 10, 11, 12, 13, 14, 16, 17, 22, 23, 24, 25, 26, 30, 31, 32, 34, 36, 42, 51, 52, 56, 57, 58, 59, 61, 62, 63, 67, 73, 74]) )
                                                  ( Sattelite (leaf: 64) (text: ) (vein: [0, 1, 8, 9, 10, 11, 12, 13, 14, 16, 17, 22, 23, 24, 25, 26, 30, 31, 32, 34, 36, 42, 51, 52, 56, 57, 58, 59, 61, 62, 63, 64, 67, 73, 74]) )
                                                )
                                                ( Sattelite (span: 65 66)
                                                  ( Nucleus (leaf: 65) (text: ) (vein: [0, 1, 8, 9, 10, 11, 12, 13, 14, 16, 17, 22, 23, 24, 25, 26, 30, 31, 32, 34, 36, 42, 51, 52, 56, 57, 58, 59, 61, 62, 63, 65, 67, 73, 74]) )
                                                  ( Sattelite (leaf: 66) (text: ) (vein: [0, 1, 8, 9, 10, 11, 12, 13, 14, 16, 17, 22, 23, 24, 25, 26, 30, 31, 32, 34, 36, 42, 51, 52, 56, 57, 58, 59, 61, 62, 63, 65, 66, 67, 73, 74]) )
                                                )
                                              )
                                            )
                                            ( Nucleus (span: 67 71)
                                              ( Nucleus (span: 67 68)
                                                ( Nucleus (leaf: 67) (text: ) (vein: [0, 1, 8, 9, 10, 11, 12, 13, 14, 16, 17, 22, 23, 24, 25, 26, 30, 31, 32, 33, 34, 36, 42, 51, 52, 56, 57, 58, 59, 61, 62, 67, 73, 74]) )
                                                ( Sattelite (leaf: 68) (text: ) (vein: [0, 1, 8, 9, 10, 11, 12, 13, 14, 16, 17, 22, 23, 24, 25, 26, 30, 31, 32, 34, 36, 42, 51, 52, 56, 57, 58, 59, 61, 62, 67, 68, 73, 74]) )
                                              )
                                              ( Sattelite (span: 69 71)
                                                ( Nucleus (leaf: 69) (text: ) (vein: [0, 1, 8, 9, 10, 11, 12, 13, 14, 16, 17, 22, 23, 24, 25, 26, 30, 31, 32, 34, 36, 42, 51, 52, 56, 57, 58, 59, 61, 62, 67, 69, 70, 71, 73, 74]) )
                                                ( Nucleus (span: 70 71)
                                                  ( Nucleus (leaf: 70) (text: ) (vein: [0, 1, 8, 9, 10, 11, 12, 13, 14, 16, 17, 22, 23, 24, 25, 26, 30, 31, 32, 34, 36, 42, 51, 52, 56, 57, 58, 59, 61, 62, 67, 69, 70, 71, 73, 74]) )
                                                  ( Nucleus (leaf: 71) (text: ) (vein: [0, 1, 8, 9, 10, 11, 12, 13, 14, 16, 17, 22, 23, 24, 25, 26, 30, 31, 32, 34, 36, 42, 51, 52, 56, 57, 58, 59, 61, 62, 67, 69, 70, 71, 73, 74]) )
                                                )
                                              )
                                            )
                                          )
                                        )
                                      )
                                    )
                                  )
                                )
                              )
                            )
                          )
                        )
                      )
                    )
                  )
                )
              )
            )
          )
        )
      )
    )
  )
  ( Nucleus (span: 72 74)
    ( Sattelite (leaf: 72) (text: About time there was some acknowledgement of the true value of fans . ) (vein: [0, 1, 8, 9, 10, 11, 12, 13, 14, 16, 17, 22, 23, 24, 25, 26, 30, 31, 32, 34, 36, 42, 51, 52, 56, 57, 58, 59, 61, 62, 67, 72, 73, 74]) )
    ( Nucleus (span: 73 74)
      ( Nucleus (leaf: 73) (text: Even if you have 3 million + fans ) (vein: [0, 1, 8, 9, 10, 11, 12, 13, 14, 16, 17, 22, 23, 24, 25, 26, 30, 31, 32, 34, 36, 42, 51, 52, 56, 57, 58, 59, 61, 62, 67, 72, 73, 74]) )
      ( Nucleus (leaf: 74) (text: and they are all well behaved citizens what is the real marketing value ? ) (vein: [0, 1, 8, 9, 10, 11, 12, 13, 14, 16, 17, 22, 23, 24, 25, 26, 30, 31, 32, 34, 36, 42, 51, 52, 56, 57, 58, 59, 61, 62, 67, 72, 73, 74]) )
    )
  )
)

