( Root (0 54 )
  ( Nucleus (span: 0 11)
    ( Sattelite (leaf: 0) (text: ) (vein: [0, 1, 2, 4, 12, 13, 14, 15, 18, 21, 22, 24, 26, 33, 39, 42, 43, 44, 45]) )
    ( Nucleus (span: 1 11)
      ( Nucleus (leaf: 1) (text: ) (vein: [0, 1, 2, 4, 12, 13, 14, 15, 18, 21, 22, 24, 26, 33, 39, 42, 43, 44, 45]) )
      ( Nucleus (span: 2 11)
        ( Nucleus (span: 2 3)
          ( Nucleus (leaf: 2) (text: ) (vein: [0, 1, 2, 4, 12, 13, 14, 15, 18, 21, 22, 24, 26, 33, 39, 42, 43, 44, 45]) )
          ( Sattelite (leaf: 3) (text: ) (vein: [1, 2, 3, 4, 12, 13, 14, 15, 18, 21, 22, 24, 26, 33, 39, 42, 43, 44, 45]) )
        )
        ( Nucleus (span: 4 11)
          ( Nucleus (span: 4 6)
            ( Nucleus (leaf: 4) (text: ) (vein: [0, 1, 2, 4, 12, 13, 14, 15, 18, 21, 22, 24, 26, 33, 39, 42, 43, 44, 45]) )
            ( Sattelite (span: 5 6)
              ( Nucleus (leaf: 5) (text: ) (vein: [1, 2, 4, 5, 6, 12, 13, 14, 15, 18, 21, 22, 24, 26, 33, 39, 42, 43, 44, 45]) )
              ( Nucleus (leaf: 6) (text: ) (vein: [1, 2, 4, 5, 6, 12, 13, 14, 15, 18, 21, 22, 24, 26, 33, 39, 42, 43, 44, 45]) )
            )
          )
          ( Sattelite (span: 7 11)
            ( Nucleus (span: 7 8)
              ( Nucleus (leaf: 7) (text: ) (vein: [1, 2, 4, 7, 8, 12, 13, 14, 15, 18, 21, 22, 24, 26, 33, 39, 42, 43, 44, 45]) )
              ( Nucleus (leaf: 8) (text: ) (vein: [1, 2, 4, 7, 8, 12, 13, 14, 15, 18, 21, 22, 24, 26, 33, 39, 42, 43, 44, 45]) )
            )
            ( Sattelite (span: 9 11)
              ( Nucleus (span: 9 10)
                ( Nucleus (leaf: 9) (text: ) (vein: [1, 2, 4, 7, 8, 9, 10, 12, 13, 14, 15, 18, 21, 22, 24, 26, 33, 39, 42, 43, 44, 45]) )
                ( Nucleus (leaf: 10) (text: ) (vein: [1, 2, 4, 7, 8, 9, 10, 12, 13, 14, 15, 18, 21, 22, 24, 26, 33, 39, 42, 43, 44, 45]) )
              )
              ( Sattelite (leaf: 11) (text: ) (vein: [1, 2, 4, 7, 8, 9, 10, 11, 12, 13, 14, 15, 18, 21, 22, 24, 26, 33, 39, 42, 43, 44, 45]) )
            )
          )
        )
      )
    )
  )
  ( Nucleus (span: 12 54)
    ( Nucleus (span: 12 52)
      ( Nucleus (span: 12 13)
        ( Nucleus (leaf: 12) (text: ) (vein: [1, 2, 4, 12, 13, 14, 15, 18, 21, 22, 24, 26, 33, 39, 42, 43, 44, 45]) )
        ( Nucleus (leaf: 13) (text: ) (vein: [1, 2, 4, 12, 13, 14, 15, 18, 21, 22, 24, 26, 33, 39, 42, 43, 44, 45]) )
      )
      ( Nucleus (span: 14 52)
        ( Nucleus (span: 14 15)
          ( Nucleus (leaf: 14) (text: ) (vein: [1, 2, 4, 12, 13, 14, 15, 18, 21, 22, 24, 26, 33, 39, 42, 43, 44, 45]) )
          ( Nucleus (leaf: 15) (text: ) (vein: [1, 2, 4, 12, 13, 14, 15, 18, 21, 22, 24, 26, 33, 39, 42, 43, 44, 45]) )
        )
        ( Nucleus (span: 16 52)
          ( Nucleus (span: 16 20)
            ( Nucleus (span: 16 18)
              ( Sattelite (leaf: 16) (text: ) (vein: [1, 2, 4, 12, 13, 14, 15, 16, 18, 21, 22, 24, 26, 33, 39, 42, 43, 44, 45]) )
              ( Nucleus (span: 17 18)
                ( Sattelite (leaf: 17) (text: ) (vein: [1, 2, 4, 12, 13, 14, 15, 16, 17, 18, 21, 22, 24, 26, 33, 39, 42, 43, 44, 45]) )
                ( Nucleus (leaf: 18) (text: ) (vein: [1, 2, 4, 12, 13, 14, 15, 16, 17, 18, 21, 22, 24, 26, 33, 39, 42, 43, 44, 45]) )
              )
            )
            ( Sattelite (span: 19 20)
              ( Nucleus (leaf: 19) (text: ) (vein: [1, 2, 4, 12, 13, 14, 15, 18, 19, 21, 22, 24, 26, 33, 39, 42, 43, 44, 45]) )
              ( Sattelite (leaf: 20) (text: ) (vein: [1, 2, 4, 12, 13, 14, 15, 18, 19, 20, 21, 22, 24, 26, 33, 39, 42, 43, 44, 45]) )
            )
          )
          ( Nucleus (span: 21 52)
            ( Nucleus (leaf: 21) (text: ) (vein: [1, 2, 4, 12, 13, 14, 15, 18, 21, 22, 24, 26, 33, 39, 42, 43, 44, 45]) )
            ( Nucleus (span: 22 52)
              ( Nucleus (leaf: 22) (text: ) (vein: [1, 2, 4, 12, 13, 14, 15, 18, 21, 22, 24, 26, 33, 39, 42, 43, 44, 45]) )
              ( Nucleus (span: 23 52)
                ( Sattelite (leaf: 23) (text: ) (vein: [1, 2, 4, 12, 13, 14, 15, 18, 21, 22, 23, 24, 26, 33, 39, 42, 43, 44, 45]) )
                ( Nucleus (span: 24 52)
                  ( Nucleus (span: 24 25)
                    ( Nucleus (leaf: 24) (text: ) (vein: [1, 2, 4, 12, 13, 14, 15, 18, 21, 22, 23, 24, 26, 33, 39, 42, 43, 44, 45]) )
                    ( Sattelite (leaf: 25) (text: ) (vein: [1, 2, 4, 12, 13, 14, 15, 18, 21, 22, 24, 25, 26, 33, 39, 42, 43, 44, 45]) )
                  )
                  ( Nucleus (span: 26 52)
                    ( Nucleus (span: 26 32)
                      ( Nucleus (leaf: 26) (text: ) (vein: [1, 2, 4, 12, 13, 14, 15, 18, 21, 22, 23, 24, 26, 33, 39, 42, 43, 44, 45]) )
                      ( Sattelite (span: 27 32)
                        ( Nucleus (leaf: 27) (text: ) (vein: [1, 2, 4, 12, 13, 14, 15, 18, 21, 22, 24, 26, 27, 33, 39, 42, 43, 44, 45]) )
                        ( Sattelite (span: 28 32)
                          ( Nucleus (span: 28 30)
                            ( Nucleus (leaf: 28) (text: ) (vein: [1, 2, 4, 12, 13, 14, 15, 18, 21, 22, 24, 26, 27, 28, 33, 39, 42, 43, 44, 45]) )
                            ( Sattelite (span: 29 30)
                              ( Nucleus (leaf: 29) (text: ) (vein: [1, 2, 4, 12, 13, 14, 15, 18, 21, 22, 24, 26, 27, 28, 29, 33, 39, 42, 43, 44, 45]) )
                              ( Sattelite (leaf: 30) (text: ) (vein: [1, 2, 4, 12, 13, 14, 15, 18, 21, 22, 24, 26, 27, 28, 29, 30, 33, 39, 42, 43, 44, 45]) )
                            )
                          )
                          ( Sattelite (span: 31 32)
                            ( Nucleus (leaf: 31) (text: ) (vein: [1, 2, 4, 12, 13, 14, 15, 18, 21, 22, 24, 26, 27, 28, 31, 33, 39, 42, 43, 44, 45]) )
                            ( Sattelite (leaf: 32) (text: ) (vein: [1, 2, 4, 12, 13, 14, 15, 18, 21, 22, 24, 26, 27, 28, 31, 32, 33, 39, 42, 43, 44, 45]) )
                          )
                        )
                      )
                    )
                    ( Nucleus (span: 33 52)
                      ( Nucleus (span: 33 38)
                        ( Nucleus (span: 33 35)
                          ( Nucleus (leaf: 33) (text: ) (vein: [1, 2, 4, 12, 13, 14, 15, 18, 21, 22, 23, 24, 26, 33, 39, 42, 43, 44, 45]) )
                          ( Sattelite (span: 34 35)
                            ( Nucleus (leaf: 34) (text: ) (vein: [1, 2, 4, 12, 13, 14, 15, 18, 21, 22, 24, 26, 33, 34, 39, 42, 43, 44, 45]) )
                            ( Sattelite (leaf: 35) (text: ) (vein: [1, 2, 4, 12, 13, 14, 15, 18, 21, 22, 24, 26, 33, 34, 35, 39, 42, 43, 44, 45]) )
                          )
                        )
                        ( Sattelite (span: 36 38)
                          ( Nucleus (leaf: 36) (text: ) (vein: [1, 2, 4, 12, 13, 14, 15, 18, 21, 22, 24, 26, 33, 36, 39, 42, 43, 44, 45]) )
                          ( Sattelite (span: 37 38)
                            ( Nucleus (leaf: 37) (text: ) (vein: [1, 2, 4, 12, 13, 14, 15, 18, 21, 22, 24, 26, 33, 36, 37, 39, 42, 43, 44, 45]) )
                            ( Sattelite (leaf: 38) (text: ) (vein: [1, 2, 4, 12, 13, 14, 15, 18, 21, 22, 24, 26, 33, 36, 37, 38, 39, 42, 43, 44, 45]) )
                          )
                        )
                      )
                      ( Nucleus (span: 39 52)
                        ( Nucleus (span: 39 40)
                          ( Nucleus (leaf: 39) (text: ) (vein: [1, 2, 4, 12, 13, 14, 15, 18, 21, 22, 23, 24, 26, 33, 39, 42, 43, 44, 45]) )
                          ( Sattelite (leaf: 40) (text: ) (vein: [1, 2, 4, 12, 13, 14, 15, 18, 21, 22, 24, 26, 33, 39, 40, 42, 43, 44, 45]) )
                        )
                        ( Nucleus (span: 41 52)
                          ( Sattelite (leaf: 41) (text: ) (vein: [1, 2, 4, 12, 13, 14, 15, 18, 21, 22, 23, 24, 26, 33, 39, 41, 42, 43, 44, 45]) )
                          ( Nucleus (span: 42 52)
                            ( Nucleus (span: 42 44)
                              ( Nucleus (leaf: 42) (text: ) (vein: [1, 2, 4, 12, 13, 14, 15, 18, 21, 22, 23, 24, 26, 33, 39, 41, 42, 43, 44, 45]) )
                              ( Nucleus (span: 43 44)
                                ( Nucleus (leaf: 43) (text: ) (vein: [1, 2, 4, 12, 13, 14, 15, 18, 21, 22, 23, 24, 26, 33, 39, 41, 42, 43, 44, 45]) )
                                ( Nucleus (leaf: 44) (text: ) (vein: [1, 2, 4, 12, 13, 14, 15, 18, 21, 22, 23, 24, 26, 33, 39, 41, 42, 43, 44, 45]) )
                              )
                            )
                            ( Nucleus (span: 45 52)
                              ( Nucleus (span: 45 47)
                                ( Nucleus (leaf: 45) (text: ) (vein: [1, 2, 4, 12, 13, 14, 15, 18, 21, 22, 23, 24, 26, 33, 39, 41, 42, 43, 44, 45]) )
                                ( Sattelite (span: 46 47)
                                  ( Nucleus (leaf: 46) (text: ) (vein: [1, 2, 4, 12, 13, 14, 15, 18, 21, 22, 24, 26, 33, 39, 42, 43, 44, 45, 46, 47]) )
                                  ( Nucleus (leaf: 47) (text: ) (vein: [1, 2, 4, 12, 13, 14, 15, 18, 21, 22, 24, 26, 33, 39, 42, 43, 44, 45, 46, 47]) )
                                )
                              )
                              ( Sattelite (span: 48 52)
                                ( Nucleus (leaf: 48) (text: ) (vein: [1, 2, 4, 12, 13, 14, 15, 18, 21, 22, 24, 26, 33, 39, 42, 43, 44, 45, 48]) )
                                ( Sattelite (span: 49 52)
                                  ( Nucleus (leaf: 49) (text: ) (vein: [1, 2, 4, 12, 13, 14, 15, 18, 21, 22, 24, 26, 33, 39, 42, 43, 44, 45, 48, 49]) )
                                  ( Sattelite (span: 50 52)
                                    ( Nucleus (span: 50 51)
                                      ( Nucleus (leaf: 50) (text: ) (vein: [1, 2, 4, 12, 13, 14, 15, 18, 21, 22, 24, 26, 33, 39, 42, 43, 44, 45, 48, 49, 50, 51]) )
                                      ( Nucleus (leaf: 51) (text: ) (vein: [1, 2, 4, 12, 13, 14, 15, 18, 21, 22, 24, 26, 33, 39, 42, 43, 44, 45, 48, 49, 50, 51]) )
                                    )
                                    ( Sattelite (leaf: 52) (text: ) (vein: [1, 2, 4, 12, 13, 14, 15, 18, 21, 22, 24, 26, 33, 39, 42, 43, 44, 45, 48, 49, 50, 51, 52]) )
                                  )
                                )
                              )
                            )
                          )
                        )
                      )
                    )
                  )
                )
              )
            )
          )
        )
      )
    )
    ( Sattelite (span: 53 54)
      ( Nucleus (leaf: 53) (text: ) (vein: [1, 2, 4, 12, 13, 14, 15, 18, 21, 22, 24, 26, 33, 39, 42, 43, 44, 45, 53]) )
      ( Sattelite (leaf: 54) (text: Heatenfreude ? ) (vein: [1, 2, 4, 12, 13, 14, 15, 18, 21, 22, 24, 26, 33, 39, 42, 43, 44, 45, 53, 54]) )
    )
  )
)

