( Root (0 179 )
  ( Nucleus (span: 0 16)
    ( Nucleus (span: 0 1)
      ( Sattelite (leaf: 0) (text: ) (vein: [0, 1, 2, 15, 17, 20, 21, 24, 26]) )
      ( Nucleus (leaf: 1) (text: ) (vein: [0, 1, 2, 15, 17, 20, 21, 24, 26]) )
    )
    ( Nucleus (span: 2 16)
      ( Nucleus (span: 2 14)
        ( Nucleus (span: 2 4)
          ( Nucleus (leaf: 2) (text: ) (vein: [1, 2, 15, 17, 20, 21, 24, 26]) )
          ( Sattelite (span: 3 4)
            ( Nucleus (leaf: 3) (text: ) (vein: [1, 2, 3, 15, 17, 20, 21, 24, 26]) )
            ( Sattelite (leaf: 4) (text: ) (vein: [1, 2, 3, 4, 15, 17, 20, 21, 24, 26]) )
          )
        )
        ( Sattelite (span: 5 14)
          ( Nucleus (span: 5 6)
            ( Nucleus (leaf: 5) (text: ) (vein: [1, 2, 5, 15, 17, 20, 21, 24, 26]) )
            ( Sattelite (leaf: 6) (text: ) (vein: [1, 2, 5, 6, 15, 17, 20, 21, 24, 26]) )
          )
          ( Sattelite (span: 7 14)
            ( Nucleus (span: 7 8)
              ( Nucleus (leaf: 7) (text: ) (vein: [1, 2, 5, 7, 15, 17, 20, 21, 24, 26]) )
              ( Sattelite (leaf: 8) (text: ) (vein: [1, 2, 5, 7, 8, 15, 17, 20, 21, 24, 26]) )
            )
            ( Sattelite (span: 9 14)
              ( Nucleus (leaf: 9) (text: ) (vein: [1, 2, 5, 7, 9, 15, 17, 20, 21, 24, 26]) )
              ( Sattelite (span: 10 14)
                ( Nucleus (span: 10 11)
                  ( Nucleus (leaf: 10) (text: ) (vein: [1, 2, 5, 7, 9, 10, 15, 17, 20, 21, 24, 26]) )
                  ( Sattelite (leaf: 11) (text: ) (vein: [1, 2, 5, 7, 9, 10, 11, 15, 17, 20, 21, 24, 26]) )
                )
                ( Sattelite (span: 12 14)
                  ( Nucleus (leaf: 12) (text: ) (vein: [1, 2, 5, 7, 9, 10, 12, 15, 17, 20, 21, 24, 26]) )
                  ( Sattelite (span: 13 14)
                    ( Nucleus (leaf: 13) (text: ) (vein: [1, 2, 5, 7, 9, 10, 12, 13, 15, 17, 20, 21, 24, 26]) )
                    ( Sattelite (leaf: 14) (text: ) (vein: [1, 2, 5, 7, 9, 10, 12, 13, 14, 15, 17, 20, 21, 24, 26]) )
                  )
                )
              )
            )
          )
        )
      )
      ( Nucleus (span: 15 16)
        ( Nucleus (leaf: 15) (text: ) (vein: [1, 2, 15, 17, 20, 21, 24, 26]) )
        ( Sattelite (leaf: 16) (text: ) (vein: [1, 2, 15, 16, 17, 20, 21, 24, 26]) )
      )
    )
  )
  ( Nucleus (span: 17 179)
    ( Nucleus (span: 17 27)
      ( Nucleus (leaf: 17) (text: ) (vein: [1, 2, 15, 17, 20, 21, 24, 26]) )
      ( Nucleus (span: 18 27)
        ( Sattelite (span: 18 19)
          ( Nucleus (leaf: 18) (text: ) (vein: [1, 2, 15, 17, 18, 20, 21, 24, 26]) )
          ( Sattelite (leaf: 19) (text: ) (vein: [1, 2, 15, 17, 18, 19, 20, 21, 24, 26]) )
        )
        ( Nucleus (span: 20 27)
          ( Nucleus (span: 20 21)
            ( Nucleus (leaf: 20) (text: ) (vein: [1, 2, 15, 17, 18, 20, 21, 24, 26]) )
            ( Nucleus (leaf: 21) (text: ) (vein: [1, 2, 15, 17, 18, 20, 21, 24, 26]) )
          )
          ( Nucleus (span: 22 27)
            ( Sattelite (leaf: 22) (text: ) (vein: [1, 2, 15, 17, 18, 20, 21, 22, 24, 26]) )
            ( Nucleus (span: 23 27)
              ( Sattelite (leaf: 23) (text: ) (vein: [1, 2, 15, 17, 18, 20, 21, 22, 23, 24, 26]) )
              ( Nucleus (span: 24 27)
                ( Nucleus (leaf: 24) (text: ) (vein: [1, 2, 15, 17, 18, 20, 21, 22, 23, 24, 26]) )
                ( Nucleus (span: 25 27)
                  ( Sattelite (leaf: 25) (text: ) (vein: [1, 2, 15, 17, 18, 20, 21, 22, 23, 24, 25, 26]) )
                  ( Nucleus (span: 26 27)
                    ( Nucleus (leaf: 26) (text: ) (vein: [1, 2, 15, 17, 18, 20, 21, 22, 23, 24, 25, 26]) )
                    ( Sattelite (leaf: 27) (text: ) (vein: [1, 2, 15, 17, 20, 21, 24, 26, 27]) )
                  )
                )
              )
            )
          )
        )
      )
    )
    ( Sattelite (span: 28 179)
      ( Nucleus (span: 28 45)
        ( Nucleus (span: 28 31)
          ( Nucleus (leaf: 28) (text: ) (vein: [1, 2, 15, 17, 20, 21, 24, 26, 28, 29, 30, 31, 35, 39, 41]) )
          ( Nucleus (span: 29 31)
            ( Nucleus (leaf: 29) (text: ) (vein: [1, 2, 15, 17, 20, 21, 24, 26, 28, 29, 30, 31, 35, 39, 41]) )
            ( Nucleus (span: 30 31)
              ( Nucleus (leaf: 30) (text: ) (vein: [1, 2, 15, 17, 20, 21, 24, 26, 28, 29, 30, 31, 35, 39, 41]) )
              ( Nucleus (leaf: 31) (text: ) (vein: [1, 2, 15, 17, 20, 21, 24, 26, 28, 29, 30, 31, 35, 39, 41]) )
            )
          )
        )
        ( Nucleus (span: 32 45)
          ( Sattelite (span: 32 33)
            ( Nucleus (leaf: 32) (text: ) (vein: [1, 2, 15, 17, 20, 21, 24, 26, 28, 29, 30, 31, 32, 35, 39, 41]) )
            ( Sattelite (leaf: 33) (text: ) (vein: [1, 2, 15, 17, 20, 21, 24, 26, 28, 29, 30, 31, 32, 33, 35, 39, 41]) )
          )
          ( Nucleus (span: 34 45)
            ( Nucleus (span: 34 35)
              ( Sattelite (leaf: 34) (text: ) (vein: [1, 2, 15, 17, 20, 21, 24, 26, 28, 29, 30, 31, 32, 34, 35, 39, 41]) )
              ( Nucleus (leaf: 35) (text: ) (vein: [1, 2, 15, 17, 20, 21, 24, 26, 28, 29, 30, 31, 32, 34, 35, 39, 41]) )
            )
            ( Nucleus (span: 36 45)
              ( Sattelite (span: 36 37)
                ( Nucleus (leaf: 36) (text: ) (vein: [1, 2, 15, 17, 20, 21, 24, 26, 28, 29, 30, 31, 32, 35, 36, 37, 39, 41]) )
                ( Nucleus (leaf: 37) (text: ) (vein: [1, 2, 15, 17, 20, 21, 24, 26, 28, 29, 30, 31, 32, 35, 36, 37, 39, 41]) )
              )
              ( Nucleus (span: 38 45)
                ( Nucleus (span: 38 41)
                  ( Sattelite (leaf: 38) (text: ) (vein: [1, 2, 15, 17, 20, 21, 24, 26, 28, 29, 30, 31, 32, 35, 36, 37, 38, 39, 41]) )
                  ( Nucleus (span: 39 41)
                    ( Nucleus (span: 39 40)
                      ( Nucleus (leaf: 39) (text: ) (vein: [1, 2, 15, 17, 20, 21, 24, 26, 28, 29, 30, 31, 32, 35, 36, 37, 38, 39, 41]) )
                      ( Sattelite (leaf: 40) (text: ) (vein: [1, 2, 15, 17, 20, 21, 24, 26, 28, 29, 30, 31, 35, 39, 40, 41]) )
                    )
                    ( Nucleus (leaf: 41) (text: ) (vein: [1, 2, 15, 17, 20, 21, 24, 26, 28, 29, 30, 31, 32, 35, 36, 37, 38, 39, 41]) )
                  )
                )
                ( Sattelite (span: 42 45)
                  ( Nucleus (span: 42 44)
                    ( Nucleus (leaf: 42) (text: ) (vein: [1, 2, 15, 17, 20, 21, 24, 26, 28, 29, 30, 31, 35, 39, 41, 42]) )
                    ( Sattelite (span: 43 44)
                      ( Nucleus (leaf: 43) (text: ) (vein: [1, 2, 15, 17, 20, 21, 24, 26, 28, 29, 30, 31, 35, 39, 41, 42, 43]) )
                      ( Sattelite (leaf: 44) (text: ) (vein: [1, 2, 15, 17, 20, 21, 24, 26, 28, 29, 30, 31, 35, 39, 41, 42, 43, 44]) )
                    )
                  )
                  ( Sattelite (leaf: 45) (text: ) (vein: [1, 2, 15, 17, 20, 21, 24, 26, 28, 29, 30, 31, 35, 39, 41, 42, 45]) )
                )
              )
            )
          )
        )
      )
      ( Sattelite (span: 46 179)
        ( Nucleus (span: 46 65)
          ( Nucleus (leaf: 46) (text: ) (vein: [1, 2, 15, 17, 20, 21, 24, 26, 28, 29, 30, 31, 35, 39, 41, 46, 49, 52, 53, 55, 60]) )
          ( Nucleus (span: 47 65)
            ( Sattelite (span: 47 48)
              ( Nucleus (leaf: 47) (text: ) (vein: [1, 2, 15, 17, 20, 21, 24, 26, 28, 29, 30, 31, 35, 39, 41, 46, 47, 49, 52, 53, 55, 60]) )
              ( Sattelite (leaf: 48) (text: ) (vein: [1, 2, 15, 17, 20, 21, 24, 26, 28, 29, 30, 31, 35, 39, 41, 46, 47, 48, 49, 52, 53, 55, 60]) )
            )
            ( Nucleus (span: 49 65)
              ( Nucleus (leaf: 49) (text: ) (vein: [1, 2, 15, 17, 20, 21, 24, 26, 28, 29, 30, 31, 35, 39, 41, 46, 47, 49, 52, 53, 55, 60]) )
              ( Nucleus (span: 50 65)
                ( Nucleus (span: 50 52)
                  ( Sattelite (leaf: 50) (text: ) (vein: [1, 2, 15, 17, 20, 21, 24, 26, 28, 29, 30, 31, 35, 39, 41, 46, 47, 49, 50, 52, 53, 55, 60]) )
                  ( Nucleus (span: 51 52)
                    ( Sattelite (leaf: 51) (text: ) (vein: [1, 2, 15, 17, 20, 21, 24, 26, 28, 29, 30, 31, 35, 39, 41, 46, 47, 49, 50, 51, 52, 53, 55, 60]) )
                    ( Nucleus (leaf: 52) (text: ) (vein: [1, 2, 15, 17, 20, 21, 24, 26, 28, 29, 30, 31, 35, 39, 41, 46, 47, 49, 50, 51, 52, 53, 55, 60]) )
                  )
                )
                ( Nucleus (span: 53 65)
                  ( Nucleus (span: 53 54)
                    ( Nucleus (leaf: 53) (text: ) (vein: [1, 2, 15, 17, 20, 21, 24, 26, 28, 29, 30, 31, 35, 39, 41, 46, 47, 49, 52, 53, 55, 60]) )
                    ( Sattelite (leaf: 54) (text: ) (vein: [1, 2, 15, 17, 20, 21, 24, 26, 28, 29, 30, 31, 35, 39, 41, 46, 49, 52, 53, 54, 55, 60]) )
                  )
                  ( Nucleus (span: 55 65)
                    ( Nucleus (span: 55 59)
                      ( Nucleus (leaf: 55) (text: ) (vein: [1, 2, 15, 17, 20, 21, 24, 26, 28, 29, 30, 31, 35, 39, 41, 46, 47, 49, 52, 53, 55, 60]) )
                      ( Sattelite (span: 56 59)
                        ( Nucleus (leaf: 56) (text: ) (vein: [1, 2, 15, 17, 20, 21, 24, 26, 28, 29, 30, 31, 35, 39, 41, 46, 49, 52, 53, 55, 56, 60]) )
                        ( Sattelite (span: 57 59)
                          ( Nucleus (leaf: 57) (text: ) (vein: [1, 2, 15, 17, 20, 21, 24, 26, 28, 29, 30, 31, 35, 39, 41, 46, 49, 52, 53, 55, 56, 57, 60]) )
                          ( Sattelite (span: 58 59)
                            ( Nucleus (leaf: 58) (text: ) (vein: [1, 2, 15, 17, 20, 21, 24, 26, 28, 29, 30, 31, 35, 39, 41, 46, 49, 52, 53, 55, 56, 57, 58, 60]) )
                            ( Sattelite (leaf: 59) (text: ) (vein: [1, 2, 15, 17, 20, 21, 24, 26, 28, 29, 30, 31, 35, 39, 41, 46, 49, 52, 53, 55, 56, 57, 58, 59, 60]) )
                          )
                        )
                      )
                    )
                    ( Nucleus (span: 60 65)
                      ( Nucleus (span: 60 63)
                        ( Nucleus (leaf: 60) (text: ) (vein: [1, 2, 15, 17, 20, 21, 24, 26, 28, 29, 30, 31, 35, 39, 41, 46, 47, 49, 52, 53, 55, 60]) )
                        ( Sattelite (span: 61 63)
                          ( Nucleus (leaf: 61) (text: ) (vein: [1, 2, 15, 17, 20, 21, 24, 26, 28, 29, 30, 31, 35, 39, 41, 46, 49, 52, 53, 55, 60, 61]) )
                          ( Sattelite (span: 62 63)
                            ( Nucleus (leaf: 62) (text: ) (vein: [1, 2, 15, 17, 20, 21, 24, 26, 28, 29, 30, 31, 35, 39, 41, 46, 49, 52, 53, 55, 60, 61, 62, 63]) )
                            ( Nucleus (leaf: 63) (text: ) (vein: [1, 2, 15, 17, 20, 21, 24, 26, 28, 29, 30, 31, 35, 39, 41, 46, 49, 52, 53, 55, 60, 61, 62, 63]) )
                          )
                        )
                      )
                      ( Sattelite (span: 64 65)
                        ( Nucleus (leaf: 64) (text: ) (vein: [1, 2, 15, 17, 20, 21, 24, 26, 28, 29, 30, 31, 35, 39, 41, 46, 49, 52, 53, 55, 60, 64]) )
                        ( Sattelite (leaf: 65) (text: ) (vein: [1, 2, 15, 17, 20, 21, 24, 26, 28, 29, 30, 31, 35, 39, 41, 46, 49, 52, 53, 55, 60, 64, 65]) )
                      )
                    )
                  )
                )
              )
            )
          )
        )
        ( Sattelite (span: 66 179)
          ( Nucleus (span: 66 73)
            ( Sattelite (span: 66 71)
              ( Nucleus (leaf: 66) (text: ) (vein: [1, 2, 15, 17, 20, 21, 24, 26, 28, 29, 30, 31, 35, 39, 41, 46, 49, 52, 53, 55, 60, 66, 73]) )
              ( Sattelite (span: 67 71)
                ( Nucleus (span: 67 69)
                  ( Nucleus (leaf: 67) (text: ) (vein: [1, 2, 15, 17, 20, 21, 24, 26, 28, 29, 30, 31, 35, 39, 41, 46, 49, 52, 53, 55, 60, 66, 67, 73]) )
                  ( Sattelite (span: 68 69)
                    ( Nucleus (leaf: 68) (text: ) (vein: [1, 2, 15, 17, 20, 21, 24, 26, 28, 29, 30, 31, 35, 39, 41, 46, 49, 52, 53, 55, 60, 66, 67, 68, 73]) )
                    ( Sattelite (leaf: 69) (text: ) (vein: [1, 2, 15, 17, 20, 21, 24, 26, 28, 29, 30, 31, 35, 39, 41, 46, 49, 52, 53, 55, 60, 66, 67, 68, 69, 73]) )
                  )
                )
                ( Sattelite (span: 70 71)
                  ( Nucleus (leaf: 70) (text: ) (vein: [1, 2, 15, 17, 20, 21, 24, 26, 28, 29, 30, 31, 35, 39, 41, 46, 49, 52, 53, 55, 60, 66, 67, 70, 73]) )
                  ( Sattelite (leaf: 71) (text: ) (vein: [1, 2, 15, 17, 20, 21, 24, 26, 28, 29, 30, 31, 35, 39, 41, 46, 49, 52, 53, 55, 60, 66, 67, 70, 71, 73]) )
                )
              )
            )
            ( Nucleus (span: 72 73)
              ( Sattelite (leaf: 72) (text: ) (vein: [1, 2, 15, 17, 20, 21, 24, 26, 28, 29, 30, 31, 35, 39, 41, 46, 49, 52, 53, 55, 60, 66, 72, 73]) )
              ( Nucleus (leaf: 73) (text: ) (vein: [1, 2, 15, 17, 20, 21, 24, 26, 28, 29, 30, 31, 35, 39, 41, 46, 49, 52, 53, 55, 60, 66, 72, 73]) )
            )
          )
          ( Sattelite (span: 74 179)
            ( Nucleus (span: 74 88)
              ( Nucleus (span: 74 76)
                ( Nucleus (leaf: 74) (text: ) (vein: [1, 2, 15, 17, 20, 21, 24, 26, 28, 29, 30, 31, 35, 39, 41, 46, 49, 52, 53, 55, 60, 73, 74, 77, 80, 81]) )
                ( Sattelite (span: 75 76)
                  ( Nucleus (leaf: 75) (text: ) (vein: [1, 2, 15, 17, 20, 21, 24, 26, 28, 29, 30, 31, 35, 39, 41, 46, 49, 52, 53, 55, 60, 73, 74, 75, 77, 80, 81]) )
                  ( Sattelite (leaf: 76) (text: ) (vein: [1, 2, 15, 17, 20, 21, 24, 26, 28, 29, 30, 31, 35, 39, 41, 46, 49, 52, 53, 55, 60, 73, 74, 75, 76, 77, 80, 81]) )
                )
              )
              ( Nucleus (span: 77 88)
                ( Nucleus (span: 77 79)
                  ( Nucleus (span: 77 78)
                    ( Nucleus (leaf: 77) (text: ) (vein: [1, 2, 15, 17, 20, 21, 24, 26, 28, 29, 30, 31, 35, 39, 41, 46, 49, 52, 53, 55, 60, 73, 74, 77, 80, 81]) )
                    ( Sattelite (leaf: 78) (text: ) (vein: [1, 2, 15, 17, 20, 21, 24, 26, 28, 29, 30, 31, 35, 39, 41, 46, 49, 52, 53, 55, 60, 73, 74, 77, 78, 80, 81]) )
                  )
                  ( Sattelite (leaf: 79) (text: ) (vein: [1, 2, 15, 17, 20, 21, 24, 26, 28, 29, 30, 31, 35, 39, 41, 46, 49, 52, 53, 55, 60, 73, 74, 77, 79, 80, 81]) )
                )
                ( Nucleus (span: 80 88)
                  ( Nucleus (leaf: 80) (text: ) (vein: [1, 2, 15, 17, 20, 21, 24, 26, 28, 29, 30, 31, 35, 39, 41, 46, 49, 52, 53, 55, 60, 73, 74, 77, 80, 81]) )
                  ( Nucleus (span: 81 88)
                    ( Nucleus (leaf: 81) (text: ) (vein: [1, 2, 15, 17, 20, 21, 24, 26, 28, 29, 30, 31, 35, 39, 41, 46, 49, 52, 53, 55, 60, 73, 74, 77, 80, 81]) )
                    ( Sattelite (span: 82 88)
                      ( Nucleus (span: 82 85)
                        ( Nucleus (leaf: 82) (text: ) (vein: [1, 2, 15, 17, 20, 21, 24, 26, 28, 29, 30, 31, 35, 39, 41, 46, 49, 52, 53, 55, 60, 73, 74, 77, 80, 81, 82]) )
                        ( Sattelite (span: 83 85)
                          ( Nucleus (leaf: 83) (text: ) (vein: [1, 2, 15, 17, 20, 21, 24, 26, 28, 29, 30, 31, 35, 39, 41, 46, 49, 52, 53, 55, 60, 73, 74, 77, 80, 81, 82, 83]) )
                          ( Sattelite (span: 84 85)
                            ( Nucleus (leaf: 84) (text: ) (vein: [1, 2, 15, 17, 20, 21, 24, 26, 28, 29, 30, 31, 35, 39, 41, 46, 49, 52, 53, 55, 60, 73, 74, 77, 80, 81, 82, 83, 84]) )
                            ( Sattelite (leaf: 85) (text: ) (vein: [1, 2, 15, 17, 20, 21, 24, 26, 28, 29, 30, 31, 35, 39, 41, 46, 49, 52, 53, 55, 60, 73, 74, 77, 80, 81, 82, 83, 84, 85]) )
                          )
                        )
                      )
                      ( Sattelite (span: 86 88)
                        ( Nucleus (leaf: 86) (text: ) (vein: [1, 2, 15, 17, 20, 21, 24, 26, 28, 29, 30, 31, 35, 39, 41, 46, 49, 52, 53, 55, 60, 73, 74, 77, 80, 81, 82, 86]) )
                        ( Sattelite (span: 87 88)
                          ( Nucleus (leaf: 87) (text: ) (vein: [1, 2, 15, 17, 20, 21, 24, 26, 28, 29, 30, 31, 35, 39, 41, 46, 49, 52, 53, 55, 60, 73, 74, 77, 80, 81, 82, 86, 87]) )
                          ( Sattelite (leaf: 88) (text: ) (vein: [1, 2, 15, 17, 20, 21, 24, 26, 28, 29, 30, 31, 35, 39, 41, 46, 49, 52, 53, 55, 60, 73, 74, 77, 80, 81, 82, 86, 87, 88]) )
                        )
                      )
                    )
                  )
                )
              )
            )
            ( Sattelite (span: 89 179)
              ( Nucleus (span: 89 105)
                ( Nucleus (span: 89 90)
                  ( Nucleus (leaf: 89) (text: ) (vein: [1, 2, 15, 17, 20, 21, 24, 26, 28, 29, 30, 31, 35, 39, 41, 46, 49, 52, 53, 55, 60, 73, 74, 77, 80, 81, 89, 90]) )
                  ( Nucleus (leaf: 90) (text: ) (vein: [1, 2, 15, 17, 20, 21, 24, 26, 28, 29, 30, 31, 35, 39, 41, 46, 49, 52, 53, 55, 60, 73, 74, 77, 80, 81, 89, 90]) )
                )
                ( Sattelite (span: 91 105)
                  ( Nucleus (span: 91 92)
                    ( Nucleus (leaf: 91) (text: ) (vein: [1, 2, 15, 17, 20, 21, 24, 26, 28, 29, 30, 31, 35, 39, 41, 46, 49, 52, 53, 55, 60, 73, 74, 77, 80, 81, 89, 90, 91]) )
                    ( Sattelite (leaf: 92) (text: ) (vein: [1, 2, 15, 17, 20, 21, 24, 26, 28, 29, 30, 31, 35, 39, 41, 46, 49, 52, 53, 55, 60, 73, 74, 77, 80, 81, 89, 90, 91, 92]) )
                  )
                  ( Sattelite (span: 93 105)
                    ( Nucleus (leaf: 93) (text: ) (vein: [1, 2, 15, 17, 20, 21, 24, 26, 28, 29, 30, 31, 35, 39, 41, 46, 49, 52, 53, 55, 60, 73, 74, 77, 80, 81, 89, 90, 91, 93]) )
                    ( Sattelite (span: 94 105)
                      ( Nucleus (span: 94 95)
                        ( Nucleus (leaf: 94) (text: ) (vein: [1, 2, 15, 17, 20, 21, 24, 26, 28, 29, 30, 31, 35, 39, 41, 46, 49, 52, 53, 55, 60, 73, 74, 77, 80, 81, 89, 90, 91, 93, 94]) )
                        ( Sattelite (leaf: 95) (text: ) (vein: [1, 2, 15, 17, 20, 21, 24, 26, 28, 29, 30, 31, 35, 39, 41, 46, 49, 52, 53, 55, 60, 73, 74, 77, 80, 81, 89, 90, 91, 93, 94, 95]) )
                      )
                      ( Sattelite (span: 96 105)
                        ( Nucleus (leaf: 96) (text: ) (vein: [1, 2, 15, 17, 20, 21, 24, 26, 28, 29, 30, 31, 35, 39, 41, 46, 49, 52, 53, 55, 60, 73, 74, 77, 80, 81, 89, 90, 91, 93, 94, 96]) )
                        ( Sattelite (span: 97 105)
                          ( Nucleus (leaf: 97) (text: ) (vein: [1, 2, 15, 17, 20, 21, 24, 26, 28, 29, 30, 31, 35, 39, 41, 46, 49, 52, 53, 55, 60, 73, 74, 77, 80, 81, 89, 90, 91, 93, 94, 96, 97]) )
                          ( Sattelite (span: 98 105)
                            ( Nucleus (leaf: 98) (text: ) (vein: [1, 2, 15, 17, 20, 21, 24, 26, 28, 29, 30, 31, 35, 39, 41, 46, 49, 52, 53, 55, 60, 73, 74, 77, 80, 81, 89, 90, 91, 93, 94, 96, 97, 98]) )
                            ( Sattelite (span: 99 105)
                              ( Nucleus (leaf: 99) (text: ) (vein: [1, 2, 15, 17, 20, 21, 24, 26, 28, 29, 30, 31, 35, 39, 41, 46, 49, 52, 53, 55, 60, 73, 74, 77, 80, 81, 89, 90, 91, 93, 94, 96, 97, 98, 99]) )
                              ( Sattelite (span: 100 105)
                                ( Nucleus (leaf: 100) (text: ) (vein: [1, 2, 15, 17, 20, 21, 24, 26, 28, 29, 30, 31, 35, 39, 41, 46, 49, 52, 53, 55, 60, 73, 74, 77, 80, 81, 89, 90, 91, 93, 94, 96, 97, 98, 99, 100]) )
                                ( Sattelite (span: 101 105)
                                  ( Nucleus (leaf: 101) (text: ) (vein: [1, 2, 15, 17, 20, 21, 24, 26, 28, 29, 30, 31, 35, 39, 41, 46, 49, 52, 53, 55, 60, 73, 74, 77, 80, 81, 89, 90, 91, 93, 94, 96, 97, 98, 99, 100, 101]) )
                                  ( Sattelite (span: 102 105)
                                    ( Nucleus (leaf: 102) (text: ) (vein: [1, 2, 15, 17, 20, 21, 24, 26, 28, 29, 30, 31, 35, 39, 41, 46, 49, 52, 53, 55, 60, 73, 74, 77, 80, 81, 89, 90, 91, 93, 94, 96, 97, 98, 99, 100, 101, 102]) )
                                    ( Sattelite (span: 103 105)
                                      ( Nucleus (leaf: 103) (text: ) (vein: [1, 2, 15, 17, 20, 21, 24, 26, 28, 29, 30, 31, 35, 39, 41, 46, 49, 52, 53, 55, 60, 73, 74, 77, 80, 81, 89, 90, 91, 93, 94, 96, 97, 98, 99, 100, 101, 102, 103]) )
                                      ( Sattelite (span: 104 105)
                                        ( Nucleus (leaf: 104) (text: ) (vein: [1, 2, 15, 17, 20, 21, 24, 26, 28, 29, 30, 31, 35, 39, 41, 46, 49, 52, 53, 55, 60, 73, 74, 77, 80, 81, 89, 90, 91, 93, 94, 96, 97, 98, 99, 100, 101, 102, 103, 104]) )
                                        ( Sattelite (leaf: 105) (text: ) (vein: [1, 2, 15, 17, 20, 21, 24, 26, 28, 29, 30, 31, 35, 39, 41, 46, 49, 52, 53, 55, 60, 73, 74, 77, 80, 81, 89, 90, 91, 93, 94, 96, 97, 98, 99, 100, 101, 102, 103, 104, 105]) )
                                      )
                                    )
                                  )
                                )
                              )
                            )
                          )
                        )
                      )
                    )
                  )
                )
              )
              ( Sattelite (span: 106 179)
                ( Nucleus (span: 106 142)
                  ( Sattelite (span: 106 112)
                    ( Nucleus (span: 106 107)
                      ( Nucleus (leaf: 106) (text: ) (vein: [1, 2, 15, 17, 20, 21, 24, 26, 28, 29, 30, 31, 35, 39, 41, 46, 49, 52, 53, 55, 60, 73, 74, 77, 80, 81, 89, 90, 106, 113, 115, 116, 122, 124, 130, 137, 138, 140]) )
                      ( Sattelite (leaf: 107) (text: ) (vein: [1, 2, 15, 17, 20, 21, 24, 26, 28, 29, 30, 31, 35, 39, 41, 46, 49, 52, 53, 55, 60, 73, 74, 77, 80, 81, 89, 90, 106, 107, 113, 115, 116, 122, 124, 130, 137, 138, 140]) )
                    )
                    ( Sattelite (span: 108 112)
                      ( Nucleus (leaf: 108) (text: ) (vein: [1, 2, 15, 17, 20, 21, 24, 26, 28, 29, 30, 31, 35, 39, 41, 46, 49, 52, 53, 55, 60, 73, 74, 77, 80, 81, 89, 90, 106, 108, 113, 115, 116, 122, 124, 130, 137, 138, 140]) )
                      ( Sattelite (span: 109 112)
                        ( Nucleus (span: 109 110)
                          ( Nucleus (leaf: 109) (text: ) (vein: [1, 2, 15, 17, 20, 21, 24, 26, 28, 29, 30, 31, 35, 39, 41, 46, 49, 52, 53, 55, 60, 73, 74, 77, 80, 81, 89, 90, 106, 108, 109, 113, 115, 116, 122, 124, 130, 137, 138, 140]) )
                          ( Sattelite (leaf: 110) (text: ) (vein: [1, 2, 15, 17, 20, 21, 24, 26, 28, 29, 30, 31, 35, 39, 41, 46, 49, 52, 53, 55, 60, 73, 74, 77, 80, 81, 89, 90, 106, 108, 109, 110, 113, 115, 116, 122, 124, 130, 137, 138, 140]) )
                        )
                        ( Sattelite (span: 111 112)
                          ( Nucleus (leaf: 111) (text: ) (vein: [1, 2, 15, 17, 20, 21, 24, 26, 28, 29, 30, 31, 35, 39, 41, 46, 49, 52, 53, 55, 60, 73, 74, 77, 80, 81, 89, 90, 106, 108, 109, 111, 113, 115, 116, 122, 124, 130, 137, 138, 140]) )
                          ( Sattelite (leaf: 112) (text: ) (vein: [1, 2, 15, 17, 20, 21, 24, 26, 28, 29, 30, 31, 35, 39, 41, 46, 49, 52, 53, 55, 60, 73, 74, 77, 80, 81, 89, 90, 106, 108, 109, 111, 112, 113, 115, 116, 122, 124, 130, 137, 138, 140]) )
                        )
                      )
                    )
                  )
                  ( Nucleus (span: 113 142)
                    ( Nucleus (leaf: 113) (text: ) (vein: [1, 2, 15, 17, 20, 21, 24, 26, 28, 29, 30, 31, 35, 39, 41, 46, 49, 52, 53, 55, 60, 73, 74, 77, 80, 81, 89, 90, 106, 113, 115, 116, 122, 124, 130, 137, 138, 140]) )
                    ( Nucleus (span: 114 142)
                      ( Sattelite (leaf: 114) (text: ) (vein: [1, 2, 15, 17, 20, 21, 24, 26, 28, 29, 30, 31, 35, 39, 41, 46, 49, 52, 53, 55, 60, 73, 74, 77, 80, 81, 89, 90, 106, 113, 114, 115, 116, 122, 124, 130, 137, 138, 140]) )
                      ( Nucleus (span: 115 142)
                        ( Nucleus (span: 115 121)
                          ( Nucleus (span: 115 116)
                            ( Nucleus (leaf: 115) (text: ) (vein: [1, 2, 15, 17, 20, 21, 24, 26, 28, 29, 30, 31, 35, 39, 41, 46, 49, 52, 53, 55, 60, 73, 74, 77, 80, 81, 89, 90, 106, 113, 114, 115, 116, 122, 124, 130, 137, 138, 140]) )
                            ( Nucleus (leaf: 116) (text: ) (vein: [1, 2, 15, 17, 20, 21, 24, 26, 28, 29, 30, 31, 35, 39, 41, 46, 49, 52, 53, 55, 60, 73, 74, 77, 80, 81, 89, 90, 106, 113, 114, 115, 116, 122, 124, 130, 137, 138, 140]) )
                          )
                          ( Sattelite (span: 117 121)
                            ( Nucleus (span: 117 118)
                              ( Nucleus (leaf: 117) (text: ) (vein: [1, 2, 15, 17, 20, 21, 24, 26, 28, 29, 30, 31, 35, 39, 41, 46, 49, 52, 53, 55, 60, 73, 74, 77, 80, 81, 89, 90, 113, 115, 116, 117, 118, 122, 124, 130, 137, 138, 140]) )
                              ( Nucleus (leaf: 118) (text: ) (vein: [1, 2, 15, 17, 20, 21, 24, 26, 28, 29, 30, 31, 35, 39, 41, 46, 49, 52, 53, 55, 60, 73, 74, 77, 80, 81, 89, 90, 113, 115, 116, 117, 118, 122, 124, 130, 137, 138, 140]) )
                            )
                            ( Sattelite (span: 119 121)
                              ( Nucleus (leaf: 119) (text: ) (vein: [1, 2, 15, 17, 20, 21, 24, 26, 28, 29, 30, 31, 35, 39, 41, 46, 49, 52, 53, 55, 60, 73, 74, 77, 80, 81, 89, 90, 113, 115, 116, 117, 118, 119, 122, 124, 130, 137, 138, 140]) )
                              ( Sattelite (span: 120 121)
                                ( Nucleus (leaf: 120) (text: ) (vein: [1, 2, 15, 17, 20, 21, 24, 26, 28, 29, 30, 31, 35, 39, 41, 46, 49, 52, 53, 55, 60, 73, 74, 77, 80, 81, 89, 90, 113, 115, 116, 117, 118, 119, 120, 122, 124, 130, 137, 138, 140]) )
                                ( Sattelite (leaf: 121) (text: ) (vein: [1, 2, 15, 17, 20, 21, 24, 26, 28, 29, 30, 31, 35, 39, 41, 46, 49, 52, 53, 55, 60, 73, 74, 77, 80, 81, 89, 90, 113, 115, 116, 117, 118, 119, 120, 121, 122, 124, 130, 137, 138, 140]) )
                              )
                            )
                          )
                        )
                        ( Nucleus (span: 122 142)
                          ( Nucleus (span: 122 123)
                            ( Nucleus (leaf: 122) (text: ) (vein: [1, 2, 15, 17, 20, 21, 24, 26, 28, 29, 30, 31, 35, 39, 41, 46, 49, 52, 53, 55, 60, 73, 74, 77, 80, 81, 89, 90, 106, 113, 114, 115, 116, 122, 124, 130, 137, 138, 140]) )
                            ( Sattelite (leaf: 123) (text: ) (vein: [1, 2, 15, 17, 20, 21, 24, 26, 28, 29, 30, 31, 35, 39, 41, 46, 49, 52, 53, 55, 60, 73, 74, 77, 80, 81, 89, 90, 113, 115, 116, 122, 123, 124, 130, 137, 138, 140]) )
                          )
                          ( Nucleus (span: 124 142)
                            ( Nucleus (span: 124 129)
                              ( Nucleus (span: 124 125)
                                ( Nucleus (leaf: 124) (text: ) (vein: [1, 2, 15, 17, 20, 21, 24, 26, 28, 29, 30, 31, 35, 39, 41, 46, 49, 52, 53, 55, 60, 73, 74, 77, 80, 81, 89, 90, 106, 113, 114, 115, 116, 122, 124, 130, 137, 138, 140]) )
                                ( Sattelite (leaf: 125) (text: ) (vein: [1, 2, 15, 17, 20, 21, 24, 26, 28, 29, 30, 31, 35, 39, 41, 46, 49, 52, 53, 55, 60, 73, 74, 77, 80, 81, 89, 90, 113, 115, 116, 122, 124, 125, 130, 137, 138, 140]) )
                              )
                              ( Sattelite (span: 126 129)
                                ( Nucleus (span: 126 127)
                                  ( Nucleus (leaf: 126) (text: ) (vein: [1, 2, 15, 17, 20, 21, 24, 26, 28, 29, 30, 31, 35, 39, 41, 46, 49, 52, 53, 55, 60, 73, 74, 77, 80, 81, 89, 90, 113, 115, 116, 122, 124, 126, 130, 137, 138, 140]) )
                                  ( Sattelite (leaf: 127) (text: ) (vein: [1, 2, 15, 17, 20, 21, 24, 26, 28, 29, 30, 31, 35, 39, 41, 46, 49, 52, 53, 55, 60, 73, 74, 77, 80, 81, 89, 90, 113, 115, 116, 122, 124, 126, 127, 130, 137, 138, 140]) )
                                )
                                ( Sattelite (span: 128 129)
                                  ( Nucleus (leaf: 128) (text: ) (vein: [1, 2, 15, 17, 20, 21, 24, 26, 28, 29, 30, 31, 35, 39, 41, 46, 49, 52, 53, 55, 60, 73, 74, 77, 80, 81, 89, 90, 113, 115, 116, 122, 124, 126, 128, 130, 137, 138, 140]) )
                                  ( Sattelite (leaf: 129) (text: ) (vein: [1, 2, 15, 17, 20, 21, 24, 26, 28, 29, 30, 31, 35, 39, 41, 46, 49, 52, 53, 55, 60, 73, 74, 77, 80, 81, 89, 90, 113, 115, 116, 122, 124, 126, 128, 129, 130, 137, 138, 140]) )
                                )
                              )
                            )
                            ( Nucleus (span: 130 142)
                              ( Nucleus (span: 130 136)
                                ( Nucleus (leaf: 130) (text: ) (vein: [1, 2, 15, 17, 20, 21, 24, 26, 28, 29, 30, 31, 35, 39, 41, 46, 49, 52, 53, 55, 60, 73, 74, 77, 80, 81, 89, 90, 106, 113, 114, 115, 116, 122, 124, 130, 137, 138, 140]) )
                                ( Sattelite (span: 131 136)
                                  ( Nucleus (span: 131 132)
                                    ( Nucleus (leaf: 131) (text: ) (vein: [1, 2, 15, 17, 20, 21, 24, 26, 28, 29, 30, 31, 35, 39, 41, 46, 49, 52, 53, 55, 60, 73, 74, 77, 80, 81, 89, 90, 113, 115, 116, 122, 124, 130, 131, 137, 138, 140]) )
                                    ( Sattelite (leaf: 132) (text: ) (vein: [1, 2, 15, 17, 20, 21, 24, 26, 28, 29, 30, 31, 35, 39, 41, 46, 49, 52, 53, 55, 60, 73, 74, 77, 80, 81, 89, 90, 113, 115, 116, 122, 124, 130, 131, 132, 137, 138, 140]) )
                                  )
                                  ( Sattelite (span: 133 136)
                                    ( Nucleus (span: 133 134)
                                      ( Nucleus (leaf: 133) (text: ) (vein: [1, 2, 15, 17, 20, 21, 24, 26, 28, 29, 30, 31, 35, 39, 41, 46, 49, 52, 53, 55, 60, 73, 74, 77, 80, 81, 89, 90, 113, 115, 116, 122, 124, 130, 131, 133, 137, 138, 140]) )
                                      ( Sattelite (leaf: 134) (text: ) (vein: [1, 2, 15, 17, 20, 21, 24, 26, 28, 29, 30, 31, 35, 39, 41, 46, 49, 52, 53, 55, 60, 73, 74, 77, 80, 81, 89, 90, 113, 115, 116, 122, 124, 130, 131, 133, 134, 137, 138, 140]) )
                                    )
                                    ( Sattelite (span: 135 136)
                                      ( Nucleus (leaf: 135) (text: ) (vein: [1, 2, 15, 17, 20, 21, 24, 26, 28, 29, 30, 31, 35, 39, 41, 46, 49, 52, 53, 55, 60, 73, 74, 77, 80, 81, 89, 90, 113, 115, 116, 122, 124, 130, 131, 133, 135, 137, 138, 140]) )
                                      ( Sattelite (leaf: 136) (text: ) (vein: [1, 2, 15, 17, 20, 21, 24, 26, 28, 29, 30, 31, 35, 39, 41, 46, 49, 52, 53, 55, 60, 73, 74, 77, 80, 81, 89, 90, 113, 115, 116, 122, 124, 130, 131, 133, 135, 136, 137, 138, 140]) )
                                    )
                                  )
                                )
                              )
                              ( Nucleus (span: 137 142)
                                ( Nucleus (span: 137 139)
                                  ( Nucleus (span: 137 138)
                                    ( Nucleus (leaf: 137) (text: ) (vein: [1, 2, 15, 17, 20, 21, 24, 26, 28, 29, 30, 31, 35, 39, 41, 46, 49, 52, 53, 55, 60, 73, 74, 77, 80, 81, 89, 90, 106, 113, 114, 115, 116, 122, 124, 130, 137, 138, 140]) )
                                    ( Nucleus (leaf: 138) (text: ) (vein: [1, 2, 15, 17, 20, 21, 24, 26, 28, 29, 30, 31, 35, 39, 41, 46, 49, 52, 53, 55, 60, 73, 74, 77, 80, 81, 89, 90, 106, 113, 114, 115, 116, 122, 124, 130, 137, 138, 140]) )
                                  )
                                  ( Sattelite (leaf: 139) (text: ) (vein: [1, 2, 15, 17, 20, 21, 24, 26, 28, 29, 30, 31, 35, 39, 41, 46, 49, 52, 53, 55, 60, 73, 74, 77, 80, 81, 89, 90, 113, 115, 116, 122, 124, 130, 137, 138, 139, 140]) )
                                )
                                ( Nucleus (span: 140 142)
                                  ( Nucleus (span: 140 141)
                                    ( Nucleus (leaf: 140) (text: ) (vein: [1, 2, 15, 17, 20, 21, 24, 26, 28, 29, 30, 31, 35, 39, 41, 46, 49, 52, 53, 55, 60, 73, 74, 77, 80, 81, 89, 90, 106, 113, 114, 115, 116, 122, 124, 130, 137, 138, 140]) )
                                    ( Sattelite (leaf: 141) (text: ) (vein: [1, 2, 15, 17, 20, 21, 24, 26, 28, 29, 30, 31, 35, 39, 41, 46, 49, 52, 53, 55, 60, 73, 74, 77, 80, 81, 89, 90, 113, 115, 116, 122, 124, 130, 137, 138, 140, 141]) )
                                  )
                                  ( Sattelite (leaf: 142) (text: ) (vein: [1, 2, 15, 17, 20, 21, 24, 26, 28, 29, 30, 31, 35, 39, 41, 46, 49, 52, 53, 55, 60, 73, 74, 77, 80, 81, 89, 90, 113, 115, 116, 122, 124, 130, 137, 138, 140, 142]) )
                                )
                              )
                            )
                          )
                        )
                      )
                    )
                  )
                )
                ( Sattelite (span: 143 179)
                  ( Sattelite (span: 143 146)
                    ( Nucleus (leaf: 143) (text: A young girl who was writing a paper ) (vein: [1, 2, 15, 17, 20, 21, 24, 26, 28, 29, 30, 31, 35, 39, 41, 46, 49, 52, 53, 55, 60, 73, 74, 77, 80, 81, 89, 90, 113, 115, 116, 122, 124, 130, 137, 138, 140, 143, 148, 150, 152, 154, 155, 157, 158, 165, 166, 170, 172]) )
                    ( Sattelite (span: 144 146)
                      ( Nucleus (leaf: 144) (text: for school came to her father ) (vein: [1, 2, 15, 17, 20, 21, 24, 26, 28, 29, 30, 31, 35, 39, 41, 46, 49, 52, 53, 55, 60, 73, 74, 77, 80, 81, 89, 90, 113, 115, 116, 122, 124, 130, 137, 138, 140, 143, 144, 145, 148, 150, 152, 154, 155, 157, 158, 165, 166, 170, 172]) )
                      ( Nucleus (span: 145 146)
                        ( Nucleus (leaf: 145) (text: and asked , " Dad , ) (vein: [1, 2, 15, 17, 20, 21, 24, 26, 28, 29, 30, 31, 35, 39, 41, 46, 49, 52, 53, 55, 60, 73, 74, 77, 80, 81, 89, 90, 113, 115, 116, 122, 124, 130, 137, 138, 140, 143, 144, 145, 148, 150, 152, 154, 155, 157, 158, 165, 166, 170, 172]) )
                        ( Sattelite (leaf: 146) (text: what is the difference between anger and exasperation ? " ) (vein: [1, 2, 15, 17, 20, 21, 24, 26, 28, 29, 30, 31, 35, 39, 41, 46, 49, 52, 53, 55, 60, 73, 74, 77, 80, 81, 89, 90, 113, 115, 116, 122, 124, 130, 137, 138, 140, 143, 144, 145, 146, 148, 150, 152, 154, 155, 157, 158, 165, 166, 170, 172]) )
                      )
                    )
                  )
                  ( Nucleus (span: 147 179)
                    ( Sattelite (leaf: 147) (text: The father replied , " It is mostly a matter of degree . ) (vein: [1, 2, 15, 17, 20, 21, 24, 26, 28, 29, 30, 31, 35, 39, 41, 46, 49, 52, 53, 55, 60, 73, 74, 77, 80, 81, 89, 90, 113, 115, 116, 122, 124, 130, 137, 138, 140, 143, 147, 148, 150, 152, 154, 155, 157, 158, 165, 166, 170, 172]) )
                    ( Nucleus (span: 148 179)
                      ( Nucleus (leaf: 148) (text: Let me show you what I mean . " ) (vein: [1, 2, 15, 17, 20, 21, 24, 26, 28, 29, 30, 31, 35, 39, 41, 46, 49, 52, 53, 55, 60, 73, 74, 77, 80, 81, 89, 90, 113, 115, 116, 122, 124, 130, 137, 138, 140, 143, 147, 148, 150, 152, 154, 155, 157, 158, 165, 166, 170, 172]) )
                      ( Nucleus (span: 149 179)
                        ( Sattelite (leaf: 149) (text: With that the father went to the telephone and dialed a number at random . ) (vein: [1, 2, 15, 17, 20, 21, 24, 26, 28, 29, 30, 31, 35, 39, 41, 46, 49, 52, 53, 55, 60, 73, 74, 77, 80, 81, 89, 90, 113, 115, 116, 122, 124, 130, 137, 138, 140, 143, 147, 148, 149, 150, 152, 154, 155, 157, 158, 165, 166, 170, 172]) )
                        ( Nucleus (span: 150 179)
                          ( Nucleus (span: 150 152)
                            ( Nucleus (leaf: 150) (text: To the man who answered the phone , ) (vein: [1, 2, 15, 17, 20, 21, 24, 26, 28, 29, 30, 31, 35, 39, 41, 46, 49, 52, 53, 55, 60, 73, 74, 77, 80, 81, 89, 90, 113, 115, 116, 122, 124, 130, 137, 138, 140, 143, 147, 148, 149, 150, 152, 154, 155, 157, 158, 165, 166, 170, 172]) )
                            ( Nucleus (span: 151 152)
                              ( Sattelite (leaf: 151) (text: he said , " Hello , ) (vein: [1, 2, 15, 17, 20, 21, 24, 26, 28, 29, 30, 31, 35, 39, 41, 46, 49, 52, 53, 55, 60, 73, 74, 77, 80, 81, 89, 90, 113, 115, 116, 122, 124, 130, 137, 138, 140, 143, 147, 148, 149, 150, 151, 152, 154, 155, 157, 158, 165, 166, 170, 172]) )
                              ( Nucleus (leaf: 152) (text: is Melvin there ? " ) (vein: [1, 2, 15, 17, 20, 21, 24, 26, 28, 29, 30, 31, 35, 39, 41, 46, 49, 52, 53, 55, 60, 73, 74, 77, 80, 81, 89, 90, 113, 115, 116, 122, 124, 130, 137, 138, 140, 143, 147, 148, 149, 150, 151, 152, 154, 155, 157, 158, 165, 166, 170, 172]) )
                            )
                          )
                          ( Nucleus (span: 153 179)
                            ( Sattelite (leaf: 153) (text: The man answered , " There is no one living here named Melvin . ) (vein: [1, 2, 15, 17, 20, 21, 24, 26, 28, 29, 30, 31, 35, 39, 41, 46, 49, 52, 53, 55, 60, 73, 74, 77, 80, 81, 89, 90, 113, 115, 116, 122, 124, 130, 137, 138, 140, 143, 147, 148, 149, 150, 152, 153, 154, 155, 157, 158, 165, 166, 170, 172]) )
                            ( Nucleus (span: 154 179)
                              ( Nucleus (leaf: 154) (text: Why do n't you learn to look up numbers before you dial them ? " ) (vein: [1, 2, 15, 17, 20, 21, 24, 26, 28, 29, 30, 31, 35, 39, 41, 46, 49, 52, 53, 55, 60, 73, 74, 77, 80, 81, 89, 90, 113, 115, 116, 122, 124, 130, 137, 138, 140, 143, 147, 148, 149, 150, 152, 153, 154, 155, 157, 158, 165, 166, 170, 172]) )
                              ( Nucleus (span: 155 179)
                                ( Nucleus (leaf: 155) (text: " See , " said the father to his daughter . ) (vein: [1, 2, 15, 17, 20, 21, 24, 26, 28, 29, 30, 31, 35, 39, 41, 46, 49, 52, 53, 55, 60, 73, 74, 77, 80, 81, 89, 90, 113, 115, 116, 122, 124, 130, 137, 138, 140, 143, 147, 148, 149, 150, 152, 153, 154, 155, 157, 158, 165, 166, 170, 172]) )
                                ( Nucleus (span: 156 179)
                                  ( Sattelite (leaf: 156) (text: " That man was not a bit happy with our call . ) (vein: [1, 2, 15, 17, 20, 21, 24, 26, 28, 29, 30, 31, 35, 39, 41, 46, 49, 52, 53, 55, 60, 73, 74, 77, 80, 81, 89, 90, 113, 115, 116, 122, 124, 130, 137, 138, 140, 143, 147, 148, 149, 150, 152, 153, 154, 155, 156, 157, 158, 165, 166, 170, 172]) )
                                  ( Nucleus (span: 157 179)
                                    ( Nucleus (span: 157 164)
                                      ( Nucleus (span: 157 158)
                                        ( Nucleus (leaf: 157) (text: He was probably very busy with some-thing ) (vein: [1, 2, 15, 17, 20, 21, 24, 26, 28, 29, 30, 31, 35, 39, 41, 46, 49, 52, 53, 55, 60, 73, 74, 77, 80, 81, 89, 90, 113, 115, 116, 122, 124, 130, 137, 138, 140, 143, 147, 148, 149, 150, 152, 153, 154, 155, 156, 157, 158, 165, 166, 170, 172]) )
                                        ( Nucleus (leaf: 158) (text: and we annoyed him . ) (vein: [1, 2, 15, 17, 20, 21, 24, 26, 28, 29, 30, 31, 35, 39, 41, 46, 49, 52, 53, 55, 60, 73, 74, 77, 80, 81, 89, 90, 113, 115, 116, 122, 124, 130, 137, 138, 140, 143, 147, 148, 149, 150, 152, 153, 154, 155, 156, 157, 158, 165, 166, 170, 172]) )
                                      )
                                      ( Sattelite (span: 159 164)
                                        ( Nucleus (leaf: 159) (text: Now watch .... " ) (vein: [1, 2, 15, 17, 20, 21, 24, 26, 28, 29, 30, 31, 35, 39, 41, 46, 49, 52, 53, 55, 60, 73, 74, 77, 80, 81, 89, 90, 113, 115, 116, 122, 124, 130, 137, 138, 140, 148, 150, 152, 154, 155, 157, 158, 159, 165, 166, 170, 172]) )
                                        ( Sattelite (span: 160 164)
                                          ( Nucleus (leaf: 160) (text: The father dialed the number again . ) (vein: [1, 2, 15, 17, 20, 21, 24, 26, 28, 29, 30, 31, 35, 39, 41, 46, 49, 52, 53, 55, 60, 73, 74, 77, 80, 81, 89, 90, 113, 115, 116, 122, 124, 130, 137, 138, 140, 148, 150, 152, 154, 155, 157, 158, 159, 160, 165, 166, 170, 172]) )
                                          ( Sattelite (span: 161 164)
                                            ( Nucleus (span: 161 162)
                                              ( Nucleus (leaf: 161) (text: " Hello , is Melvin there ? " , ) (vein: [1, 2, 15, 17, 20, 21, 24, 26, 28, 29, 30, 31, 35, 39, 41, 46, 49, 52, 53, 55, 60, 73, 74, 77, 80, 81, 89, 90, 113, 115, 116, 122, 124, 130, 137, 138, 140, 148, 150, 152, 154, 155, 157, 158, 159, 160, 161, 165, 166, 170, 172]) )
                                              ( Sattelite (leaf: 162) (text: asked the father . ) (vein: [1, 2, 15, 17, 20, 21, 24, 26, 28, 29, 30, 31, 35, 39, 41, 46, 49, 52, 53, 55, 60, 73, 74, 77, 80, 81, 89, 90, 113, 115, 116, 122, 124, 130, 137, 138, 140, 148, 150, 152, 154, 155, 157, 158, 159, 160, 161, 162, 165, 166, 170, 172]) )
                                            )
                                            ( Sattelite (span: 163 164)
                                              ( Nucleus (leaf: 163) (text: " Now look here ! " ) (vein: [1, 2, 15, 17, 20, 21, 24, 26, 28, 29, 30, 31, 35, 39, 41, 46, 49, 52, 53, 55, 60, 73, 74, 77, 80, 81, 89, 90, 113, 115, 116, 122, 124, 130, 137, 138, 140, 148, 150, 152, 154, 155, 157, 158, 159, 160, 161, 163, 165, 166, 170, 172]) )
                                              ( Sattelite (leaf: 164) (text: came the heated reply . ) (vein: [1, 2, 15, 17, 20, 21, 24, 26, 28, 29, 30, 31, 35, 39, 41, 46, 49, 52, 53, 55, 60, 73, 74, 77, 80, 81, 89, 90, 113, 115, 116, 122, 124, 130, 137, 138, 140, 148, 150, 152, 154, 155, 157, 158, 159, 160, 161, 163, 164, 165, 166, 170, 172]) )
                                            )
                                          )
                                        )
                                      )
                                    )
                                    ( Nucleus (span: 165 179)
                                      ( Nucleus (span: 165 169)
                                        ( Nucleus (span: 165 167)
                                          ( Nucleus (leaf: 165) (text: " You just called this number ) (vein: [1, 2, 15, 17, 20, 21, 24, 26, 28, 29, 30, 31, 35, 39, 41, 46, 49, 52, 53, 55, 60, 73, 74, 77, 80, 81, 89, 90, 113, 115, 116, 122, 124, 130, 137, 138, 140, 143, 147, 148, 149, 150, 152, 153, 154, 155, 156, 157, 158, 165, 166, 170, 172]) )
                                          ( Nucleus (span: 166 167)
                                            ( Nucleus (leaf: 166) (text: and I told you ) (vein: [1, 2, 15, 17, 20, 21, 24, 26, 28, 29, 30, 31, 35, 39, 41, 46, 49, 52, 53, 55, 60, 73, 74, 77, 80, 81, 89, 90, 113, 115, 116, 122, 124, 130, 137, 138, 140, 143, 147, 148, 149, 150, 152, 153, 154, 155, 156, 157, 158, 165, 166, 170, 172]) )
                                            ( Sattelite (leaf: 167) (text: that there is no Melvin here ! ) (vein: [1, 2, 15, 17, 20, 21, 24, 26, 28, 29, 30, 31, 35, 39, 41, 46, 49, 52, 53, 55, 60, 73, 74, 77, 80, 81, 89, 90, 113, 115, 116, 122, 124, 130, 137, 138, 140, 148, 150, 152, 154, 155, 157, 158, 165, 166, 167, 170, 172]) )
                                          )
                                        )
                                        ( Sattelite (span: 168 169)
                                          ( Nucleus (leaf: 168) (text: You 've got a lot of nerve calling again ! " ) (vein: [1, 2, 15, 17, 20, 21, 24, 26, 28, 29, 30, 31, 35, 39, 41, 46, 49, 52, 53, 55, 60, 73, 74, 77, 80, 81, 89, 90, 113, 115, 116, 122, 124, 130, 137, 138, 140, 148, 150, 152, 154, 155, 157, 158, 165, 166, 168, 170, 172]) )
                                          ( Sattelite (leaf: 169) (text: The receiver slammed down hard . ) (vein: [1, 2, 15, 17, 20, 21, 24, 26, 28, 29, 30, 31, 35, 39, 41, 46, 49, 52, 53, 55, 60, 73, 74, 77, 80, 81, 89, 90, 113, 115, 116, 122, 124, 130, 137, 138, 140, 148, 150, 152, 154, 155, 157, 158, 165, 166, 168, 169, 170, 172]) )
                                        )
                                      )
                                      ( Nucleus (span: 170 179)
                                        ( Nucleus (span: 170 173)
                                          ( Nucleus (leaf: 170) (text: The father turned to his daughter ) (vein: [1, 2, 15, 17, 20, 21, 24, 26, 28, 29, 30, 31, 35, 39, 41, 46, 49, 52, 53, 55, 60, 73, 74, 77, 80, 81, 89, 90, 113, 115, 116, 122, 124, 130, 137, 138, 140, 143, 147, 148, 149, 150, 152, 153, 154, 155, 156, 157, 158, 165, 166, 170, 172]) )
                                          ( Nucleus (span: 171 173)
                                            ( Sattelite (leaf: 171) (text: and said , ) (vein: [1, 2, 15, 17, 20, 21, 24, 26, 28, 29, 30, 31, 35, 39, 41, 46, 49, 52, 53, 55, 60, 73, 74, 77, 80, 81, 89, 90, 113, 115, 116, 122, 124, 130, 137, 138, 140, 143, 147, 148, 149, 150, 152, 153, 154, 155, 156, 157, 158, 165, 166, 170, 171, 172]) )
                                            ( Nucleus (span: 172 173)
                                              ( Nucleus (leaf: 172) (text: " You see , ) (vein: [1, 2, 15, 17, 20, 21, 24, 26, 28, 29, 30, 31, 35, 39, 41, 46, 49, 52, 53, 55, 60, 73, 74, 77, 80, 81, 89, 90, 113, 115, 116, 122, 124, 130, 137, 138, 140, 143, 147, 148, 149, 150, 152, 153, 154, 155, 156, 157, 158, 165, 166, 170, 171, 172]) )
                                              ( Sattelite (leaf: 173) (text: that was anger . ) (vein: [1, 2, 15, 17, 20, 21, 24, 26, 28, 29, 30, 31, 35, 39, 41, 46, 49, 52, 53, 55, 60, 73, 74, 77, 80, 81, 89, 90, 113, 115, 116, 122, 124, 130, 137, 138, 140, 148, 150, 152, 154, 155, 157, 158, 165, 166, 170, 172, 173]) )
                                            )
                                          )
                                        )
                                        ( Sattelite (span: 174 179)
                                          ( Nucleus (leaf: 174) (text: Now I 'll show you what exasperation means . ) (vein: [1, 2, 15, 17, 20, 21, 24, 26, 28, 29, 30, 31, 35, 39, 41, 46, 49, 52, 53, 55, 60, 73, 74, 77, 80, 81, 89, 90, 113, 115, 116, 122, 124, 130, 137, 138, 140, 148, 150, 152, 154, 155, 157, 158, 165, 166, 170, 172, 174]) )
                                          ( Sattelite (span: 175 179)
                                            ( Nucleus (leaf: 175) (text: " He dialed the same number , and when a violent voice roared , " Hello ! " ) (vein: [1, 2, 15, 17, 20, 21, 24, 26, 28, 29, 30, 31, 35, 39, 41, 46, 49, 52, 53, 55, 60, 73, 74, 77, 80, 81, 89, 90, 113, 115, 116, 122, 124, 130, 137, 138, 140, 148, 150, 152, 154, 155, 157, 158, 165, 166, 170, 172, 174, 175]) )
                                            ( Sattelite (span: 176 179)
                                              ( Nucleus (span: 176 177)
                                                ( Nucleus (leaf: 176) (text: The father calmly said , " Hello , ) (vein: [1, 2, 15, 17, 20, 21, 24, 26, 28, 29, 30, 31, 35, 39, 41, 46, 49, 52, 53, 55, 60, 73, 74, 77, 80, 81, 89, 90, 113, 115, 116, 122, 124, 130, 137, 138, 140, 148, 150, 152, 154, 155, 157, 158, 165, 166, 170, 172, 174, 175, 176]) )
                                                ( Sattelite (leaf: 177) (text: this is Melvin . ) (vein: [1, 2, 15, 17, 20, 21, 24, 26, 28, 29, 30, 31, 35, 39, 41, 46, 49, 52, 53, 55, 60, 73, 74, 77, 80, 81, 89, 90, 113, 115, 116, 122, 124, 130, 137, 138, 140, 148, 150, 152, 154, 155, 157, 158, 165, 166, 170, 172, 174, 175, 176, 177]) )
                                              )
                                              ( Sattelite (span: 178 179)
                                                ( Nucleus (leaf: 178) (text: Have there been any calls for me ? ) (vein: [1, 2, 15, 17, 20, 21, 24, 26, 28, 29, 30, 31, 35, 39, 41, 46, 49, 52, 53, 55, 60, 73, 74, 77, 80, 81, 89, 90, 113, 115, 116, 122, 124, 130, 137, 138, 140, 148, 150, 152, 154, 155, 157, 158, 165, 166, 170, 172, 174, 175, 176, 178]) )
                                                ( Sattelite (leaf: 179) (text: " ) (vein: [1, 2, 15, 17, 20, 21, 24, 26, 28, 29, 30, 31, 35, 39, 41, 46, 49, 52, 53, 55, 60, 73, 74, 77, 80, 81, 89, 90, 113, 115, 116, 122, 124, 130, 137, 138, 140, 148, 150, 152, 154, 155, 157, 158, 165, 166, 170, 172, 174, 175, 176, 178, 179]) )
                                              )
                                            )
                                          )
                                        )
                                      )
                                    )
                                  )
                                )
                              )
                            )
                          )
                        )
                      )
                    )
                  )
                )
              )
            )
          )
        )
      )
    )
  )
)

