( Root (0 172 )
  ( Nucleus (span: 0 15)
    ( Sattelite (leaf: 0) (text: ) (vein: [0, 1, 2, 3, 10, 16, 17, 22, 23, 25, 26, 35, 37, 46, 47, 48, 50, 55, 59, 60, 75, 81, 84, 88, 91, 106, 109, 110, 115, 118, 121, 133, 138]) )
    ( Nucleus (span: 1 15)
      ( Nucleus (leaf: 1) (text: ) (vein: [0, 1, 2, 3, 10, 16, 17, 22, 23, 25, 26, 35, 37, 46, 47, 48, 50, 55, 59, 60, 75, 81, 84, 88, 91, 106, 109, 110, 115, 118, 121, 133, 138]) )
      ( Nucleus (span: 2 15)
        ( Nucleus (leaf: 2) (text: ) (vein: [0, 1, 2, 3, 10, 16, 17, 22, 23, 25, 26, 35, 37, 46, 47, 48, 50, 55, 59, 60, 75, 81, 84, 88, 91, 106, 109, 110, 115, 118, 121, 133, 138]) )
        ( Nucleus (span: 3 15)
          ( Nucleus (span: 3 9)
            ( Nucleus (leaf: 3) (text: ) (vein: [0, 1, 2, 3, 10, 16, 17, 22, 23, 25, 26, 35, 37, 46, 47, 48, 50, 55, 59, 60, 75, 81, 84, 88, 91, 106, 109, 110, 115, 118, 121, 133, 138]) )
            ( Sattelite (span: 4 9)
              ( Nucleus (span: 4 5)
                ( Nucleus (leaf: 4) (text: ) (vein: [1, 2, 3, 4, 10, 16, 17, 22, 23, 25, 26, 35, 37, 46, 47, 48, 50, 55, 59, 60, 75, 81, 84, 88, 91, 106, 109, 110, 115, 118, 121, 133, 138]) )
                ( Sattelite (leaf: 5) (text: ) (vein: [1, 2, 3, 4, 5, 10, 16, 17, 22, 23, 25, 26, 35, 37, 46, 47, 48, 50, 55, 59, 60, 75, 81, 84, 88, 91, 106, 109, 110, 115, 118, 121, 133, 138]) )
              )
              ( Sattelite (span: 6 9)
                ( Nucleus (span: 6 7)
                  ( Nucleus (leaf: 6) (text: ) (vein: [1, 2, 3, 4, 6, 10, 16, 17, 22, 23, 25, 26, 35, 37, 46, 47, 48, 50, 55, 59, 60, 75, 81, 84, 88, 91, 106, 109, 110, 115, 118, 121, 133, 138]) )
                  ( Sattelite (leaf: 7) (text: ) (vein: [1, 2, 3, 4, 6, 7, 10, 16, 17, 22, 23, 25, 26, 35, 37, 46, 47, 48, 50, 55, 59, 60, 75, 81, 84, 88, 91, 106, 109, 110, 115, 118, 121, 133, 138]) )
                )
                ( Sattelite (span: 8 9)
                  ( Nucleus (leaf: 8) (text: ) (vein: [1, 2, 3, 4, 6, 8, 10, 16, 17, 22, 23, 25, 26, 35, 37, 46, 47, 48, 50, 55, 59, 60, 75, 81, 84, 88, 91, 106, 109, 110, 115, 118, 121, 133, 138]) )
                  ( Sattelite (leaf: 9) (text: ) (vein: [1, 2, 3, 4, 6, 8, 9, 10, 16, 17, 22, 23, 25, 26, 35, 37, 46, 47, 48, 50, 55, 59, 60, 75, 81, 84, 88, 91, 106, 109, 110, 115, 118, 121, 133, 138]) )
                )
              )
            )
          )
          ( Nucleus (span: 10 15)
            ( Nucleus (leaf: 10) (text: ) (vein: [0, 1, 2, 3, 10, 16, 17, 22, 23, 25, 26, 35, 37, 46, 47, 48, 50, 55, 59, 60, 75, 81, 84, 88, 91, 106, 109, 110, 115, 118, 121, 133, 138]) )
            ( Sattelite (span: 11 15)
              ( Nucleus (span: 11 12)
                ( Nucleus (leaf: 11) (text: ) (vein: [1, 2, 3, 10, 11, 16, 17, 22, 23, 25, 26, 35, 37, 46, 47, 48, 50, 55, 59, 60, 75, 81, 84, 88, 91, 106, 109, 110, 115, 118, 121, 133, 138]) )
                ( Sattelite (leaf: 12) (text: ) (vein: [1, 2, 3, 10, 11, 12, 16, 17, 22, 23, 25, 26, 35, 37, 46, 47, 48, 50, 55, 59, 60, 75, 81, 84, 88, 91, 106, 109, 110, 115, 118, 121, 133, 138]) )
              )
              ( Sattelite (span: 13 15)
                ( Nucleus (leaf: 13) (text: ) (vein: [1, 2, 3, 10, 11, 13, 16, 17, 22, 23, 25, 26, 35, 37, 46, 47, 48, 50, 55, 59, 60, 75, 81, 84, 88, 91, 106, 109, 110, 115, 118, 121, 133, 138]) )
                ( Sattelite (span: 14 15)
                  ( Nucleus (leaf: 14) (text: ) (vein: [1, 2, 3, 10, 11, 13, 14, 16, 17, 22, 23, 25, 26, 35, 37, 46, 47, 48, 50, 55, 59, 60, 75, 81, 84, 88, 91, 106, 109, 110, 115, 118, 121, 133, 138]) )
                  ( Sattelite (leaf: 15) (text: ) (vein: [1, 2, 3, 10, 11, 13, 14, 15, 16, 17, 22, 23, 25, 26, 35, 37, 46, 47, 48, 50, 55, 59, 60, 75, 81, 84, 88, 91, 106, 109, 110, 115, 118, 121, 133, 138]) )
                )
              )
            )
          )
        )
      )
    )
  )
  ( Nucleus (span: 16 172)
    ( Nucleus (span: 16 140)
      ( Nucleus (leaf: 16) (text: ) (vein: [1, 2, 3, 10, 16, 17, 22, 23, 25, 26, 35, 37, 46, 47, 48, 50, 55, 59, 60, 75, 81, 84, 88, 91, 106, 109, 110, 115, 118, 121, 133, 138]) )
      ( Nucleus (span: 17 140)
        ( Nucleus (span: 17 21)
          ( Nucleus (leaf: 17) (text: ) (vein: [1, 2, 3, 10, 16, 17, 22, 23, 25, 26, 35, 37, 46, 47, 48, 50, 55, 59, 60, 75, 81, 84, 88, 91, 106, 109, 110, 115, 118, 121, 133, 138]) )
          ( Sattelite (span: 18 21)
            ( Nucleus (leaf: 18) (text: ) (vein: [1, 2, 3, 10, 16, 17, 18, 22, 23, 25, 26, 35, 37, 46, 47, 48, 50, 55, 59, 60, 75, 81, 84, 88, 91, 106, 109, 110, 115, 118, 121, 133, 138]) )
            ( Sattelite (span: 19 21)
              ( Nucleus (leaf: 19) (text: ) (vein: [1, 2, 3, 10, 16, 17, 18, 19, 22, 23, 25, 26, 35, 37, 46, 47, 48, 50, 55, 59, 60, 75, 81, 84, 88, 91, 106, 109, 110, 115, 118, 121, 133, 138]) )
              ( Sattelite (span: 20 21)
                ( Nucleus (leaf: 20) (text: ) (vein: [1, 2, 3, 10, 16, 17, 18, 19, 20, 22, 23, 25, 26, 35, 37, 46, 47, 48, 50, 55, 59, 60, 75, 81, 84, 88, 91, 106, 109, 110, 115, 118, 121, 133, 138]) )
                ( Sattelite (leaf: 21) (text: ) (vein: [1, 2, 3, 10, 16, 17, 18, 19, 20, 21, 22, 23, 25, 26, 35, 37, 46, 47, 48, 50, 55, 59, 60, 75, 81, 84, 88, 91, 106, 109, 110, 115, 118, 121, 133, 138]) )
              )
            )
          )
        )
        ( Nucleus (span: 22 140)
          ( Nucleus (leaf: 22) (text: ) (vein: [1, 2, 3, 10, 16, 17, 22, 23, 25, 26, 35, 37, 46, 47, 48, 50, 55, 59, 60, 75, 81, 84, 88, 91, 106, 109, 110, 115, 118, 121, 133, 138]) )
          ( Nucleus (span: 23 140)
            ( Nucleus (leaf: 23) (text: ) (vein: [1, 2, 3, 10, 16, 17, 22, 23, 25, 26, 35, 37, 46, 47, 48, 50, 55, 59, 60, 75, 81, 84, 88, 91, 106, 109, 110, 115, 118, 121, 133, 138]) )
            ( Nucleus (span: 24 140)
              ( Nucleus (span: 24 25)
                ( Sattelite (leaf: 24) (text: ) (vein: [1, 2, 3, 10, 16, 17, 22, 23, 24, 25, 26, 35, 37, 46, 47, 48, 50, 55, 59, 60, 75, 81, 84, 88, 91, 106, 109, 110, 115, 118, 121, 133, 138]) )
                ( Nucleus (leaf: 25) (text: ) (vein: [1, 2, 3, 10, 16, 17, 22, 23, 24, 25, 26, 35, 37, 46, 47, 48, 50, 55, 59, 60, 75, 81, 84, 88, 91, 106, 109, 110, 115, 118, 121, 133, 138]) )
              )
              ( Nucleus (span: 26 140)
                ( Nucleus (span: 26 34)
                  ( Nucleus (leaf: 26) (text: ) (vein: [1, 2, 3, 10, 16, 17, 22, 23, 25, 26, 35, 37, 46, 47, 48, 50, 55, 59, 60, 75, 81, 84, 88, 91, 106, 109, 110, 115, 118, 121, 133, 138]) )
                  ( Sattelite (span: 27 34)
                    ( Nucleus (leaf: 27) (text: ) (vein: [1, 2, 3, 10, 16, 17, 22, 23, 25, 26, 27, 35, 37, 46, 47, 48, 50, 55, 59, 60, 75, 81, 84, 88, 91, 106, 109, 110, 115, 118, 121, 133, 138]) )
                    ( Sattelite (span: 28 34)
                      ( Nucleus (leaf: 28) (text: ) (vein: [1, 2, 3, 10, 16, 17, 22, 23, 25, 26, 27, 28, 35, 37, 46, 47, 48, 50, 55, 59, 60, 75, 81, 84, 88, 91, 106, 109, 110, 115, 118, 121, 133, 138]) )
                      ( Sattelite (span: 29 34)
                        ( Nucleus (leaf: 29) (text: ) (vein: [1, 2, 3, 10, 16, 17, 22, 23, 25, 26, 27, 28, 29, 35, 37, 46, 47, 48, 50, 55, 59, 60, 75, 81, 84, 88, 91, 106, 109, 110, 115, 118, 121, 133, 138]) )
                        ( Sattelite (span: 30 34)
                          ( Nucleus (leaf: 30) (text: ) (vein: [1, 2, 3, 10, 16, 17, 22, 23, 25, 26, 27, 28, 29, 30, 35, 37, 46, 47, 48, 50, 55, 59, 60, 75, 81, 84, 88, 91, 106, 109, 110, 115, 118, 121, 133, 138]) )
                          ( Sattelite (span: 31 34)
                            ( Nucleus (leaf: 31) (text: ) (vein: [1, 2, 3, 10, 16, 17, 22, 23, 25, 26, 27, 28, 29, 30, 31, 35, 37, 46, 47, 48, 50, 55, 59, 60, 75, 81, 84, 88, 91, 106, 109, 110, 115, 118, 121, 133, 138]) )
                            ( Sattelite (span: 32 34)
                              ( Nucleus (leaf: 32) (text: ) (vein: [1, 2, 3, 10, 16, 17, 22, 23, 25, 26, 27, 28, 29, 30, 31, 32, 35, 37, 46, 47, 48, 50, 55, 59, 60, 75, 81, 84, 88, 91, 106, 109, 110, 115, 118, 121, 133, 138]) )
                              ( Sattelite (span: 33 34)
                                ( Nucleus (leaf: 33) (text: ) (vein: [1, 2, 3, 10, 16, 17, 22, 23, 25, 26, 27, 28, 29, 30, 31, 32, 33, 35, 37, 46, 47, 48, 50, 55, 59, 60, 75, 81, 84, 88, 91, 106, 109, 110, 115, 118, 121, 133, 138]) )
                                ( Sattelite (leaf: 34) (text: ) (vein: [1, 2, 3, 10, 16, 17, 22, 23, 25, 26, 27, 28, 29, 30, 31, 32, 33, 34, 35, 37, 46, 47, 48, 50, 55, 59, 60, 75, 81, 84, 88, 91, 106, 109, 110, 115, 118, 121, 133, 138]) )
                              )
                            )
                          )
                        )
                      )
                    )
                  )
                )
                ( Nucleus (span: 35 140)
                  ( Nucleus (span: 35 36)
                    ( Nucleus (leaf: 35) (text: ) (vein: [1, 2, 3, 10, 16, 17, 22, 23, 25, 26, 35, 37, 46, 47, 48, 50, 55, 59, 60, 75, 81, 84, 88, 91, 106, 109, 110, 115, 118, 121, 133, 138]) )
                    ( Sattelite (leaf: 36) (text: ) (vein: [1, 2, 3, 10, 16, 17, 22, 23, 25, 26, 35, 36, 37, 46, 47, 48, 50, 55, 59, 60, 75, 81, 84, 88, 91, 106, 109, 110, 115, 118, 121, 133, 138]) )
                  )
                  ( Nucleus (span: 37 140)
                    ( Nucleus (span: 37 45)
                      ( Nucleus (leaf: 37) (text: ) (vein: [1, 2, 3, 10, 16, 17, 22, 23, 25, 26, 35, 37, 46, 47, 48, 50, 55, 59, 60, 75, 81, 84, 88, 91, 106, 109, 110, 115, 118, 121, 133, 138]) )
                      ( Sattelite (span: 38 45)
                        ( Nucleus (span: 38 39)
                          ( Nucleus (leaf: 38) (text: ) (vein: [1, 2, 3, 10, 16, 17, 22, 23, 25, 26, 35, 37, 38, 46, 47, 48, 50, 55, 59, 60, 75, 81, 84, 88, 91, 106, 109, 110, 115, 118, 121, 133, 138]) )
                          ( Sattelite (leaf: 39) (text: ) (vein: [1, 2, 3, 10, 16, 17, 22, 23, 25, 26, 35, 37, 38, 39, 46, 47, 48, 50, 55, 59, 60, 75, 81, 84, 88, 91, 106, 109, 110, 115, 118, 121, 133, 138]) )
                        )
                        ( Sattelite (span: 40 45)
                          ( Nucleus (span: 40 41)
                            ( Nucleus (leaf: 40) (text: ) (vein: [1, 2, 3, 10, 16, 17, 22, 23, 25, 26, 35, 37, 38, 40, 46, 47, 48, 50, 55, 59, 60, 75, 81, 84, 88, 91, 106, 109, 110, 115, 118, 121, 133, 138]) )
                            ( Sattelite (leaf: 41) (text: ) (vein: [1, 2, 3, 10, 16, 17, 22, 23, 25, 26, 35, 37, 38, 40, 41, 46, 47, 48, 50, 55, 59, 60, 75, 81, 84, 88, 91, 106, 109, 110, 115, 118, 121, 133, 138]) )
                          )
                          ( Sattelite (span: 42 45)
                            ( Nucleus (leaf: 42) (text: ) (vein: [1, 2, 3, 10, 16, 17, 22, 23, 25, 26, 35, 37, 38, 40, 42, 46, 47, 48, 50, 55, 59, 60, 75, 81, 84, 88, 91, 106, 109, 110, 115, 118, 121, 133, 138]) )
                            ( Sattelite (span: 43 45)
                              ( Nucleus (leaf: 43) (text: ) (vein: [1, 2, 3, 10, 16, 17, 22, 23, 25, 26, 35, 37, 38, 40, 42, 43, 46, 47, 48, 50, 55, 59, 60, 75, 81, 84, 88, 91, 106, 109, 110, 115, 118, 121, 133, 138]) )
                              ( Sattelite (span: 44 45)
                                ( Nucleus (leaf: 44) (text: ) (vein: [1, 2, 3, 10, 16, 17, 22, 23, 25, 26, 35, 37, 38, 40, 42, 43, 44, 46, 47, 48, 50, 55, 59, 60, 75, 81, 84, 88, 91, 106, 109, 110, 115, 118, 121, 133, 138]) )
                                ( Sattelite (leaf: 45) (text: ) (vein: [1, 2, 3, 10, 16, 17, 22, 23, 25, 26, 35, 37, 38, 40, 42, 43, 44, 45, 46, 47, 48, 50, 55, 59, 60, 75, 81, 84, 88, 91, 106, 109, 110, 115, 118, 121, 133, 138]) )
                              )
                            )
                          )
                        )
                      )
                    )
                    ( Nucleus (span: 46 140)
                      ( Nucleus (leaf: 46) (text: ) (vein: [1, 2, 3, 10, 16, 17, 22, 23, 25, 26, 35, 37, 46, 47, 48, 50, 55, 59, 60, 75, 81, 84, 88, 91, 106, 109, 110, 115, 118, 121, 133, 138]) )
                      ( Nucleus (span: 47 140)
                        ( Nucleus (span: 47 49)
                          ( Nucleus (span: 47 48)
                            ( Nucleus (leaf: 47) (text: ) (vein: [1, 2, 3, 10, 16, 17, 22, 23, 25, 26, 35, 37, 46, 47, 48, 50, 55, 59, 60, 75, 81, 84, 88, 91, 106, 109, 110, 115, 118, 121, 133, 138]) )
                            ( Nucleus (leaf: 48) (text: ) (vein: [1, 2, 3, 10, 16, 17, 22, 23, 25, 26, 35, 37, 46, 47, 48, 50, 55, 59, 60, 75, 81, 84, 88, 91, 106, 109, 110, 115, 118, 121, 133, 138]) )
                          )
                          ( Sattelite (leaf: 49) (text: ) (vein: [1, 2, 3, 10, 16, 17, 22, 23, 25, 26, 35, 37, 46, 47, 48, 49, 50, 55, 59, 60, 75, 81, 84, 88, 91, 106, 109, 110, 115, 118, 121, 133, 138]) )
                        )
                        ( Nucleus (span: 50 140)
                          ( Nucleus (span: 50 54)
                            ( Nucleus (leaf: 50) (text: ) (vein: [1, 2, 3, 10, 16, 17, 22, 23, 25, 26, 35, 37, 46, 47, 48, 50, 55, 59, 60, 75, 81, 84, 88, 91, 106, 109, 110, 115, 118, 121, 133, 138]) )
                            ( Sattelite (span: 51 54)
                              ( Nucleus (span: 51 52)
                                ( Nucleus (leaf: 51) (text: ) (vein: [1, 2, 3, 10, 16, 17, 22, 23, 25, 26, 35, 37, 46, 47, 48, 50, 51, 55, 59, 60, 75, 81, 84, 88, 91, 106, 109, 110, 115, 118, 121, 133, 138]) )
                                ( Sattelite (leaf: 52) (text: ) (vein: [1, 2, 3, 10, 16, 17, 22, 23, 25, 26, 35, 37, 46, 47, 48, 50, 51, 52, 55, 59, 60, 75, 81, 84, 88, 91, 106, 109, 110, 115, 118, 121, 133, 138]) )
                              )
                              ( Sattelite (span: 53 54)
                                ( Nucleus (leaf: 53) (text: ) (vein: [1, 2, 3, 10, 16, 17, 22, 23, 25, 26, 35, 37, 46, 47, 48, 50, 51, 53, 55, 59, 60, 75, 81, 84, 88, 91, 106, 109, 110, 115, 118, 121, 133, 138]) )
                                ( Sattelite (leaf: 54) (text: ) (vein: [1, 2, 3, 10, 16, 17, 22, 23, 25, 26, 35, 37, 46, 47, 48, 50, 51, 53, 54, 55, 59, 60, 75, 81, 84, 88, 91, 106, 109, 110, 115, 118, 121, 133, 138]) )
                              )
                            )
                          )
                          ( Nucleus (span: 55 140)
                            ( Nucleus (span: 55 58)
                              ( Nucleus (leaf: 55) (text: ) (vein: [1, 2, 3, 10, 16, 17, 22, 23, 25, 26, 35, 37, 46, 47, 48, 50, 55, 59, 60, 75, 81, 84, 88, 91, 106, 109, 110, 115, 118, 121, 133, 138]) )
                              ( Sattelite (span: 56 58)
                                ( Nucleus (leaf: 56) (text: ) (vein: [1, 2, 3, 10, 16, 17, 22, 23, 25, 26, 35, 37, 46, 47, 48, 50, 55, 56, 59, 60, 75, 81, 84, 88, 91, 106, 109, 110, 115, 118, 121, 133, 138]) )
                                ( Sattelite (span: 57 58)
                                  ( Nucleus (leaf: 57) (text: ) (vein: [1, 2, 3, 10, 16, 17, 22, 23, 25, 26, 35, 37, 46, 47, 48, 50, 55, 56, 57, 59, 60, 75, 81, 84, 88, 91, 106, 109, 110, 115, 118, 121, 133, 138]) )
                                  ( Sattelite (leaf: 58) (text: ) (vein: [1, 2, 3, 10, 16, 17, 22, 23, 25, 26, 35, 37, 46, 47, 48, 50, 55, 56, 57, 58, 59, 60, 75, 81, 84, 88, 91, 106, 109, 110, 115, 118, 121, 133, 138]) )
                                )
                              )
                            )
                            ( Nucleus (span: 59 140)
                              ( Nucleus (span: 59 74)
                                ( Nucleus (span: 59 60)
                                  ( Nucleus (leaf: 59) (text: ) (vein: [1, 2, 3, 10, 16, 17, 22, 23, 25, 26, 35, 37, 46, 47, 48, 50, 55, 59, 60, 75, 81, 84, 88, 91, 106, 109, 110, 115, 118, 121, 133, 138]) )
                                  ( Nucleus (leaf: 60) (text: ) (vein: [1, 2, 3, 10, 16, 17, 22, 23, 25, 26, 35, 37, 46, 47, 48, 50, 55, 59, 60, 75, 81, 84, 88, 91, 106, 109, 110, 115, 118, 121, 133, 138]) )
                                )
                                ( Sattelite (span: 61 74)
                                  ( Nucleus (leaf: 61) (text: ) (vein: [1, 2, 3, 10, 16, 17, 22, 23, 25, 26, 35, 37, 46, 47, 48, 50, 55, 59, 60, 61, 75, 81, 84, 88, 91, 106, 109, 110, 115, 118, 121, 133, 138]) )
                                  ( Sattelite (span: 62 74)
                                    ( Nucleus (leaf: 62) (text: ) (vein: [1, 2, 3, 10, 16, 17, 22, 23, 25, 26, 35, 37, 46, 47, 48, 50, 55, 59, 60, 61, 62, 75, 81, 84, 88, 91, 106, 109, 110, 115, 118, 121, 133, 138]) )
                                    ( Sattelite (span: 63 74)
                                      ( Nucleus (leaf: 63) (text: ) (vein: [1, 2, 3, 10, 16, 17, 22, 23, 25, 26, 35, 37, 46, 47, 48, 50, 55, 59, 60, 61, 62, 63, 75, 81, 84, 88, 91, 106, 109, 110, 115, 118, 121, 133, 138]) )
                                      ( Sattelite (span: 64 74)
                                        ( Nucleus (leaf: 64) (text: ) (vein: [1, 2, 3, 10, 16, 17, 22, 23, 25, 26, 35, 37, 46, 47, 48, 50, 55, 59, 60, 61, 62, 63, 64, 75, 81, 84, 88, 91, 106, 109, 110, 115, 118, 121, 133, 138]) )
                                        ( Sattelite (span: 65 74)
                                          ( Nucleus (leaf: 65) (text: ) (vein: [1, 2, 3, 10, 16, 17, 22, 23, 25, 26, 35, 37, 46, 47, 48, 50, 55, 59, 60, 61, 62, 63, 64, 65, 75, 81, 84, 88, 91, 106, 109, 110, 115, 118, 121, 133, 138]) )
                                          ( Sattelite (span: 66 74)
                                            ( Nucleus (leaf: 66) (text: ) (vein: [1, 2, 3, 10, 16, 17, 22, 23, 25, 26, 35, 37, 46, 47, 48, 50, 55, 59, 60, 61, 62, 63, 64, 65, 66, 75, 81, 84, 88, 91, 106, 109, 110, 115, 118, 121, 133, 138]) )
                                            ( Sattelite (span: 67 74)
                                              ( Nucleus (leaf: 67) (text: ) (vein: [1, 2, 3, 10, 16, 17, 22, 23, 25, 26, 35, 37, 46, 47, 48, 50, 55, 59, 60, 61, 62, 63, 64, 65, 66, 67, 75, 81, 84, 88, 91, 106, 109, 110, 115, 118, 121, 133, 138]) )
                                              ( Sattelite (span: 68 74)
                                                ( Nucleus (leaf: 68) (text: ) (vein: [1, 2, 3, 10, 16, 17, 22, 23, 25, 26, 35, 37, 46, 47, 48, 50, 55, 59, 60, 61, 62, 63, 64, 65, 66, 67, 68, 75, 81, 84, 88, 91, 106, 109, 110, 115, 118, 121, 133, 138]) )
                                                ( Sattelite (span: 69 74)
                                                  ( Nucleus (leaf: 69) (text: ) (vein: [1, 2, 3, 10, 16, 17, 22, 23, 25, 26, 35, 37, 46, 47, 48, 50, 55, 59, 60, 61, 62, 63, 64, 65, 66, 67, 68, 69, 75, 81, 84, 88, 91, 106, 109, 110, 115, 118, 121, 133, 138]) )
                                                  ( Sattelite (span: 70 74)
                                                    ( Nucleus (leaf: 70) (text: ) (vein: [1, 2, 3, 10, 16, 17, 22, 23, 25, 26, 35, 37, 46, 47, 48, 50, 55, 59, 60, 61, 62, 63, 64, 65, 66, 67, 68, 69, 70, 75, 81, 84, 88, 91, 106, 109, 110, 115, 118, 121, 133, 138]) )
                                                    ( Sattelite (span: 71 74)
                                                      ( Nucleus (span: 71 72)
                                                        ( Nucleus (leaf: 71) (text: ) (vein: [1, 2, 3, 10, 16, 17, 22, 23, 25, 26, 35, 37, 46, 47, 48, 50, 55, 59, 60, 61, 62, 63, 64, 65, 66, 67, 68, 69, 70, 71, 75, 81, 84, 88, 91, 106, 109, 110, 115, 118, 121, 133, 138]) )
                                                        ( Sattelite (leaf: 72) (text: ) (vein: [1, 2, 3, 10, 16, 17, 22, 23, 25, 26, 35, 37, 46, 47, 48, 50, 55, 59, 60, 61, 62, 63, 64, 65, 66, 67, 68, 69, 70, 71, 72, 75, 81, 84, 88, 91, 106, 109, 110, 115, 118, 121, 133, 138]) )
                                                      )
                                                      ( Sattelite (span: 73 74)
                                                        ( Nucleus (leaf: 73) (text: ) (vein: [1, 2, 3, 10, 16, 17, 22, 23, 25, 26, 35, 37, 46, 47, 48, 50, 55, 59, 60, 61, 62, 63, 64, 65, 66, 67, 68, 69, 70, 71, 73, 75, 81, 84, 88, 91, 106, 109, 110, 115, 118, 121, 133, 138]) )
                                                        ( Sattelite (leaf: 74) (text: ) (vein: [1, 2, 3, 10, 16, 17, 22, 23, 25, 26, 35, 37, 46, 47, 48, 50, 55, 59, 60, 61, 62, 63, 64, 65, 66, 67, 68, 69, 70, 71, 73, 74, 75, 81, 84, 88, 91, 106, 109, 110, 115, 118, 121, 133, 138]) )
                                                      )
                                                    )
                                                  )
                                                )
                                              )
                                            )
                                          )
                                        )
                                      )
                                    )
                                  )
                                )
                              )
                              ( Nucleus (span: 75 140)
                                ( Nucleus (span: 75 80)
                                  ( Nucleus (leaf: 75) (text: ) (vein: [1, 2, 3, 10, 16, 17, 22, 23, 25, 26, 35, 37, 46, 47, 48, 50, 55, 59, 60, 75, 81, 84, 88, 91, 106, 109, 110, 115, 118, 121, 133, 138]) )
                                  ( Sattelite (span: 76 80)
                                    ( Nucleus (leaf: 76) (text: ) (vein: [1, 2, 3, 10, 16, 17, 22, 23, 25, 26, 35, 37, 46, 47, 48, 50, 55, 59, 60, 75, 76, 81, 84, 88, 91, 106, 109, 110, 115, 118, 121, 133, 138]) )
                                    ( Sattelite (span: 77 80)
                                      ( Nucleus (leaf: 77) (text: ) (vein: [1, 2, 3, 10, 16, 17, 22, 23, 25, 26, 35, 37, 46, 47, 48, 50, 55, 59, 60, 75, 76, 77, 81, 84, 88, 91, 106, 109, 110, 115, 118, 121, 133, 138]) )
                                      ( Sattelite (span: 78 80)
                                        ( Nucleus (span: 78 79)
                                          ( Nucleus (leaf: 78) (text: ) (vein: [1, 2, 3, 10, 16, 17, 22, 23, 25, 26, 35, 37, 46, 47, 48, 50, 55, 59, 60, 75, 76, 77, 78, 81, 84, 88, 91, 106, 109, 110, 115, 118, 121, 133, 138]) )
                                          ( Sattelite (leaf: 79) (text: ) (vein: [1, 2, 3, 10, 16, 17, 22, 23, 25, 26, 35, 37, 46, 47, 48, 50, 55, 59, 60, 75, 76, 77, 78, 79, 81, 84, 88, 91, 106, 109, 110, 115, 118, 121, 133, 138]) )
                                        )
                                        ( Sattelite (leaf: 80) (text: ) (vein: [1, 2, 3, 10, 16, 17, 22, 23, 25, 26, 35, 37, 46, 47, 48, 50, 55, 59, 60, 75, 76, 77, 78, 80, 81, 84, 88, 91, 106, 109, 110, 115, 118, 121, 133, 138]) )
                                      )
                                    )
                                  )
                                )
                                ( Nucleus (span: 81 140)
                                  ( Nucleus (span: 81 83)
                                    ( Nucleus (leaf: 81) (text: ) (vein: [1, 2, 3, 10, 16, 17, 22, 23, 25, 26, 35, 37, 46, 47, 48, 50, 55, 59, 60, 75, 81, 84, 88, 91, 106, 109, 110, 115, 118, 121, 133, 138]) )
                                    ( Sattelite (span: 82 83)
                                      ( Nucleus (leaf: 82) (text: ) (vein: [1, 2, 3, 10, 16, 17, 22, 23, 25, 26, 35, 37, 46, 47, 48, 50, 55, 59, 60, 75, 81, 82, 84, 88, 91, 106, 109, 110, 115, 118, 121, 133, 138]) )
                                      ( Sattelite (leaf: 83) (text: ) (vein: [1, 2, 3, 10, 16, 17, 22, 23, 25, 26, 35, 37, 46, 47, 48, 50, 55, 59, 60, 75, 81, 82, 83, 84, 88, 91, 106, 109, 110, 115, 118, 121, 133, 138]) )
                                    )
                                  )
                                  ( Nucleus (span: 84 140)
                                    ( Nucleus (span: 84 87)
                                      ( Nucleus (leaf: 84) (text: ) (vein: [1, 2, 3, 10, 16, 17, 22, 23, 25, 26, 35, 37, 46, 47, 48, 50, 55, 59, 60, 75, 81, 84, 88, 91, 106, 109, 110, 115, 118, 121, 133, 138]) )
                                      ( Sattelite (span: 85 87)
                                        ( Nucleus (leaf: 85) (text: ) (vein: [1, 2, 3, 10, 16, 17, 22, 23, 25, 26, 35, 37, 46, 47, 48, 50, 55, 59, 60, 75, 81, 84, 85, 88, 91, 106, 109, 110, 115, 118, 121, 133, 138]) )
                                        ( Sattelite (span: 86 87)
                                          ( Nucleus (leaf: 86) (text: ) (vein: [1, 2, 3, 10, 16, 17, 22, 23, 25, 26, 35, 37, 46, 47, 48, 50, 55, 59, 60, 75, 81, 84, 85, 86, 88, 91, 106, 109, 110, 115, 118, 121, 133, 138]) )
                                          ( Sattelite (leaf: 87) (text: ) (vein: [1, 2, 3, 10, 16, 17, 22, 23, 25, 26, 35, 37, 46, 47, 48, 50, 55, 59, 60, 75, 81, 84, 85, 86, 87, 88, 91, 106, 109, 110, 115, 118, 121, 133, 138]) )
                                        )
                                      )
                                    )
                                    ( Nucleus (span: 88 140)
                                      ( Nucleus (span: 88 90)
                                        ( Nucleus (leaf: 88) (text: ) (vein: [1, 2, 3, 10, 16, 17, 22, 23, 25, 26, 35, 37, 46, 47, 48, 50, 55, 59, 60, 75, 81, 84, 88, 91, 106, 109, 110, 115, 118, 121, 133, 138]) )
                                        ( Sattelite (span: 89 90)
                                          ( Nucleus (leaf: 89) (text: ) (vein: [1, 2, 3, 10, 16, 17, 22, 23, 25, 26, 35, 37, 46, 47, 48, 50, 55, 59, 60, 75, 81, 84, 88, 89, 91, 106, 109, 110, 115, 118, 121, 133, 138]) )
                                          ( Sattelite (leaf: 90) (text: ) (vein: [1, 2, 3, 10, 16, 17, 22, 23, 25, 26, 35, 37, 46, 47, 48, 50, 55, 59, 60, 75, 81, 84, 88, 89, 90, 91, 106, 109, 110, 115, 118, 121, 133, 138]) )
                                        )
                                      )
                                      ( Nucleus (span: 91 140)
                                        ( Nucleus (span: 91 105)
                                          ( Nucleus (leaf: 91) (text: ) (vein: [1, 2, 3, 10, 16, 17, 22, 23, 25, 26, 35, 37, 46, 47, 48, 50, 55, 59, 60, 75, 81, 84, 88, 91, 106, 109, 110, 115, 118, 121, 133, 138]) )
                                          ( Sattelite (span: 92 105)
                                            ( Nucleus (leaf: 92) (text: ) (vein: [1, 2, 3, 10, 16, 17, 22, 23, 25, 26, 35, 37, 46, 47, 48, 50, 55, 59, 60, 75, 81, 84, 88, 91, 92, 106, 109, 110, 115, 118, 121, 133, 138]) )
                                            ( Sattelite (span: 93 105)
                                              ( Nucleus (span: 93 94)
                                                ( Nucleus (leaf: 93) (text: ) (vein: [1, 2, 3, 10, 16, 17, 22, 23, 25, 26, 35, 37, 46, 47, 48, 50, 55, 59, 60, 75, 81, 84, 88, 91, 92, 93, 106, 109, 110, 115, 118, 121, 133, 138]) )
                                                ( Sattelite (leaf: 94) (text: ) (vein: [1, 2, 3, 10, 16, 17, 22, 23, 25, 26, 35, 37, 46, 47, 48, 50, 55, 59, 60, 75, 81, 84, 88, 91, 92, 93, 94, 106, 109, 110, 115, 118, 121, 133, 138]) )
                                              )
                                              ( Sattelite (span: 95 105)
                                                ( Nucleus (leaf: 95) (text: ) (vein: [1, 2, 3, 10, 16, 17, 22, 23, 25, 26, 35, 37, 46, 47, 48, 50, 55, 59, 60, 75, 81, 84, 88, 91, 92, 93, 95, 106, 109, 110, 115, 118, 121, 133, 138]) )
                                                ( Sattelite (span: 96 105)
                                                  ( Nucleus (leaf: 96) (text: ) (vein: [1, 2, 3, 10, 16, 17, 22, 23, 25, 26, 35, 37, 46, 47, 48, 50, 55, 59, 60, 75, 81, 84, 88, 91, 92, 93, 95, 96, 106, 109, 110, 115, 118, 121, 133, 138]) )
                                                  ( Sattelite (span: 97 105)
                                                    ( Nucleus (leaf: 97) (text: ) (vein: [1, 2, 3, 10, 16, 17, 22, 23, 25, 26, 35, 37, 46, 47, 48, 50, 55, 59, 60, 75, 81, 84, 88, 91, 92, 93, 95, 96, 97, 106, 109, 110, 115, 118, 121, 133, 138]) )
                                                    ( Sattelite (span: 98 105)
                                                      ( Nucleus (leaf: 98) (text: ) (vein: [1, 2, 3, 10, 16, 17, 22, 23, 25, 26, 35, 37, 46, 47, 48, 50, 55, 59, 60, 75, 81, 84, 88, 91, 92, 93, 95, 96, 97, 98, 106, 109, 110, 115, 118, 121, 133, 138]) )
                                                      ( Sattelite (span: 99 105)
                                                        ( Nucleus (leaf: 99) (text: ) (vein: [1, 2, 3, 10, 16, 17, 22, 23, 25, 26, 35, 37, 46, 47, 48, 50, 55, 59, 60, 75, 81, 84, 88, 91, 92, 93, 95, 96, 97, 98, 99, 106, 109, 110, 115, 118, 121, 133, 138]) )
                                                        ( Sattelite (span: 100 105)
                                                          ( Nucleus (leaf: 100) (text: ) (vein: [1, 2, 3, 10, 16, 17, 22, 23, 25, 26, 35, 37, 46, 47, 48, 50, 55, 59, 60, 75, 81, 84, 88, 91, 92, 93, 95, 96, 97, 98, 99, 100, 106, 109, 110, 115, 118, 121, 133, 138]) )
                                                          ( Sattelite (span: 101 105)
                                                            ( Nucleus (leaf: 101) (text: ) (vein: [1, 2, 3, 10, 16, 17, 22, 23, 25, 26, 35, 37, 46, 47, 48, 50, 55, 59, 60, 75, 81, 84, 88, 91, 92, 93, 95, 96, 97, 98, 99, 100, 101, 106, 109, 110, 115, 118, 121, 133, 138]) )
                                                            ( Sattelite (span: 102 105)
                                                              ( Nucleus (leaf: 102) (text: ) (vein: [1, 2, 3, 10, 16, 17, 22, 23, 25, 26, 35, 37, 46, 47, 48, 50, 55, 59, 60, 75, 81, 84, 88, 91, 92, 93, 95, 96, 97, 98, 99, 100, 101, 102, 106, 109, 110, 115, 118, 121, 133, 138]) )
                                                              ( Sattelite (span: 103 105)
                                                                ( Nucleus (leaf: 103) (text: ) (vein: [1, 2, 3, 10, 16, 17, 22, 23, 25, 26, 35, 37, 46, 47, 48, 50, 55, 59, 60, 75, 81, 84, 88, 91, 92, 93, 95, 96, 97, 98, 99, 100, 101, 102, 103, 106, 109, 110, 115, 118, 121, 133, 138]) )
                                                                ( Sattelite (span: 104 105)
                                                                  ( Nucleus (leaf: 104) (text: ) (vein: [1, 2, 3, 10, 16, 17, 22, 23, 25, 26, 35, 37, 46, 47, 48, 50, 55, 59, 60, 75, 81, 84, 88, 91, 92, 93, 95, 96, 97, 98, 99, 100, 101, 102, 103, 104, 106, 109, 110, 115, 118, 121, 133, 138]) )
                                                                  ( Sattelite (leaf: 105) (text: ) (vein: [1, 2, 3, 10, 16, 17, 22, 23, 25, 26, 35, 37, 46, 47, 48, 50, 55, 59, 60, 75, 81, 84, 88, 91, 92, 93, 95, 96, 97, 98, 99, 100, 101, 102, 103, 104, 105, 106, 109, 110, 115, 118, 121, 133, 138]) )
                                                                )
                                                              )
                                                            )
                                                          )
                                                        )
                                                      )
                                                    )
                                                  )
                                                )
                                              )
                                            )
                                          )
                                        )
                                        ( Nucleus (span: 106 140)
                                          ( Nucleus (span: 106 108)
                                            ( Nucleus (leaf: 106) (text: ) (vein: [1, 2, 3, 10, 16, 17, 22, 23, 25, 26, 35, 37, 46, 47, 48, 50, 55, 59, 60, 75, 81, 84, 88, 91, 106, 109, 110, 115, 118, 121, 133, 138]) )
                                            ( Sattelite (span: 107 108)
                                              ( Nucleus (leaf: 107) (text: ) (vein: [1, 2, 3, 10, 16, 17, 22, 23, 25, 26, 35, 37, 46, 47, 48, 50, 55, 59, 60, 75, 81, 84, 88, 91, 106, 107, 109, 110, 115, 118, 121, 133, 138]) )
                                              ( Sattelite (leaf: 108) (text: ) (vein: [1, 2, 3, 10, 16, 17, 22, 23, 25, 26, 35, 37, 46, 47, 48, 50, 55, 59, 60, 75, 81, 84, 88, 91, 106, 107, 108, 109, 110, 115, 118, 121, 133, 138]) )
                                            )
                                          )
                                          ( Nucleus (span: 109 140)
                                            ( Nucleus (span: 109 114)
                                              ( Nucleus (span: 109 110)
                                                ( Nucleus (leaf: 109) (text: ) (vein: [1, 2, 3, 10, 16, 17, 22, 23, 25, 26, 35, 37, 46, 47, 48, 50, 55, 59, 60, 75, 81, 84, 88, 91, 106, 109, 110, 115, 118, 121, 133, 138]) )
                                                ( Nucleus (leaf: 110) (text: ) (vein: [1, 2, 3, 10, 16, 17, 22, 23, 25, 26, 35, 37, 46, 47, 48, 50, 55, 59, 60, 75, 81, 84, 88, 91, 106, 109, 110, 115, 118, 121, 133, 138]) )
                                              )
                                              ( Sattelite (span: 111 114)
                                                ( Nucleus (leaf: 111) (text: ) (vein: [1, 2, 3, 10, 16, 17, 22, 23, 25, 26, 35, 37, 46, 47, 48, 50, 55, 59, 60, 75, 81, 84, 88, 91, 106, 109, 110, 111, 115, 118, 121, 133, 138]) )
                                                ( Sattelite (span: 112 114)
                                                  ( Nucleus (leaf: 112) (text: ) (vein: [1, 2, 3, 10, 16, 17, 22, 23, 25, 26, 35, 37, 46, 47, 48, 50, 55, 59, 60, 75, 81, 84, 88, 91, 106, 109, 110, 111, 112, 115, 118, 121, 133, 138]) )
                                                  ( Sattelite (span: 113 114)
                                                    ( Nucleus (leaf: 113) (text: ) (vein: [1, 2, 3, 10, 16, 17, 22, 23, 25, 26, 35, 37, 46, 47, 48, 50, 55, 59, 60, 75, 81, 84, 88, 91, 106, 109, 110, 111, 112, 113, 115, 118, 121, 133, 138]) )
                                                    ( Sattelite (leaf: 114) (text: ) (vein: [1, 2, 3, 10, 16, 17, 22, 23, 25, 26, 35, 37, 46, 47, 48, 50, 55, 59, 60, 75, 81, 84, 88, 91, 106, 109, 110, 111, 112, 113, 114, 115, 118, 121, 133, 138]) )
                                                  )
                                                )
                                              )
                                            )
                                            ( Nucleus (span: 115 140)
                                              ( Nucleus (span: 115 117)
                                                ( Nucleus (leaf: 115) (text: ) (vein: [1, 2, 3, 10, 16, 17, 22, 23, 25, 26, 35, 37, 46, 47, 48, 50, 55, 59, 60, 75, 81, 84, 88, 91, 106, 109, 110, 115, 118, 121, 133, 138]) )
                                                ( Sattelite (span: 116 117)
                                                  ( Nucleus (leaf: 116) (text: ) (vein: [1, 2, 3, 10, 16, 17, 22, 23, 25, 26, 35, 37, 46, 47, 48, 50, 55, 59, 60, 75, 81, 84, 88, 91, 106, 109, 110, 115, 116, 118, 121, 133, 138]) )
                                                  ( Sattelite (leaf: 117) (text: ) (vein: [1, 2, 3, 10, 16, 17, 22, 23, 25, 26, 35, 37, 46, 47, 48, 50, 55, 59, 60, 75, 81, 84, 88, 91, 106, 109, 110, 115, 116, 117, 118, 121, 133, 138]) )
                                                )
                                              )
                                              ( Nucleus (span: 118 140)
                                                ( Nucleus (span: 118 120)
                                                  ( Nucleus (leaf: 118) (text: ) (vein: [1, 2, 3, 10, 16, 17, 22, 23, 25, 26, 35, 37, 46, 47, 48, 50, 55, 59, 60, 75, 81, 84, 88, 91, 106, 109, 110, 115, 118, 121, 133, 138]) )
                                                  ( Sattelite (span: 119 120)
                                                    ( Nucleus (leaf: 119) (text: ) (vein: [1, 2, 3, 10, 16, 17, 22, 23, 25, 26, 35, 37, 46, 47, 48, 50, 55, 59, 60, 75, 81, 84, 88, 91, 106, 109, 110, 115, 118, 119, 121, 133, 138]) )
                                                    ( Sattelite (leaf: 120) (text: ) (vein: [1, 2, 3, 10, 16, 17, 22, 23, 25, 26, 35, 37, 46, 47, 48, 50, 55, 59, 60, 75, 81, 84, 88, 91, 106, 109, 110, 115, 118, 119, 120, 121, 133, 138]) )
                                                  )
                                                )
                                                ( Nucleus (span: 121 140)
                                                  ( Nucleus (span: 121 132)
                                                    ( Nucleus (leaf: 121) (text: ) (vein: [1, 2, 3, 10, 16, 17, 22, 23, 25, 26, 35, 37, 46, 47, 48, 50, 55, 59, 60, 75, 81, 84, 88, 91, 106, 109, 110, 115, 118, 121, 133, 138]) )
                                                    ( Sattelite (span: 122 132)
                                                      ( Nucleus (leaf: 122) (text: ) (vein: [1, 2, 3, 10, 16, 17, 22, 23, 25, 26, 35, 37, 46, 47, 48, 50, 55, 59, 60, 75, 81, 84, 88, 91, 106, 109, 110, 115, 118, 121, 122, 133, 138]) )
                                                      ( Sattelite (span: 123 132)
                                                        ( Nucleus (leaf: 123) (text: ) (vein: [1, 2, 3, 10, 16, 17, 22, 23, 25, 26, 35, 37, 46, 47, 48, 50, 55, 59, 60, 75, 81, 84, 88, 91, 106, 109, 110, 115, 118, 121, 122, 123, 133, 138]) )
                                                        ( Sattelite (span: 124 132)
                                                          ( Nucleus (span: 124 129)
                                                            ( Nucleus (span: 124 127)
                                                              ( Nucleus (span: 124 125)
                                                                ( Nucleus (leaf: 124) (text: ) (vein: [1, 2, 3, 10, 16, 17, 22, 23, 25, 26, 35, 37, 46, 47, 48, 50, 55, 59, 60, 75, 81, 84, 88, 91, 106, 109, 110, 115, 118, 121, 122, 123, 124, 133, 138]) )
                                                                ( Sattelite (leaf: 125) (text: ) (vein: [1, 2, 3, 10, 16, 17, 22, 23, 25, 26, 35, 37, 46, 47, 48, 50, 55, 59, 60, 75, 81, 84, 88, 91, 106, 109, 110, 115, 118, 121, 122, 123, 124, 125, 133, 138]) )
                                                              )
                                                              ( Sattelite (span: 126 127)
                                                                ( Nucleus (leaf: 126) (text: ) (vein: [1, 2, 3, 10, 16, 17, 22, 23, 25, 26, 35, 37, 46, 47, 48, 50, 55, 59, 60, 75, 81, 84, 88, 91, 106, 109, 110, 115, 118, 121, 122, 123, 124, 126, 133, 138]) )
                                                                ( Sattelite (leaf: 127) (text: ) (vein: [1, 2, 3, 10, 16, 17, 22, 23, 25, 26, 35, 37, 46, 47, 48, 50, 55, 59, 60, 75, 81, 84, 88, 91, 106, 109, 110, 115, 118, 121, 122, 123, 124, 126, 127, 133, 138]) )
                                                              )
                                                            )
                                                            ( Sattelite (span: 128 129)
                                                              ( Nucleus (leaf: 128) (text: ) (vein: [1, 2, 3, 10, 16, 17, 22, 23, 25, 26, 35, 37, 46, 47, 48, 50, 55, 59, 60, 75, 81, 84, 88, 91, 106, 109, 110, 115, 118, 121, 122, 123, 124, 128, 133, 138]) )
                                                              ( Sattelite (leaf: 129) (text: ) (vein: [1, 2, 3, 10, 16, 17, 22, 23, 25, 26, 35, 37, 46, 47, 48, 50, 55, 59, 60, 75, 81, 84, 88, 91, 106, 109, 110, 115, 118, 121, 122, 123, 124, 128, 129, 133, 138]) )
                                                            )
                                                          )
                                                          ( Sattelite (span: 130 132)
                                                            ( Nucleus (span: 130 131)
                                                              ( Nucleus (leaf: 130) (text: ) (vein: [1, 2, 3, 10, 16, 17, 22, 23, 25, 26, 35, 37, 46, 47, 48, 50, 55, 59, 60, 75, 81, 84, 88, 91, 106, 109, 110, 115, 118, 121, 122, 123, 124, 130, 133, 138]) )
                                                              ( Sattelite (leaf: 131) (text: ) (vein: [1, 2, 3, 10, 16, 17, 22, 23, 25, 26, 35, 37, 46, 47, 48, 50, 55, 59, 60, 75, 81, 84, 88, 91, 106, 109, 110, 115, 118, 121, 122, 123, 124, 130, 131, 133, 138]) )
                                                            )
                                                            ( Sattelite (leaf: 132) (text: ) (vein: [1, 2, 3, 10, 16, 17, 22, 23, 25, 26, 35, 37, 46, 47, 48, 50, 55, 59, 60, 75, 81, 84, 88, 91, 106, 109, 110, 115, 118, 121, 122, 123, 124, 130, 132, 133, 138]) )
                                                          )
                                                        )
                                                      )
                                                    )
                                                  )
                                                  ( Nucleus (span: 133 140)
                                                    ( Nucleus (span: 133 137)
                                                      ( Nucleus (leaf: 133) (text: ) (vein: [1, 2, 3, 10, 16, 17, 22, 23, 25, 26, 35, 37, 46, 47, 48, 50, 55, 59, 60, 75, 81, 84, 88, 91, 106, 109, 110, 115, 118, 121, 133, 138]) )
                                                      ( Sattelite (span: 134 137)
                                                        ( Nucleus (leaf: 134) (text: ) (vein: [1, 2, 3, 10, 16, 17, 22, 23, 25, 26, 35, 37, 46, 47, 48, 50, 55, 59, 60, 75, 81, 84, 88, 91, 106, 109, 110, 115, 118, 121, 133, 134, 138]) )
                                                        ( Sattelite (span: 135 137)
                                                          ( Nucleus (leaf: 135) (text: ) (vein: [1, 2, 3, 10, 16, 17, 22, 23, 25, 26, 35, 37, 46, 47, 48, 50, 55, 59, 60, 75, 81, 84, 88, 91, 106, 109, 110, 115, 118, 121, 133, 134, 135, 138]) )
                                                          ( Sattelite (span: 136 137)
                                                            ( Nucleus (leaf: 136) (text: ) (vein: [1, 2, 3, 10, 16, 17, 22, 23, 25, 26, 35, 37, 46, 47, 48, 50, 55, 59, 60, 75, 81, 84, 88, 91, 106, 109, 110, 115, 118, 121, 133, 134, 135, 136, 138]) )
                                                            ( Sattelite (leaf: 137) (text: ) (vein: [1, 2, 3, 10, 16, 17, 22, 23, 25, 26, 35, 37, 46, 47, 48, 50, 55, 59, 60, 75, 81, 84, 88, 91, 106, 109, 110, 115, 118, 121, 133, 134, 135, 136, 137, 138]) )
                                                          )
                                                        )
                                                      )
                                                    )
                                                    ( Nucleus (span: 138 140)
                                                      ( Nucleus (leaf: 138) (text: ) (vein: [1, 2, 3, 10, 16, 17, 22, 23, 25, 26, 35, 37, 46, 47, 48, 50, 55, 59, 60, 75, 81, 84, 88, 91, 106, 109, 110, 115, 118, 121, 133, 138]) )
                                                      ( Sattelite (span: 139 140)
                                                        ( Nucleus (leaf: 139) (text: ) (vein: [1, 2, 3, 10, 16, 17, 22, 23, 25, 26, 35, 37, 46, 47, 48, 50, 55, 59, 60, 75, 81, 84, 88, 91, 106, 109, 110, 115, 118, 121, 133, 138, 139]) )
                                                        ( Sattelite (leaf: 140) (text: ) (vein: [1, 2, 3, 10, 16, 17, 22, 23, 25, 26, 35, 37, 46, 47, 48, 50, 55, 59, 60, 75, 81, 84, 88, 91, 106, 109, 110, 115, 118, 121, 133, 138, 139, 140]) )
                                                      )
                                                    )
                                                  )
                                                )
                                              )
                                            )
                                          )
                                        )
                                      )
                                    )
                                  )
                                )
                              )
                            )
                          )
                        )
                      )
                    )
                  )
                )
              )
            )
          )
        )
      )
    )
    ( Sattelite (span: 141 172)
      ( Nucleus (span: 141 145)
        ( Nucleus (span: 141 142)
          ( Nucleus (leaf: 141) (text: ) (vein: [1, 2, 3, 10, 16, 17, 22, 23, 25, 26, 35, 37, 46, 47, 48, 50, 55, 59, 60, 75, 81, 84, 88, 91, 106, 109, 110, 115, 118, 121, 133, 138, 141]) )
          ( Sattelite (leaf: 142) (text: ) (vein: [1, 2, 3, 10, 16, 17, 22, 23, 25, 26, 35, 37, 46, 47, 48, 50, 55, 59, 60, 75, 81, 84, 88, 91, 106, 109, 110, 115, 118, 121, 133, 138, 141, 142]) )
        )
        ( Sattelite (span: 143 145)
          ( Nucleus (leaf: 143) (text: ) (vein: [1, 2, 3, 10, 16, 17, 22, 23, 25, 26, 35, 37, 46, 47, 48, 50, 55, 59, 60, 75, 81, 84, 88, 91, 106, 109, 110, 115, 118, 121, 133, 138, 141, 143]) )
          ( Sattelite (span: 144 145)
            ( Nucleus (leaf: 144) (text: ) (vein: [1, 2, 3, 10, 16, 17, 22, 23, 25, 26, 35, 37, 46, 47, 48, 50, 55, 59, 60, 75, 81, 84, 88, 91, 106, 109, 110, 115, 118, 121, 133, 138, 141, 143, 144]) )
            ( Sattelite (leaf: 145) (text: ) (vein: [1, 2, 3, 10, 16, 17, 22, 23, 25, 26, 35, 37, 46, 47, 48, 50, 55, 59, 60, 75, 81, 84, 88, 91, 106, 109, 110, 115, 118, 121, 133, 138, 141, 143, 144, 145]) )
          )
        )
      )
      ( Sattelite (span: 146 172)
        ( Nucleus (span: 146 149)
          ( Nucleus (leaf: 146) (text: BACKUP - What you do when you run across a skunk in the woods . ) (vein: [1, 2, 3, 10, 16, 17, 22, 23, 25, 26, 35, 37, 46, 47, 48, 50, 55, 59, 60, 75, 81, 84, 88, 91, 106, 109, 110, 115, 118, 121, 133, 138, 141, 146, 150]) )
          ( Sattelite (span: 147 149)
            ( Nucleus (leaf: 147) (text: BAR CODE - Them 's the fight ' n rules down in the local tavern . ) (vein: [1, 2, 3, 10, 16, 17, 22, 23, 25, 26, 35, 37, 46, 47, 48, 50, 55, 59, 60, 75, 81, 84, 88, 91, 106, 109, 110, 115, 118, 121, 133, 138, 141, 146, 147, 150]) )
            ( Sattelite (span: 148 149)
              ( Nucleus (leaf: 148) (text: BUG - The reason you give for calling in sick . ) (vein: [1, 2, 3, 10, 16, 17, 22, 23, 25, 26, 35, 37, 46, 47, 48, 50, 55, 59, 60, 75, 81, 84, 88, 91, 106, 109, 110, 115, 118, 121, 133, 138, 141, 146, 147, 148, 150]) )
              ( Sattelite (leaf: 149) (text: BYTE - What your pit bull dun to cusin Jethro . ) (vein: [1, 2, 3, 10, 16, 17, 22, 23, 25, 26, 35, 37, 46, 47, 48, 50, 55, 59, 60, 75, 81, 84, 88, 91, 106, 109, 110, 115, 118, 121, 133, 138, 141, 146, 147, 148, 149, 150]) )
            )
          )
        )
        ( Nucleus (span: 150 172)
          ( Nucleus (leaf: 150) (text: CACHE - Needed when you run out of food stamps . ) (vein: [1, 2, 3, 10, 16, 17, 22, 23, 25, 26, 35, 37, 46, 47, 48, 50, 55, 59, 60, 75, 81, 84, 88, 91, 106, 109, 110, 115, 118, 121, 133, 138, 141, 146, 150]) )
          ( Sattelite (span: 151 172)
            ( Nucleus (leaf: 151) (text: CHIP - Pasture muffins that you try not to step in . ) (vein: [1, 2, 3, 10, 16, 17, 22, 23, 25, 26, 35, 37, 46, 47, 48, 50, 55, 59, 60, 75, 81, 84, 88, 91, 106, 109, 110, 115, 118, 121, 133, 138, 141, 146, 150, 151]) )
            ( Sattelite (span: 152 172)
              ( Nucleus (leaf: 152) (text: TERMINAL - Time to call the undertaker . ) (vein: [1, 2, 3, 10, 16, 17, 22, 23, 25, 26, 35, 37, 46, 47, 48, 50, 55, 59, 60, 75, 81, 84, 88, 91, 106, 109, 110, 115, 118, 121, 133, 138, 141, 146, 150, 151, 152]) )
              ( Sattelite (span: 153 172)
                ( Nucleus (leaf: 153) (text: CRASH - When you go to Junior 's party uninvited . ) (vein: [1, 2, 3, 10, 16, 17, 22, 23, 25, 26, 35, 37, 46, 47, 48, 50, 55, 59, 60, 75, 81, 84, 88, 91, 106, 109, 110, 115, 118, 121, 133, 138, 141, 146, 150, 151, 152, 153]) )
                ( Sattelite (span: 154 172)
                  ( Nucleus (leaf: 154) (text: DIGITAL - The art of counting on your fingers . ) (vein: [1, 2, 3, 10, 16, 17, 22, 23, 25, 26, 35, 37, 46, 47, 48, 50, 55, 59, 60, 75, 81, 84, 88, 91, 106, 109, 110, 115, 118, 121, 133, 138, 141, 146, 150, 151, 152, 153, 154]) )
                  ( Sattelite (span: 155 172)
                    ( Nucleus (leaf: 155) (text: DISKETTE - Female disco dancer . ) (vein: [1, 2, 3, 10, 16, 17, 22, 23, 25, 26, 35, 37, 46, 47, 48, 50, 55, 59, 60, 75, 81, 84, 88, 91, 106, 109, 110, 115, 118, 121, 133, 138, 141, 146, 150, 151, 152, 153, 154, 155]) )
                    ( Sattelite (span: 156 172)
                      ( Nucleus (leaf: 156) (text: FAX - What you lie about to the IRS . ) (vein: [1, 2, 3, 10, 16, 17, 22, 23, 25, 26, 35, 37, 46, 47, 48, 50, 55, 59, 60, 75, 81, 84, 88, 91, 106, 109, 110, 115, 118, 121, 133, 138, 141, 146, 150, 151, 152, 153, 154, 155, 156]) )
                      ( Sattelite (span: 157 172)
                        ( Nucleus (leaf: 157) (text: HACKER - Uncle Leroy after 32 years of smoking . ) (vein: [1, 2, 3, 10, 16, 17, 22, 23, 25, 26, 35, 37, 46, 47, 48, 50, 55, 59, 60, 75, 81, 84, 88, 91, 106, 109, 110, 115, 118, 121, 133, 138, 141, 146, 150, 151, 152, 153, 154, 155, 156, 157]) )
                        ( Sattelite (span: 158 172)
                          ( Nucleus (leaf: 158) (text: HARDCOPY - Picture looked at when selecting tattoos . ) (vein: [1, 2, 3, 10, 16, 17, 22, 23, 25, 26, 35, 37, 46, 47, 48, 50, 55, 59, 60, 75, 81, 84, 88, 91, 106, 109, 110, 115, 118, 121, 133, 138, 141, 146, 150, 151, 152, 153, 154, 155, 156, 157, 158]) )
                          ( Sattelite (span: 159 172)
                            ( Nucleus (leaf: 159) (text: INTERNET - Where cafeteria workers put their hair . ) (vein: [1, 2, 3, 10, 16, 17, 22, 23, 25, 26, 35, 37, 46, 47, 48, 50, 55, 59, 60, 75, 81, 84, 88, 91, 106, 109, 110, 115, 118, 121, 133, 138, 141, 146, 150, 151, 152, 153, 154, 155, 156, 157, 158, 159]) )
                            ( Sattelite (span: 160 172)
                              ( Nucleus (leaf: 160) (text: KEYBOARD - Where you hang the keys to the John Deere . ) (vein: [1, 2, 3, 10, 16, 17, 22, 23, 25, 26, 35, 37, 46, 47, 48, 50, 55, 59, 60, 75, 81, 84, 88, 91, 106, 109, 110, 115, 118, 121, 133, 138, 141, 146, 150, 151, 152, 153, 154, 155, 156, 157, 158, 159, 160]) )
                              ( Sattelite (span: 161 172)
                                ( Nucleus (leaf: 161) (text: MAC - Big Bubba 's favorite fast food . ) (vein: [1, 2, 3, 10, 16, 17, 22, 23, 25, 26, 35, 37, 46, 47, 48, 50, 55, 59, 60, 75, 81, 84, 88, 91, 106, 109, 110, 115, 118, 121, 133, 138, 141, 146, 150, 151, 152, 153, 154, 155, 156, 157, 158, 159, 160, 161]) )
                                ( Sattelite (span: 162 172)
                                  ( Nucleus (leaf: 162) (text: MEGAHERTZ - How your head feel after 17 beers . ) (vein: [1, 2, 3, 10, 16, 17, 22, 23, 25, 26, 35, 37, 46, 47, 48, 50, 55, 59, 60, 75, 81, 84, 88, 91, 106, 109, 110, 115, 118, 121, 133, 138, 141, 146, 150, 151, 152, 153, 154, 155, 156, 157, 158, 159, 160, 161, 162]) )
                                  ( Sattelite (span: 163 172)
                                    ( Nucleus (span: 163 164)
                                      ( Nucleus (leaf: 163) (text: MODEM - What ya did ) (vein: [1, 2, 3, 10, 16, 17, 22, 23, 25, 26, 35, 37, 46, 47, 48, 50, 55, 59, 60, 75, 81, 84, 88, 91, 106, 109, 110, 115, 118, 121, 133, 138, 141, 146, 150, 151, 152, 153, 154, 155, 156, 157, 158, 159, 160, 161, 162, 163]) )
                                      ( Sattelite (leaf: 164) (text: when the grass and weeds got too tall . ) (vein: [1, 2, 3, 10, 16, 17, 22, 23, 25, 26, 35, 37, 46, 47, 48, 50, 55, 59, 60, 75, 81, 84, 88, 91, 106, 109, 110, 115, 118, 121, 133, 138, 141, 146, 150, 151, 152, 153, 154, 155, 156, 157, 158, 159, 160, 161, 162, 163, 164]) )
                                    )
                                    ( Sattelite (span: 165 172)
                                      ( Nucleus (leaf: 165) (text: MOUSE PAD - Where Mickey and Minnie live . ) (vein: [1, 2, 3, 10, 16, 17, 22, 23, 25, 26, 35, 37, 46, 47, 48, 50, 55, 59, 60, 75, 81, 84, 88, 91, 106, 109, 110, 115, 118, 121, 133, 138, 141, 146, 150, 151, 152, 153, 154, 155, 156, 157, 158, 159, 160, 161, 162, 163, 165]) )
                                      ( Sattelite (span: 166 172)
                                        ( Nucleus (leaf: 166) (text: NETWORK - Scoop ' n up a big fish before it breaks the line . ) (vein: [1, 2, 3, 10, 16, 17, 22, 23, 25, 26, 35, 37, 46, 47, 48, 50, 55, 59, 60, 75, 81, 84, 88, 91, 106, 109, 110, 115, 118, 121, 133, 138, 141, 146, 150, 151, 152, 153, 154, 155, 156, 157, 158, 159, 160, 161, 162, 163, 165, 166]) )
                                        ( Sattelite (span: 167 172)
                                          ( Nucleus (leaf: 167) (text: ONLINE - Where to stay when taking the sobriety test . ) (vein: [1, 2, 3, 10, 16, 17, 22, 23, 25, 26, 35, 37, 46, 47, 48, 50, 55, 59, 60, 75, 81, 84, 88, 91, 106, 109, 110, 115, 118, 121, 133, 138, 141, 146, 150, 151, 152, 153, 154, 155, 156, 157, 158, 159, 160, 161, 162, 163, 165, 166, 167]) )
                                          ( Sattelite (span: 168 172)
                                            ( Nucleus (leaf: 168) (text: SCREEN - Helps keep the Skeeters off the porch . ) (vein: [1, 2, 3, 10, 16, 17, 22, 23, 25, 26, 35, 37, 46, 47, 48, 50, 55, 59, 60, 75, 81, 84, 88, 91, 106, 109, 110, 115, 118, 121, 133, 138, 141, 146, 150, 151, 152, 153, 154, 155, 156, 157, 158, 159, 160, 161, 162, 163, 165, 166, 167, 168]) )
                                            ( Sattelite (span: 169 172)
                                              ( Nucleus (leaf: 169) (text: SERIAL PORT - A red wine you drink after breakfast . ) (vein: [1, 2, 3, 10, 16, 17, 22, 23, 25, 26, 35, 37, 46, 47, 48, 50, 55, 59, 60, 75, 81, 84, 88, 91, 106, 109, 110, 115, 118, 121, 133, 138, 141, 146, 150, 151, 152, 153, 154, 155, 156, 157, 158, 159, 160, 161, 162, 163, 165, 166, 167, 168, 169]) )
                                              ( Sattelite (span: 170 172)
                                                ( Nucleus (leaf: 170) (text: SUPERCONDUCTOR - AMTRAK 's Employee of the Year . ) (vein: [1, 2, 3, 10, 16, 17, 22, 23, 25, 26, 35, 37, 46, 47, 48, 50, 55, 59, 60, 75, 81, 84, 88, 91, 106, 109, 110, 115, 118, 121, 133, 138, 141, 146, 150, 151, 152, 153, 154, 155, 156, 157, 158, 159, 160, 161, 162, 163, 165, 166, 167, 168, 169, 170]) )
                                                ( Sattelite (span: 171 172)
                                                  ( Nucleus (leaf: 171) (text: SCSI - What you call your week-old underwear . ) (vein: [1, 2, 3, 10, 16, 17, 22, 23, 25, 26, 35, 37, 46, 47, 48, 50, 55, 59, 60, 75, 81, 84, 88, 91, 106, 109, 110, 115, 118, 121, 133, 138, 141, 146, 150, 151, 152, 153, 154, 155, 156, 157, 158, 159, 160, 161, 162, 163, 165, 166, 167, 168, 169, 170, 171]) )
                                                  ( Sattelite (leaf: 172) (text: ROM - Where the Pope lives . ) (vein: [1, 2, 3, 10, 16, 17, 22, 23, 25, 26, 35, 37, 46, 47, 48, 50, 55, 59, 60, 75, 81, 84, 88, 91, 106, 109, 110, 115, 118, 121, 133, 138, 141, 146, 150, 151, 152, 153, 154, 155, 156, 157, 158, 159, 160, 161, 162, 163, 165, 166, 167, 168, 169, 170, 171, 172]) )
                                                )
                                              )
                                            )
                                          )
                                        )
                                      )
                                    )
                                  )
                                )
                              )
                            )
                          )
                        )
                      )
                    )
                  )
                )
              )
            )
          )
        )
      )
    )
  )
)

