( Root (0 176 )
  ( Nucleus (span: 0 11)
    ( Nucleus (span: 0 2)
      ( Nucleus (leaf: 0) (text: ) (vein: [0, 1, 2, 3, 5, 8, 9, 12]) )
      ( Nucleus (span: 1 2)
        ( Nucleus (leaf: 1) (text: ) (vein: [0, 1, 2, 3, 5, 8, 9, 12]) )
        ( Nucleus (leaf: 2) (text: ) (vein: [0, 1, 2, 3, 5, 8, 9, 12]) )
      )
    )
    ( Nucleus (span: 3 11)
      ( Nucleus (span: 3 4)
        ( Nucleus (leaf: 3) (text: ) (vein: [0, 1, 2, 3, 5, 8, 9, 12]) )
        ( Sattelite (leaf: 4) (text: ) (vein: [0, 1, 2, 3, 4, 5, 8, 9, 12]) )
      )
      ( Nucleus (span: 5 11)
        ( Nucleus (leaf: 5) (text: ) (vein: [0, 1, 2, 3, 5, 8, 9, 12]) )
        ( Nucleus (span: 6 11)
          ( Nucleus (span: 6 8)
            ( Sattelite (leaf: 6) (text: ) (vein: [0, 1, 2, 3, 5, 6, 8, 9, 12]) )
            ( Nucleus (span: 7 8)
              ( Sattelite (leaf: 7) (text: ) (vein: [0, 1, 2, 3, 5, 6, 7, 8, 9, 12]) )
              ( Nucleus (leaf: 8) (text: ) (vein: [0, 1, 2, 3, 5, 6, 7, 8, 9, 12]) )
            )
          )
          ( Nucleus (span: 9 11)
            ( Nucleus (leaf: 9) (text: ) (vein: [0, 1, 2, 3, 5, 8, 9, 12]) )
            ( Sattelite (span: 10 11)
              ( Nucleus (leaf: 10) (text: ) (vein: [0, 1, 2, 3, 5, 8, 9, 10, 12]) )
              ( Sattelite (leaf: 11) (text: ) (vein: [0, 1, 2, 3, 5, 8, 9, 10, 11, 12]) )
            )
          )
        )
      )
    )
  )
  ( Nucleus (span: 12 176)
    ( Nucleus (span: 12 17)
      ( Nucleus (span: 12 13)
        ( Nucleus (leaf: 12) (text: ) (vein: [0, 1, 2, 3, 5, 8, 9, 12]) )
        ( Sattelite (leaf: 13) (text: ) (vein: [0, 1, 2, 3, 5, 8, 9, 12, 13]) )
      )
      ( Sattelite (span: 14 17)
        ( Nucleus (span: 14 15)
          ( Nucleus (leaf: 14) (text: ) (vein: [0, 1, 2, 3, 5, 8, 9, 12, 14]) )
          ( Sattelite (leaf: 15) (text: ) (vein: [0, 1, 2, 3, 5, 8, 9, 12, 14, 15]) )
        )
        ( Sattelite (span: 16 17)
          ( Nucleus (leaf: 16) (text: ) (vein: [0, 1, 2, 3, 5, 8, 9, 12, 14, 16]) )
          ( Sattelite (leaf: 17) (text: ) (vein: [0, 1, 2, 3, 5, 8, 9, 12, 14, 16, 17]) )
        )
      )
    )
    ( Sattelite (span: 18 176)
      ( Nucleus (span: 18 39)
        ( Nucleus (span: 18 20)
          ( Nucleus (leaf: 18) (text: ) (vein: [0, 1, 2, 3, 5, 8, 9, 12, 18, 19, 23, 25, 26]) )
          ( Nucleus (span: 19 20)
            ( Nucleus (leaf: 19) (text: ) (vein: [0, 1, 2, 3, 5, 8, 9, 12, 18, 19, 23, 25, 26]) )
            ( Sattelite (leaf: 20) (text: ) (vein: [0, 1, 2, 3, 5, 8, 9, 12, 18, 19, 20, 23, 25, 26]) )
          )
        )
        ( Nucleus (span: 21 39)
          ( Sattelite (span: 21 22)
            ( Nucleus (leaf: 21) (text: ) (vein: [0, 1, 2, 3, 5, 8, 9, 12, 18, 19, 21, 23, 25, 26]) )
            ( Sattelite (leaf: 22) (text: ) (vein: [0, 1, 2, 3, 5, 8, 9, 12, 18, 19, 21, 22, 23, 25, 26]) )
          )
          ( Nucleus (span: 23 39)
            ( Nucleus (leaf: 23) (text: ) (vein: [0, 1, 2, 3, 5, 8, 9, 12, 18, 19, 21, 23, 25, 26]) )
            ( Nucleus (span: 24 39)
              ( Sattelite (leaf: 24) (text: ) (vein: [0, 1, 2, 3, 5, 8, 9, 12, 18, 19, 21, 23, 24, 25, 26]) )
              ( Nucleus (span: 25 39)
                ( Nucleus (leaf: 25) (text: ) (vein: [0, 1, 2, 3, 5, 8, 9, 12, 18, 19, 21, 23, 24, 25, 26]) )
                ( Nucleus (span: 26 39)
                  ( Nucleus (leaf: 26) (text: ) (vein: [0, 1, 2, 3, 5, 8, 9, 12, 18, 19, 21, 23, 24, 25, 26]) )
                  ( Sattelite (span: 27 39)
                    ( Nucleus (span: 27 30)
                      ( Nucleus (leaf: 27) (text: ) (vein: [0, 1, 2, 3, 5, 8, 9, 12, 18, 19, 23, 25, 26, 27, 31]) )
                      ( Sattelite (span: 28 30)
                        ( Nucleus (leaf: 28) (text: ) (vein: [0, 1, 2, 3, 5, 8, 9, 12, 18, 19, 23, 25, 26, 27, 28, 29, 30, 31]) )
                        ( Nucleus (span: 29 30)
                          ( Nucleus (leaf: 29) (text: ) (vein: [0, 1, 2, 3, 5, 8, 9, 12, 18, 19, 23, 25, 26, 27, 28, 29, 30, 31]) )
                          ( Nucleus (leaf: 30) (text: ) (vein: [0, 1, 2, 3, 5, 8, 9, 12, 18, 19, 23, 25, 26, 27, 28, 29, 30, 31]) )
                        )
                      )
                    )
                    ( Nucleus (span: 31 39)
                      ( Nucleus (span: 31 33)
                        ( Nucleus (leaf: 31) (text: ) (vein: [0, 1, 2, 3, 5, 8, 9, 12, 18, 19, 23, 25, 26, 27, 31]) )
                        ( Sattelite (span: 32 33)
                          ( Nucleus (leaf: 32) (text: ) (vein: [0, 1, 2, 3, 5, 8, 9, 12, 18, 19, 23, 25, 26, 27, 31, 32]) )
                          ( Sattelite (leaf: 33) (text: ) (vein: [0, 1, 2, 3, 5, 8, 9, 12, 18, 19, 23, 25, 26, 27, 31, 32, 33]) )
                        )
                      )
                      ( Sattelite (span: 34 39)
                        ( Nucleus (span: 34 35)
                          ( Nucleus (leaf: 34) (text: ) (vein: [0, 1, 2, 3, 5, 8, 9, 12, 18, 19, 23, 25, 26, 27, 31, 34]) )
                          ( Sattelite (leaf: 35) (text: ) (vein: [0, 1, 2, 3, 5, 8, 9, 12, 18, 19, 23, 25, 26, 27, 31, 34, 35]) )
                        )
                        ( Sattelite (span: 36 39)
                          ( Nucleus (leaf: 36) (text: ) (vein: [0, 1, 2, 3, 5, 8, 9, 12, 18, 19, 23, 25, 26, 27, 31, 34, 36]) )
                          ( Sattelite (span: 37 39)
                            ( Nucleus (span: 37 38)
                              ( Nucleus (leaf: 37) (text: ) (vein: [0, 1, 2, 3, 5, 8, 9, 12, 18, 19, 23, 25, 26, 27, 31, 34, 36, 37]) )
                              ( Sattelite (leaf: 38) (text: ) (vein: [0, 1, 2, 3, 5, 8, 9, 12, 18, 19, 23, 25, 26, 27, 31, 34, 36, 37, 38]) )
                            )
                            ( Sattelite (leaf: 39) (text: ) (vein: [0, 1, 2, 3, 5, 8, 9, 12, 18, 19, 23, 25, 26, 27, 31, 34, 36, 37, 39]) )
                          )
                        )
                      )
                    )
                  )
                )
              )
            )
          )
        )
      )
      ( Sattelite (span: 40 176)
        ( Nucleus (span: 40 80)
          ( Nucleus (span: 40 42)
            ( Nucleus (leaf: 40) (text: ) (vein: [0, 1, 2, 3, 5, 8, 9, 12, 18, 19, 23, 25, 26, 40, 41, 43, 48, 49, 50, 51, 56, 57, 58, 66, 69, 78, 79]) )
            ( Nucleus (span: 41 42)
              ( Nucleus (leaf: 41) (text: ) (vein: [0, 1, 2, 3, 5, 8, 9, 12, 18, 19, 23, 25, 26, 40, 41, 43, 48, 49, 50, 51, 56, 57, 58, 66, 69, 78, 79]) )
              ( Sattelite (leaf: 42) (text: ) (vein: [0, 1, 2, 3, 5, 8, 9, 12, 18, 19, 23, 25, 26, 40, 41, 42, 43, 48, 49, 50, 51, 56, 57, 58, 66, 69, 78, 79]) )
            )
          )
          ( Nucleus (span: 43 80)
            ( Nucleus (span: 43 47)
              ( Nucleus (span: 43 45)
                ( Nucleus (leaf: 43) (text: ) (vein: [0, 1, 2, 3, 5, 8, 9, 12, 18, 19, 23, 25, 26, 40, 41, 43, 48, 49, 50, 51, 56, 57, 58, 66, 69, 78, 79]) )
                ( Sattelite (span: 44 45)
                  ( Nucleus (leaf: 44) (text: ) (vein: [0, 1, 2, 3, 5, 8, 9, 12, 18, 19, 23, 25, 26, 40, 41, 43, 44, 45, 48, 49, 50, 51, 56, 57, 58, 66, 69, 78, 79]) )
                  ( Nucleus (leaf: 45) (text: ) (vein: [0, 1, 2, 3, 5, 8, 9, 12, 18, 19, 23, 25, 26, 40, 41, 43, 44, 45, 48, 49, 50, 51, 56, 57, 58, 66, 69, 78, 79]) )
                )
              )
              ( Sattelite (span: 46 47)
                ( Nucleus (leaf: 46) (text: ) (vein: [0, 1, 2, 3, 5, 8, 9, 12, 18, 19, 23, 25, 26, 40, 41, 43, 46, 48, 49, 50, 51, 56, 57, 58, 66, 69, 78, 79]) )
                ( Sattelite (leaf: 47) (text: ) (vein: [0, 1, 2, 3, 5, 8, 9, 12, 18, 19, 23, 25, 26, 40, 41, 43, 46, 47, 48, 49, 50, 51, 56, 57, 58, 66, 69, 78, 79]) )
              )
            )
            ( Nucleus (span: 48 80)
              ( Nucleus (leaf: 48) (text: ) (vein: [0, 1, 2, 3, 5, 8, 9, 12, 18, 19, 23, 25, 26, 40, 41, 43, 48, 49, 50, 51, 56, 57, 58, 66, 69, 78, 79]) )
              ( Nucleus (span: 49 80)
                ( Nucleus (leaf: 49) (text: ) (vein: [0, 1, 2, 3, 5, 8, 9, 12, 18, 19, 23, 25, 26, 40, 41, 43, 48, 49, 50, 51, 56, 57, 58, 66, 69, 78, 79]) )
                ( Nucleus (span: 50 80)
                  ( Nucleus (leaf: 50) (text: ) (vein: [0, 1, 2, 3, 5, 8, 9, 12, 18, 19, 23, 25, 26, 40, 41, 43, 48, 49, 50, 51, 56, 57, 58, 66, 69, 78, 79]) )
                  ( Nucleus (span: 51 80)
                    ( Nucleus (leaf: 51) (text: ) (vein: [0, 1, 2, 3, 5, 8, 9, 12, 18, 19, 23, 25, 26, 40, 41, 43, 48, 49, 50, 51, 56, 57, 58, 66, 69, 78, 79]) )
                    ( Nucleus (span: 52 80)
                      ( Sattelite (span: 52 53)
                        ( Nucleus (leaf: 52) (text: ) (vein: [0, 1, 2, 3, 5, 8, 9, 12, 18, 19, 23, 25, 26, 40, 41, 43, 48, 49, 50, 51, 52, 56, 57, 58, 66, 69, 78, 79]) )
                        ( Sattelite (leaf: 53) (text: ) (vein: [0, 1, 2, 3, 5, 8, 9, 12, 18, 19, 23, 25, 26, 40, 41, 43, 48, 49, 50, 51, 52, 53, 56, 57, 58, 66, 69, 78, 79]) )
                      )
                      ( Nucleus (span: 54 80)
                        ( Nucleus (span: 54 56)
                          ( Sattelite (leaf: 54) (text: ) (vein: [0, 1, 2, 3, 5, 8, 9, 12, 18, 19, 23, 25, 26, 40, 41, 43, 48, 49, 50, 51, 52, 54, 56, 57, 58, 66, 69, 78, 79]) )
                          ( Nucleus (span: 55 56)
                            ( Sattelite (leaf: 55) (text: ) (vein: [0, 1, 2, 3, 5, 8, 9, 12, 18, 19, 23, 25, 26, 40, 41, 43, 48, 49, 50, 51, 52, 54, 55, 56, 57, 58, 66, 69, 78, 79]) )
                            ( Nucleus (leaf: 56) (text: ) (vein: [0, 1, 2, 3, 5, 8, 9, 12, 18, 19, 23, 25, 26, 40, 41, 43, 48, 49, 50, 51, 52, 54, 55, 56, 57, 58, 66, 69, 78, 79]) )
                          )
                        )
                        ( Nucleus (span: 57 80)
                          ( Nucleus (leaf: 57) (text: ) (vein: [0, 1, 2, 3, 5, 8, 9, 12, 18, 19, 23, 25, 26, 40, 41, 43, 48, 49, 50, 51, 52, 56, 57, 58, 66, 69, 78, 79]) )
                          ( Nucleus (span: 58 80)
                            ( Nucleus (span: 58 65)
                              ( Nucleus (span: 58 59)
                                ( Nucleus (leaf: 58) (text: ) (vein: [0, 1, 2, 3, 5, 8, 9, 12, 18, 19, 23, 25, 26, 40, 41, 43, 48, 49, 50, 51, 52, 56, 57, 58, 66, 69, 78, 79]) )
                                ( Sattelite (leaf: 59) (text: ) (vein: [0, 1, 2, 3, 5, 8, 9, 12, 18, 19, 23, 25, 26, 40, 41, 43, 48, 49, 50, 51, 56, 57, 58, 59, 66, 69, 78, 79]) )
                              )
                              ( Sattelite (span: 60 65)
                                ( Nucleus (span: 60 63)
                                  ( Nucleus (leaf: 60) (text: ) (vein: [0, 1, 2, 3, 5, 8, 9, 12, 18, 19, 23, 25, 26, 40, 41, 43, 48, 49, 50, 51, 56, 57, 58, 60, 66, 69, 78, 79]) )
                                  ( Sattelite (span: 61 63)
                                    ( Nucleus (span: 61 62)
                                      ( Nucleus (leaf: 61) (text: ) (vein: [0, 1, 2, 3, 5, 8, 9, 12, 18, 19, 23, 25, 26, 40, 41, 43, 48, 49, 50, 51, 56, 57, 58, 60, 61, 66, 69, 78, 79]) )
                                      ( Sattelite (leaf: 62) (text: ) (vein: [0, 1, 2, 3, 5, 8, 9, 12, 18, 19, 23, 25, 26, 40, 41, 43, 48, 49, 50, 51, 56, 57, 58, 60, 61, 62, 66, 69, 78, 79]) )
                                    )
                                    ( Sattelite (leaf: 63) (text: ) (vein: [0, 1, 2, 3, 5, 8, 9, 12, 18, 19, 23, 25, 26, 40, 41, 43, 48, 49, 50, 51, 56, 57, 58, 60, 61, 63, 66, 69, 78, 79]) )
                                  )
                                )
                                ( Sattelite (span: 64 65)
                                  ( Nucleus (leaf: 64) (text: ) (vein: [0, 1, 2, 3, 5, 8, 9, 12, 18, 19, 23, 25, 26, 40, 41, 43, 48, 49, 50, 51, 56, 57, 58, 60, 64, 66, 69, 78, 79]) )
                                  ( Sattelite (leaf: 65) (text: ) (vein: [0, 1, 2, 3, 5, 8, 9, 12, 18, 19, 23, 25, 26, 40, 41, 43, 48, 49, 50, 51, 56, 57, 58, 60, 64, 65, 66, 69, 78, 79]) )
                                )
                              )
                            )
                            ( Nucleus (span: 66 80)
                              ( Nucleus (span: 66 68)
                                ( Nucleus (span: 66 67)
                                  ( Nucleus (leaf: 66) (text: ) (vein: [0, 1, 2, 3, 5, 8, 9, 12, 18, 19, 23, 25, 26, 40, 41, 43, 48, 49, 50, 51, 52, 56, 57, 58, 66, 69, 78, 79]) )
                                  ( Sattelite (leaf: 67) (text: ) (vein: [0, 1, 2, 3, 5, 8, 9, 12, 18, 19, 23, 25, 26, 40, 41, 43, 48, 49, 50, 51, 56, 57, 58, 66, 67, 69, 78, 79]) )
                                )
                                ( Sattelite (leaf: 68) (text: ) (vein: [0, 1, 2, 3, 5, 8, 9, 12, 18, 19, 23, 25, 26, 40, 41, 43, 48, 49, 50, 51, 56, 57, 58, 66, 68, 69, 78, 79]) )
                              )
                              ( Nucleus (span: 69 80)
                                ( Nucleus (span: 69 77)
                                  ( Nucleus (leaf: 69) (text: ) (vein: [0, 1, 2, 3, 5, 8, 9, 12, 18, 19, 23, 25, 26, 40, 41, 43, 48, 49, 50, 51, 52, 56, 57, 58, 66, 69, 78, 79]) )
                                  ( Sattelite (span: 70 77)
                                    ( Nucleus (span: 70 73)
                                      ( Nucleus (leaf: 70) (text: ) (vein: [0, 1, 2, 3, 5, 8, 9, 12, 18, 19, 23, 25, 26, 40, 41, 43, 48, 49, 50, 51, 56, 57, 58, 66, 69, 70, 71, 78, 79]) )
                                      ( Nucleus (span: 71 73)
                                        ( Nucleus (leaf: 71) (text: ) (vein: [0, 1, 2, 3, 5, 8, 9, 12, 18, 19, 23, 25, 26, 40, 41, 43, 48, 49, 50, 51, 56, 57, 58, 66, 69, 70, 71, 78, 79]) )
                                        ( Sattelite (span: 72 73)
                                          ( Sattelite (leaf: 72) (text: ) (vein: [0, 1, 2, 3, 5, 8, 9, 12, 18, 19, 23, 25, 26, 40, 41, 43, 48, 49, 50, 51, 56, 57, 58, 66, 69, 70, 71, 72, 73, 78, 79]) )
                                          ( Nucleus (leaf: 73) (text: ) (vein: [0, 1, 2, 3, 5, 8, 9, 12, 18, 19, 23, 25, 26, 40, 41, 43, 48, 49, 50, 51, 56, 57, 58, 66, 69, 70, 71, 72, 73, 78, 79]) )
                                        )
                                      )
                                    )
                                    ( Sattelite (span: 74 77)
                                      ( Nucleus (span: 74 75)
                                        ( Nucleus (leaf: 74) (text: ) (vein: [0, 1, 2, 3, 5, 8, 9, 12, 18, 19, 23, 25, 26, 40, 41, 43, 48, 49, 50, 51, 56, 57, 58, 66, 69, 70, 71, 74, 78, 79]) )
                                        ( Sattelite (leaf: 75) (text: ) (vein: [0, 1, 2, 3, 5, 8, 9, 12, 18, 19, 23, 25, 26, 40, 41, 43, 48, 49, 50, 51, 56, 57, 58, 66, 69, 70, 71, 74, 75, 78, 79]) )
                                      )
                                      ( Sattelite (span: 76 77)
                                        ( Nucleus (leaf: 76) (text: ) (vein: [0, 1, 2, 3, 5, 8, 9, 12, 18, 19, 23, 25, 26, 40, 41, 43, 48, 49, 50, 51, 56, 57, 58, 66, 69, 70, 71, 74, 76, 78, 79]) )
                                        ( Sattelite (leaf: 77) (text: ) (vein: [0, 1, 2, 3, 5, 8, 9, 12, 18, 19, 23, 25, 26, 40, 41, 43, 48, 49, 50, 51, 56, 57, 58, 66, 69, 70, 71, 74, 76, 77, 78, 79]) )
                                      )
                                    )
                                  )
                                )
                                ( Nucleus (span: 78 80)
                                  ( Nucleus (leaf: 78) (text: ) (vein: [0, 1, 2, 3, 5, 8, 9, 12, 18, 19, 23, 25, 26, 40, 41, 43, 48, 49, 50, 51, 52, 56, 57, 58, 66, 69, 78, 79]) )
                                  ( Nucleus (span: 79 80)
                                    ( Nucleus (leaf: 79) (text: ) (vein: [0, 1, 2, 3, 5, 8, 9, 12, 18, 19, 23, 25, 26, 40, 41, 43, 48, 49, 50, 51, 52, 56, 57, 58, 66, 69, 78, 79]) )
                                    ( Sattelite (leaf: 80) (text: ) (vein: [0, 1, 2, 3, 5, 8, 9, 12, 18, 19, 23, 25, 26, 40, 41, 43, 48, 49, 50, 51, 56, 57, 58, 66, 69, 78, 79, 80]) )
                                  )
                                )
                              )
                            )
                          )
                        )
                      )
                    )
                  )
                )
              )
            )
          )
        )
        ( Sattelite (span: 81 176)
          ( Nucleus (span: 81 158)
            ( Nucleus (leaf: 81) (text: ) (vein: [0, 1, 2, 3, 5, 8, 9, 12, 18, 19, 23, 25, 26, 40, 41, 43, 48, 49, 50, 51, 56, 57, 58, 66, 69, 78, 79, 81, 82, 83, 85, 94, 95, 96, 109, 117, 118, 121, 124, 125, 130, 131, 132, 134, 137, 138, 148, 151, 155, 156]) )
            ( Nucleus (span: 82 158)
              ( Nucleus (leaf: 82) (text: ) (vein: [0, 1, 2, 3, 5, 8, 9, 12, 18, 19, 23, 25, 26, 40, 41, 43, 48, 49, 50, 51, 56, 57, 58, 66, 69, 78, 79, 81, 82, 83, 85, 94, 95, 96, 109, 117, 118, 121, 124, 125, 130, 131, 132, 134, 137, 138, 148, 151, 155, 156]) )
              ( Nucleus (span: 83 158)
                ( Nucleus (span: 83 84)
                  ( Nucleus (leaf: 83) (text: ) (vein: [0, 1, 2, 3, 5, 8, 9, 12, 18, 19, 23, 25, 26, 40, 41, 43, 48, 49, 50, 51, 56, 57, 58, 66, 69, 78, 79, 81, 82, 83, 85, 94, 95, 96, 109, 117, 118, 121, 124, 125, 130, 131, 132, 134, 137, 138, 148, 151, 155, 156]) )
                  ( Sattelite (leaf: 84) (text: ) (vein: [0, 1, 2, 3, 5, 8, 9, 12, 18, 19, 23, 25, 26, 40, 41, 43, 48, 49, 50, 51, 56, 57, 58, 66, 69, 78, 79, 81, 82, 83, 84, 85, 94, 95, 96, 109, 117, 118, 121, 124, 125, 130, 131, 132, 134, 137, 138, 148, 151, 155, 156]) )
                )
                ( Nucleus (span: 85 158)
                  ( Nucleus (span: 85 93)
                    ( Nucleus (leaf: 85) (text: ) (vein: [0, 1, 2, 3, 5, 8, 9, 12, 18, 19, 23, 25, 26, 40, 41, 43, 48, 49, 50, 51, 56, 57, 58, 66, 69, 78, 79, 81, 82, 83, 85, 94, 95, 96, 109, 117, 118, 121, 124, 125, 130, 131, 132, 134, 137, 138, 148, 151, 155, 156]) )
                    ( Sattelite (span: 86 93)
                      ( Nucleus (span: 86 87)
                        ( Nucleus (leaf: 86) (text: ) (vein: [0, 1, 2, 3, 5, 8, 9, 12, 18, 19, 23, 25, 26, 40, 41, 43, 48, 49, 50, 51, 56, 57, 58, 66, 69, 78, 79, 81, 82, 83, 85, 86, 94, 95, 96, 109, 117, 118, 121, 124, 125, 130, 131, 132, 134, 137, 138, 148, 151, 155, 156]) )
                        ( Sattelite (leaf: 87) (text: ) (vein: [0, 1, 2, 3, 5, 8, 9, 12, 18, 19, 23, 25, 26, 40, 41, 43, 48, 49, 50, 51, 56, 57, 58, 66, 69, 78, 79, 81, 82, 83, 85, 86, 87, 94, 95, 96, 109, 117, 118, 121, 124, 125, 130, 131, 132, 134, 137, 138, 148, 151, 155, 156]) )
                      )
                      ( Sattelite (span: 88 93)
                        ( Nucleus (span: 88 89)
                          ( Nucleus (leaf: 88) (text: ) (vein: [0, 1, 2, 3, 5, 8, 9, 12, 18, 19, 23, 25, 26, 40, 41, 43, 48, 49, 50, 51, 56, 57, 58, 66, 69, 78, 79, 81, 82, 83, 85, 86, 88, 89, 94, 95, 96, 109, 117, 118, 121, 124, 125, 130, 131, 132, 134, 137, 138, 148, 151, 155, 156]) )
                          ( Nucleus (leaf: 89) (text: ) (vein: [0, 1, 2, 3, 5, 8, 9, 12, 18, 19, 23, 25, 26, 40, 41, 43, 48, 49, 50, 51, 56, 57, 58, 66, 69, 78, 79, 81, 82, 83, 85, 86, 88, 89, 94, 95, 96, 109, 117, 118, 121, 124, 125, 130, 131, 132, 134, 137, 138, 148, 151, 155, 156]) )
                        )
                        ( Sattelite (span: 90 93)
                          ( Nucleus (leaf: 90) (text: ) (vein: [0, 1, 2, 3, 5, 8, 9, 12, 18, 19, 23, 25, 26, 40, 41, 43, 48, 49, 50, 51, 56, 57, 58, 66, 69, 78, 79, 81, 82, 83, 85, 86, 88, 89, 90, 94, 95, 96, 109, 117, 118, 121, 124, 125, 130, 131, 132, 134, 137, 138, 148, 151, 155, 156]) )
                          ( Sattelite (span: 91 93)
                            ( Nucleus (leaf: 91) (text: ) (vein: [0, 1, 2, 3, 5, 8, 9, 12, 18, 19, 23, 25, 26, 40, 41, 43, 48, 49, 50, 51, 56, 57, 58, 66, 69, 78, 79, 81, 82, 83, 85, 86, 88, 89, 90, 91, 94, 95, 96, 109, 117, 118, 121, 124, 125, 130, 131, 132, 134, 137, 138, 148, 151, 155, 156]) )
                            ( Sattelite (span: 92 93)
                              ( Nucleus (leaf: 92) (text: ) (vein: [0, 1, 2, 3, 5, 8, 9, 12, 18, 19, 23, 25, 26, 40, 41, 43, 48, 49, 50, 51, 56, 57, 58, 66, 69, 78, 79, 81, 82, 83, 85, 86, 88, 89, 90, 91, 92, 94, 95, 96, 109, 117, 118, 121, 124, 125, 130, 131, 132, 134, 137, 138, 148, 151, 155, 156]) )
                              ( Sattelite (leaf: 93) (text: ) (vein: [0, 1, 2, 3, 5, 8, 9, 12, 18, 19, 23, 25, 26, 40, 41, 43, 48, 49, 50, 51, 56, 57, 58, 66, 69, 78, 79, 81, 82, 83, 85, 86, 88, 89, 90, 91, 92, 93, 94, 95, 96, 109, 117, 118, 121, 124, 125, 130, 131, 132, 134, 137, 138, 148, 151, 155, 156]) )
                            )
                          )
                        )
                      )
                    )
                  )
                  ( Nucleus (span: 94 158)
                    ( Nucleus (span: 94 108)
                      ( Nucleus (span: 94 96)
                        ( Nucleus (leaf: 94) (text: ) (vein: [0, 1, 2, 3, 5, 8, 9, 12, 18, 19, 23, 25, 26, 40, 41, 43, 48, 49, 50, 51, 56, 57, 58, 66, 69, 78, 79, 81, 82, 83, 85, 94, 95, 96, 109, 117, 118, 121, 124, 125, 130, 131, 132, 134, 137, 138, 148, 151, 155, 156]) )
                        ( Nucleus (span: 95 96)
                          ( Nucleus (leaf: 95) (text: ) (vein: [0, 1, 2, 3, 5, 8, 9, 12, 18, 19, 23, 25, 26, 40, 41, 43, 48, 49, 50, 51, 56, 57, 58, 66, 69, 78, 79, 81, 82, 83, 85, 94, 95, 96, 109, 117, 118, 121, 124, 125, 130, 131, 132, 134, 137, 138, 148, 151, 155, 156]) )
                          ( Nucleus (leaf: 96) (text: ) (vein: [0, 1, 2, 3, 5, 8, 9, 12, 18, 19, 23, 25, 26, 40, 41, 43, 48, 49, 50, 51, 56, 57, 58, 66, 69, 78, 79, 81, 82, 83, 85, 94, 95, 96, 109, 117, 118, 121, 124, 125, 130, 131, 132, 134, 137, 138, 148, 151, 155, 156]) )
                        )
                      )
                      ( Sattelite (span: 97 108)
                        ( Nucleus (span: 97 100)
                          ( Nucleus (leaf: 97) (text: ) (vein: [0, 1, 2, 3, 5, 8, 9, 12, 18, 19, 23, 25, 26, 40, 41, 43, 48, 49, 50, 51, 56, 57, 58, 66, 69, 78, 79, 81, 82, 83, 85, 94, 95, 96, 97, 109, 117, 118, 121, 124, 125, 130, 131, 132, 134, 137, 138, 148, 151, 155, 156]) )
                          ( Sattelite (span: 98 100)
                            ( Nucleus (leaf: 98) (text: ) (vein: [0, 1, 2, 3, 5, 8, 9, 12, 18, 19, 23, 25, 26, 40, 41, 43, 48, 49, 50, 51, 56, 57, 58, 66, 69, 78, 79, 81, 82, 83, 85, 94, 95, 96, 97, 98, 109, 117, 118, 121, 124, 125, 130, 131, 132, 134, 137, 138, 148, 151, 155, 156]) )
                            ( Sattelite (span: 99 100)
                              ( Nucleus (leaf: 99) (text: ) (vein: [0, 1, 2, 3, 5, 8, 9, 12, 18, 19, 23, 25, 26, 40, 41, 43, 48, 49, 50, 51, 56, 57, 58, 66, 69, 78, 79, 81, 82, 83, 85, 94, 95, 96, 97, 98, 99, 109, 117, 118, 121, 124, 125, 130, 131, 132, 134, 137, 138, 148, 151, 155, 156]) )
                              ( Sattelite (leaf: 100) (text: ) (vein: [0, 1, 2, 3, 5, 8, 9, 12, 18, 19, 23, 25, 26, 40, 41, 43, 48, 49, 50, 51, 56, 57, 58, 66, 69, 78, 79, 81, 82, 83, 85, 94, 95, 96, 97, 98, 99, 100, 109, 117, 118, 121, 124, 125, 130, 131, 132, 134, 137, 138, 148, 151, 155, 156]) )
                            )
                          )
                        )
                        ( Sattelite (span: 101 108)
                          ( Nucleus (leaf: 101) (text: ) (vein: [0, 1, 2, 3, 5, 8, 9, 12, 18, 19, 23, 25, 26, 40, 41, 43, 48, 49, 50, 51, 56, 57, 58, 66, 69, 78, 79, 81, 82, 83, 85, 94, 95, 96, 97, 101, 109, 117, 118, 121, 124, 125, 130, 131, 132, 134, 137, 138, 148, 151, 155, 156]) )
                          ( Sattelite (span: 102 108)
                            ( Nucleus (span: 102 106)
                              ( Nucleus (leaf: 102) (text: ) (vein: [0, 1, 2, 3, 5, 8, 9, 12, 18, 19, 23, 25, 26, 40, 41, 43, 48, 49, 50, 51, 56, 57, 58, 66, 69, 78, 79, 81, 82, 83, 85, 94, 95, 96, 97, 101, 102, 109, 117, 118, 121, 124, 125, 130, 131, 132, 134, 137, 138, 148, 151, 155, 156]) )
                              ( Sattelite (span: 103 106)
                                ( Nucleus (leaf: 103) (text: ) (vein: [0, 1, 2, 3, 5, 8, 9, 12, 18, 19, 23, 25, 26, 40, 41, 43, 48, 49, 50, 51, 56, 57, 58, 66, 69, 78, 79, 81, 82, 83, 85, 94, 95, 96, 97, 101, 102, 103, 109, 117, 118, 121, 124, 125, 130, 131, 132, 134, 137, 138, 148, 151, 155, 156]) )
                                ( Sattelite (span: 104 106)
                                  ( Nucleus (leaf: 104) (text: ) (vein: [0, 1, 2, 3, 5, 8, 9, 12, 18, 19, 23, 25, 26, 40, 41, 43, 48, 49, 50, 51, 56, 57, 58, 66, 69, 78, 79, 81, 82, 83, 85, 94, 95, 96, 97, 101, 102, 103, 104, 109, 117, 118, 121, 124, 125, 130, 131, 132, 134, 137, 138, 148, 151, 155, 156]) )
                                  ( Sattelite (span: 105 106)
                                    ( Nucleus (leaf: 105) (text: ) (vein: [0, 1, 2, 3, 5, 8, 9, 12, 18, 19, 23, 25, 26, 40, 41, 43, 48, 49, 50, 51, 56, 57, 58, 66, 69, 78, 79, 81, 82, 83, 85, 94, 95, 96, 97, 101, 102, 103, 104, 105, 109, 117, 118, 121, 124, 125, 130, 131, 132, 134, 137, 138, 148, 151, 155, 156]) )
                                    ( Sattelite (leaf: 106) (text: ) (vein: [0, 1, 2, 3, 5, 8, 9, 12, 18, 19, 23, 25, 26, 40, 41, 43, 48, 49, 50, 51, 56, 57, 58, 66, 69, 78, 79, 81, 82, 83, 85, 94, 95, 96, 97, 101, 102, 103, 104, 105, 106, 109, 117, 118, 121, 124, 125, 130, 131, 132, 134, 137, 138, 148, 151, 155, 156]) )
                                  )
                                )
                              )
                            )
                            ( Sattelite (span: 107 108)
                              ( Nucleus (leaf: 107) (text: ) (vein: [0, 1, 2, 3, 5, 8, 9, 12, 18, 19, 23, 25, 26, 40, 41, 43, 48, 49, 50, 51, 56, 57, 58, 66, 69, 78, 79, 81, 82, 83, 85, 94, 95, 96, 97, 101, 102, 107, 109, 117, 118, 121, 124, 125, 130, 131, 132, 134, 137, 138, 148, 151, 155, 156]) )
                              ( Sattelite (leaf: 108) (text: ) (vein: [0, 1, 2, 3, 5, 8, 9, 12, 18, 19, 23, 25, 26, 40, 41, 43, 48, 49, 50, 51, 56, 57, 58, 66, 69, 78, 79, 81, 82, 83, 85, 94, 95, 96, 97, 101, 102, 107, 108, 109, 117, 118, 121, 124, 125, 130, 131, 132, 134, 137, 138, 148, 151, 155, 156]) )
                            )
                          )
                        )
                      )
                    )
                    ( Nucleus (span: 109 158)
                      ( Nucleus (span: 109 116)
                        ( Nucleus (leaf: 109) (text: ) (vein: [0, 1, 2, 3, 5, 8, 9, 12, 18, 19, 23, 25, 26, 40, 41, 43, 48, 49, 50, 51, 56, 57, 58, 66, 69, 78, 79, 81, 82, 83, 85, 94, 95, 96, 109, 117, 118, 121, 124, 125, 130, 131, 132, 134, 137, 138, 148, 151, 155, 156]) )
                        ( Sattelite (span: 110 116)
                          ( Nucleus (span: 110 113)
                            ( Nucleus (leaf: 110) (text: ) (vein: [0, 1, 2, 3, 5, 8, 9, 12, 18, 19, 23, 25, 26, 40, 41, 43, 48, 49, 50, 51, 56, 57, 58, 66, 69, 78, 79, 81, 82, 83, 85, 94, 95, 96, 109, 110, 117, 118, 121, 124, 125, 130, 131, 132, 134, 137, 138, 148, 151, 155, 156]) )
                            ( Sattelite (span: 111 113)
                              ( Nucleus (leaf: 111) (text: ) (vein: [0, 1, 2, 3, 5, 8, 9, 12, 18, 19, 23, 25, 26, 40, 41, 43, 48, 49, 50, 51, 56, 57, 58, 66, 69, 78, 79, 81, 82, 83, 85, 94, 95, 96, 109, 110, 111, 117, 118, 121, 124, 125, 130, 131, 132, 134, 137, 138, 148, 151, 155, 156]) )
                              ( Sattelite (span: 112 113)
                                ( Nucleus (leaf: 112) (text: ) (vein: [0, 1, 2, 3, 5, 8, 9, 12, 18, 19, 23, 25, 26, 40, 41, 43, 48, 49, 50, 51, 56, 57, 58, 66, 69, 78, 79, 81, 82, 83, 85, 94, 95, 96, 109, 110, 111, 112, 117, 118, 121, 124, 125, 130, 131, 132, 134, 137, 138, 148, 151, 155, 156]) )
                                ( Sattelite (leaf: 113) (text: ) (vein: [0, 1, 2, 3, 5, 8, 9, 12, 18, 19, 23, 25, 26, 40, 41, 43, 48, 49, 50, 51, 56, 57, 58, 66, 69, 78, 79, 81, 82, 83, 85, 94, 95, 96, 109, 110, 111, 112, 113, 117, 118, 121, 124, 125, 130, 131, 132, 134, 137, 138, 148, 151, 155, 156]) )
                              )
                            )
                          )
                          ( Sattelite (span: 114 116)
                            ( Nucleus (leaf: 114) (text: ) (vein: [0, 1, 2, 3, 5, 8, 9, 12, 18, 19, 23, 25, 26, 40, 41, 43, 48, 49, 50, 51, 56, 57, 58, 66, 69, 78, 79, 81, 82, 83, 85, 94, 95, 96, 109, 110, 114, 117, 118, 121, 124, 125, 130, 131, 132, 134, 137, 138, 148, 151, 155, 156]) )
                            ( Sattelite (span: 115 116)
                              ( Nucleus (leaf: 115) (text: ) (vein: [0, 1, 2, 3, 5, 8, 9, 12, 18, 19, 23, 25, 26, 40, 41, 43, 48, 49, 50, 51, 56, 57, 58, 66, 69, 78, 79, 81, 82, 83, 85, 94, 95, 96, 109, 110, 114, 115, 116, 117, 118, 121, 124, 125, 130, 131, 132, 134, 137, 138, 148, 151, 155, 156]) )
                              ( Nucleus (leaf: 116) (text: ) (vein: [0, 1, 2, 3, 5, 8, 9, 12, 18, 19, 23, 25, 26, 40, 41, 43, 48, 49, 50, 51, 56, 57, 58, 66, 69, 78, 79, 81, 82, 83, 85, 94, 95, 96, 109, 110, 114, 115, 116, 117, 118, 121, 124, 125, 130, 131, 132, 134, 137, 138, 148, 151, 155, 156]) )
                            )
                          )
                        )
                      )
                      ( Nucleus (span: 117 158)
                        ( Nucleus (span: 117 118)
                          ( Nucleus (leaf: 117) (text: ) (vein: [0, 1, 2, 3, 5, 8, 9, 12, 18, 19, 23, 25, 26, 40, 41, 43, 48, 49, 50, 51, 56, 57, 58, 66, 69, 78, 79, 81, 82, 83, 85, 94, 95, 96, 109, 117, 118, 121, 124, 125, 130, 131, 132, 134, 137, 138, 148, 151, 155, 156]) )
                          ( Nucleus (leaf: 118) (text: ) (vein: [0, 1, 2, 3, 5, 8, 9, 12, 18, 19, 23, 25, 26, 40, 41, 43, 48, 49, 50, 51, 56, 57, 58, 66, 69, 78, 79, 81, 82, 83, 85, 94, 95, 96, 109, 117, 118, 121, 124, 125, 130, 131, 132, 134, 137, 138, 148, 151, 155, 156]) )
                        )
                        ( Nucleus (span: 119 158)
                          ( Sattelite (span: 119 120)
                            ( Nucleus (leaf: 119) (text: ) (vein: [0, 1, 2, 3, 5, 8, 9, 12, 18, 19, 23, 25, 26, 40, 41, 43, 48, 49, 50, 51, 56, 57, 58, 66, 69, 78, 79, 81, 82, 83, 85, 94, 95, 96, 109, 117, 118, 119, 121, 124, 125, 130, 131, 132, 134, 137, 138, 148, 151, 155, 156]) )
                            ( Sattelite (leaf: 120) (text: ) (vein: [0, 1, 2, 3, 5, 8, 9, 12, 18, 19, 23, 25, 26, 40, 41, 43, 48, 49, 50, 51, 56, 57, 58, 66, 69, 78, 79, 81, 82, 83, 85, 94, 95, 96, 109, 117, 118, 119, 120, 121, 124, 125, 130, 131, 132, 134, 137, 138, 148, 151, 155, 156]) )
                          )
                          ( Nucleus (span: 121 158)
                            ( Nucleus (span: 121 123)
                              ( Nucleus (leaf: 121) (text: ) (vein: [0, 1, 2, 3, 5, 8, 9, 12, 18, 19, 23, 25, 26, 40, 41, 43, 48, 49, 50, 51, 56, 57, 58, 66, 69, 78, 79, 81, 82, 83, 85, 94, 95, 96, 109, 117, 118, 119, 121, 124, 125, 130, 131, 132, 134, 137, 138, 148, 151, 155, 156]) )
                              ( Sattelite (span: 122 123)
                                ( Nucleus (leaf: 122) (text: ) (vein: [0, 1, 2, 3, 5, 8, 9, 12, 18, 19, 23, 25, 26, 40, 41, 43, 48, 49, 50, 51, 56, 57, 58, 66, 69, 78, 79, 81, 82, 83, 85, 94, 95, 96, 109, 117, 118, 121, 122, 124, 125, 130, 131, 132, 134, 137, 138, 148, 151, 155, 156]) )
                                ( Sattelite (leaf: 123) (text: ) (vein: [0, 1, 2, 3, 5, 8, 9, 12, 18, 19, 23, 25, 26, 40, 41, 43, 48, 49, 50, 51, 56, 57, 58, 66, 69, 78, 79, 81, 82, 83, 85, 94, 95, 96, 109, 117, 118, 121, 122, 123, 124, 125, 130, 131, 132, 134, 137, 138, 148, 151, 155, 156]) )
                              )
                            )
                            ( Nucleus (span: 124 158)
                              ( Nucleus (span: 124 129)
                                ( Nucleus (span: 124 125)
                                  ( Nucleus (leaf: 124) (text: ) (vein: [0, 1, 2, 3, 5, 8, 9, 12, 18, 19, 23, 25, 26, 40, 41, 43, 48, 49, 50, 51, 56, 57, 58, 66, 69, 78, 79, 81, 82, 83, 85, 94, 95, 96, 109, 117, 118, 119, 121, 124, 125, 130, 131, 132, 134, 137, 138, 148, 151, 155, 156]) )
                                  ( Nucleus (leaf: 125) (text: ) (vein: [0, 1, 2, 3, 5, 8, 9, 12, 18, 19, 23, 25, 26, 40, 41, 43, 48, 49, 50, 51, 56, 57, 58, 66, 69, 78, 79, 81, 82, 83, 85, 94, 95, 96, 109, 117, 118, 119, 121, 124, 125, 130, 131, 132, 134, 137, 138, 148, 151, 155, 156]) )
                                )
                                ( Sattelite (span: 126 129)
                                  ( Nucleus (leaf: 126) (text: ) (vein: [0, 1, 2, 3, 5, 8, 9, 12, 18, 19, 23, 25, 26, 40, 41, 43, 48, 49, 50, 51, 56, 57, 58, 66, 69, 78, 79, 81, 82, 83, 85, 94, 95, 96, 109, 117, 118, 121, 124, 125, 126, 130, 131, 132, 134, 137, 138, 148, 151, 155, 156]) )
                                  ( Sattelite (span: 127 129)
                                    ( Nucleus (leaf: 127) (text: ) (vein: [0, 1, 2, 3, 5, 8, 9, 12, 18, 19, 23, 25, 26, 40, 41, 43, 48, 49, 50, 51, 56, 57, 58, 66, 69, 78, 79, 81, 82, 83, 85, 94, 95, 96, 109, 117, 118, 121, 124, 125, 126, 127, 130, 131, 132, 134, 137, 138, 148, 151, 155, 156]) )
                                    ( Sattelite (span: 128 129)
                                      ( Nucleus (leaf: 128) (text: ) (vein: [0, 1, 2, 3, 5, 8, 9, 12, 18, 19, 23, 25, 26, 40, 41, 43, 48, 49, 50, 51, 56, 57, 58, 66, 69, 78, 79, 81, 82, 83, 85, 94, 95, 96, 109, 117, 118, 121, 124, 125, 126, 127, 128, 130, 131, 132, 134, 137, 138, 148, 151, 155, 156]) )
                                      ( Sattelite (leaf: 129) (text: ) (vein: [0, 1, 2, 3, 5, 8, 9, 12, 18, 19, 23, 25, 26, 40, 41, 43, 48, 49, 50, 51, 56, 57, 58, 66, 69, 78, 79, 81, 82, 83, 85, 94, 95, 96, 109, 117, 118, 121, 124, 125, 126, 127, 128, 129, 130, 131, 132, 134, 137, 138, 148, 151, 155, 156]) )
                                    )
                                  )
                                )
                              )
                              ( Nucleus (span: 130 158)
                                ( Nucleus (span: 130 131)
                                  ( Nucleus (leaf: 130) (text: ) (vein: [0, 1, 2, 3, 5, 8, 9, 12, 18, 19, 23, 25, 26, 40, 41, 43, 48, 49, 50, 51, 56, 57, 58, 66, 69, 78, 79, 81, 82, 83, 85, 94, 95, 96, 109, 117, 118, 119, 121, 124, 125, 130, 131, 132, 134, 137, 138, 148, 151, 155, 156]) )
                                  ( Nucleus (leaf: 131) (text: ) (vein: [0, 1, 2, 3, 5, 8, 9, 12, 18, 19, 23, 25, 26, 40, 41, 43, 48, 49, 50, 51, 56, 57, 58, 66, 69, 78, 79, 81, 82, 83, 85, 94, 95, 96, 109, 117, 118, 119, 121, 124, 125, 130, 131, 132, 134, 137, 138, 148, 151, 155, 156]) )
                                )
                                ( Nucleus (span: 132 158)
                                  ( Nucleus (span: 132 133)
                                    ( Nucleus (leaf: 132) (text: ) (vein: [0, 1, 2, 3, 5, 8, 9, 12, 18, 19, 23, 25, 26, 40, 41, 43, 48, 49, 50, 51, 56, 57, 58, 66, 69, 78, 79, 81, 82, 83, 85, 94, 95, 96, 109, 117, 118, 119, 121, 124, 125, 130, 131, 132, 134, 137, 138, 148, 151, 155, 156]) )
                                    ( Sattelite (leaf: 133) (text: ) (vein: [0, 1, 2, 3, 5, 8, 9, 12, 18, 19, 23, 25, 26, 40, 41, 43, 48, 49, 50, 51, 56, 57, 58, 66, 69, 78, 79, 81, 82, 83, 85, 94, 95, 96, 109, 117, 118, 121, 124, 125, 130, 131, 132, 133, 134, 137, 138, 148, 151, 155, 156]) )
                                  )
                                  ( Nucleus (span: 134 158)
                                    ( Nucleus (span: 134 135)
                                      ( Nucleus (leaf: 134) (text: ) (vein: [0, 1, 2, 3, 5, 8, 9, 12, 18, 19, 23, 25, 26, 40, 41, 43, 48, 49, 50, 51, 56, 57, 58, 66, 69, 78, 79, 81, 82, 83, 85, 94, 95, 96, 109, 117, 118, 119, 121, 124, 125, 130, 131, 132, 134, 137, 138, 148, 151, 155, 156]) )
                                      ( Sattelite (leaf: 135) (text: ) (vein: [0, 1, 2, 3, 5, 8, 9, 12, 18, 19, 23, 25, 26, 40, 41, 43, 48, 49, 50, 51, 56, 57, 58, 66, 69, 78, 79, 81, 82, 83, 85, 94, 95, 96, 109, 117, 118, 121, 124, 125, 130, 131, 132, 134, 135, 137, 138, 148, 151, 155, 156]) )
                                    )
                                    ( Nucleus (span: 136 158)
                                      ( Sattelite (leaf: 136) (text: ) (vein: [0, 1, 2, 3, 5, 8, 9, 12, 18, 19, 23, 25, 26, 40, 41, 43, 48, 49, 50, 51, 56, 57, 58, 66, 69, 78, 79, 81, 82, 83, 85, 94, 95, 96, 109, 117, 118, 119, 121, 124, 125, 130, 131, 132, 134, 136, 137, 138, 148, 151, 155, 156]) )
                                      ( Nucleus (span: 137 158)
                                        ( Nucleus (leaf: 137) (text: ) (vein: [0, 1, 2, 3, 5, 8, 9, 12, 18, 19, 23, 25, 26, 40, 41, 43, 48, 49, 50, 51, 56, 57, 58, 66, 69, 78, 79, 81, 82, 83, 85, 94, 95, 96, 109, 117, 118, 119, 121, 124, 125, 130, 131, 132, 134, 136, 137, 138, 148, 151, 155, 156]) )
                                        ( Nucleus (span: 138 158)
                                          ( Nucleus (span: 138 147)
                                            ( Nucleus (leaf: 138) (text: ) (vein: [0, 1, 2, 3, 5, 8, 9, 12, 18, 19, 23, 25, 26, 40, 41, 43, 48, 49, 50, 51, 56, 57, 58, 66, 69, 78, 79, 81, 82, 83, 85, 94, 95, 96, 109, 117, 118, 119, 121, 124, 125, 130, 131, 132, 134, 136, 137, 138, 148, 151, 155, 156]) )
                                            ( Sattelite (span: 139 147)
                                              ( Nucleus (leaf: 139) (text: ) (vein: [0, 1, 2, 3, 5, 8, 9, 12, 18, 19, 23, 25, 26, 40, 41, 43, 48, 49, 50, 51, 56, 57, 58, 66, 69, 78, 79, 81, 82, 83, 85, 94, 95, 96, 109, 117, 118, 121, 124, 125, 130, 131, 132, 134, 137, 138, 139, 148, 151, 155, 156]) )
                                              ( Sattelite (span: 140 147)
                                                ( Nucleus (span: 140 141)
                                                  ( Nucleus (leaf: 140) (text: ) (vein: [0, 1, 2, 3, 5, 8, 9, 12, 18, 19, 23, 25, 26, 40, 41, 43, 48, 49, 50, 51, 56, 57, 58, 66, 69, 78, 79, 81, 82, 83, 85, 94, 95, 96, 109, 117, 118, 121, 124, 125, 130, 131, 132, 134, 137, 138, 139, 140, 141, 148, 151, 155, 156]) )
                                                  ( Nucleus (leaf: 141) (text: ) (vein: [0, 1, 2, 3, 5, 8, 9, 12, 18, 19, 23, 25, 26, 40, 41, 43, 48, 49, 50, 51, 56, 57, 58, 66, 69, 78, 79, 81, 82, 83, 85, 94, 95, 96, 109, 117, 118, 121, 124, 125, 130, 131, 132, 134, 137, 138, 139, 140, 141, 148, 151, 155, 156]) )
                                                )
                                                ( Sattelite (span: 142 147)
                                                  ( Nucleus (span: 142 143)
                                                    ( Nucleus (leaf: 142) (text: ) (vein: [0, 1, 2, 3, 5, 8, 9, 12, 18, 19, 23, 25, 26, 40, 41, 43, 48, 49, 50, 51, 56, 57, 58, 66, 69, 78, 79, 81, 82, 83, 85, 94, 95, 96, 109, 117, 118, 121, 124, 125, 130, 131, 132, 134, 137, 138, 139, 140, 141, 142, 148, 151, 155, 156]) )
                                                    ( Sattelite (leaf: 143) (text: ) (vein: [0, 1, 2, 3, 5, 8, 9, 12, 18, 19, 23, 25, 26, 40, 41, 43, 48, 49, 50, 51, 56, 57, 58, 66, 69, 78, 79, 81, 82, 83, 85, 94, 95, 96, 109, 117, 118, 121, 124, 125, 130, 131, 132, 134, 137, 138, 139, 140, 141, 142, 143, 148, 151, 155, 156]) )
                                                  )
                                                  ( Sattelite (span: 144 147)
                                                    ( Nucleus (leaf: 144) (text: ) (vein: [0, 1, 2, 3, 5, 8, 9, 12, 18, 19, 23, 25, 26, 40, 41, 43, 48, 49, 50, 51, 56, 57, 58, 66, 69, 78, 79, 81, 82, 83, 85, 94, 95, 96, 109, 117, 118, 121, 124, 125, 130, 131, 132, 134, 137, 138, 139, 140, 141, 142, 144, 148, 151, 155, 156]) )
                                                    ( Sattelite (span: 145 147)
                                                      ( Nucleus (leaf: 145) (text: ) (vein: [0, 1, 2, 3, 5, 8, 9, 12, 18, 19, 23, 25, 26, 40, 41, 43, 48, 49, 50, 51, 56, 57, 58, 66, 69, 78, 79, 81, 82, 83, 85, 94, 95, 96, 109, 117, 118, 121, 124, 125, 130, 131, 132, 134, 137, 138, 139, 140, 141, 142, 144, 145, 146, 148, 151, 155, 156]) )
                                                      ( Nucleus (span: 146 147)
                                                        ( Nucleus (leaf: 146) (text: ) (vein: [0, 1, 2, 3, 5, 8, 9, 12, 18, 19, 23, 25, 26, 40, 41, 43, 48, 49, 50, 51, 56, 57, 58, 66, 69, 78, 79, 81, 82, 83, 85, 94, 95, 96, 109, 117, 118, 121, 124, 125, 130, 131, 132, 134, 137, 138, 139, 140, 141, 142, 144, 145, 146, 148, 151, 155, 156]) )
                                                        ( Sattelite (leaf: 147) (text: ) (vein: [0, 1, 2, 3, 5, 8, 9, 12, 18, 19, 23, 25, 26, 40, 41, 43, 48, 49, 50, 51, 56, 57, 58, 66, 69, 78, 79, 81, 82, 83, 85, 94, 95, 96, 109, 117, 118, 121, 124, 125, 130, 131, 132, 134, 137, 138, 139, 140, 141, 142, 144, 145, 146, 147, 148, 151, 155, 156]) )
                                                      )
                                                    )
                                                  )
                                                )
                                              )
                                            )
                                          )
                                          ( Nucleus (span: 148 158)
                                            ( Nucleus (leaf: 148) (text: ) (vein: [0, 1, 2, 3, 5, 8, 9, 12, 18, 19, 23, 25, 26, 40, 41, 43, 48, 49, 50, 51, 56, 57, 58, 66, 69, 78, 79, 81, 82, 83, 85, 94, 95, 96, 109, 117, 118, 119, 121, 124, 125, 130, 131, 132, 134, 136, 137, 138, 148, 151, 155, 156]) )
                                            ( Nucleus (span: 149 158)
                                              ( Nucleus (span: 149 154)
                                                ( Nucleus (span: 149 151)
                                                  ( Sattelite (leaf: 149) (text: ) (vein: [0, 1, 2, 3, 5, 8, 9, 12, 18, 19, 23, 25, 26, 40, 41, 43, 48, 49, 50, 51, 56, 57, 58, 66, 69, 78, 79, 81, 82, 83, 85, 94, 95, 96, 109, 117, 118, 119, 121, 124, 125, 130, 131, 132, 134, 136, 137, 138, 148, 149, 151, 155, 156]) )
                                                  ( Nucleus (span: 150 151)
                                                    ( Sattelite (leaf: 150) (text: ) (vein: [0, 1, 2, 3, 5, 8, 9, 12, 18, 19, 23, 25, 26, 40, 41, 43, 48, 49, 50, 51, 56, 57, 58, 66, 69, 78, 79, 81, 82, 83, 85, 94, 95, 96, 109, 117, 118, 119, 121, 124, 125, 130, 131, 132, 134, 136, 137, 138, 148, 149, 150, 151, 155, 156]) )
                                                    ( Nucleus (leaf: 151) (text: ) (vein: [0, 1, 2, 3, 5, 8, 9, 12, 18, 19, 23, 25, 26, 40, 41, 43, 48, 49, 50, 51, 56, 57, 58, 66, 69, 78, 79, 81, 82, 83, 85, 94, 95, 96, 109, 117, 118, 119, 121, 124, 125, 130, 131, 132, 134, 136, 137, 138, 148, 149, 150, 151, 155, 156]) )
                                                  )
                                                )
                                                ( Sattelite (span: 152 154)
                                                  ( Nucleus (leaf: 152) (text: ) (vein: [0, 1, 2, 3, 5, 8, 9, 12, 18, 19, 23, 25, 26, 40, 41, 43, 48, 49, 50, 51, 56, 57, 58, 66, 69, 78, 79, 81, 82, 83, 85, 94, 95, 96, 109, 117, 118, 121, 124, 125, 130, 131, 132, 134, 137, 138, 148, 151, 152, 155, 156]) )
                                                  ( Sattelite (span: 153 154)
                                                    ( Nucleus (leaf: 153) (text: ) (vein: [0, 1, 2, 3, 5, 8, 9, 12, 18, 19, 23, 25, 26, 40, 41, 43, 48, 49, 50, 51, 56, 57, 58, 66, 69, 78, 79, 81, 82, 83, 85, 94, 95, 96, 109, 117, 118, 121, 124, 125, 130, 131, 132, 134, 137, 138, 148, 151, 152, 153, 155, 156]) )
                                                    ( Sattelite (leaf: 154) (text: ) (vein: [0, 1, 2, 3, 5, 8, 9, 12, 18, 19, 23, 25, 26, 40, 41, 43, 48, 49, 50, 51, 56, 57, 58, 66, 69, 78, 79, 81, 82, 83, 85, 94, 95, 96, 109, 117, 118, 121, 124, 125, 130, 131, 132, 134, 137, 138, 148, 151, 152, 153, 154, 155, 156]) )
                                                  )
                                                )
                                              )
                                              ( Nucleus (span: 155 158)
                                                ( Nucleus (leaf: 155) (text: ) (vein: [0, 1, 2, 3, 5, 8, 9, 12, 18, 19, 23, 25, 26, 40, 41, 43, 48, 49, 50, 51, 56, 57, 58, 66, 69, 78, 79, 81, 82, 83, 85, 94, 95, 96, 109, 117, 118, 119, 121, 124, 125, 130, 131, 132, 134, 136, 137, 138, 148, 151, 155, 156]) )
                                                ( Nucleus (span: 156 158)
                                                  ( Nucleus (leaf: 156) (text: ) (vein: [0, 1, 2, 3, 5, 8, 9, 12, 18, 19, 23, 25, 26, 40, 41, 43, 48, 49, 50, 51, 56, 57, 58, 66, 69, 78, 79, 81, 82, 83, 85, 94, 95, 96, 109, 117, 118, 119, 121, 124, 125, 130, 131, 132, 134, 136, 137, 138, 148, 151, 155, 156]) )
                                                  ( Sattelite (span: 157 158)
                                                    ( Nucleus (leaf: 157) (text: ) (vein: [0, 1, 2, 3, 5, 8, 9, 12, 18, 19, 23, 25, 26, 40, 41, 43, 48, 49, 50, 51, 56, 57, 58, 66, 69, 78, 79, 81, 82, 83, 85, 94, 95, 96, 109, 117, 118, 121, 124, 125, 130, 131, 132, 134, 137, 138, 148, 151, 155, 156, 157]) )
                                                    ( Sattelite (leaf: 158) (text: ) (vein: [0, 1, 2, 3, 5, 8, 9, 12, 18, 19, 23, 25, 26, 40, 41, 43, 48, 49, 50, 51, 56, 57, 58, 66, 69, 78, 79, 81, 82, 83, 85, 94, 95, 96, 109, 117, 118, 121, 124, 125, 130, 131, 132, 134, 137, 138, 148, 151, 155, 156, 157, 158]) )
                                                  )
                                                )
                                              )
                                            )
                                          )
                                        )
                                      )
                                    )
                                  )
                                )
                              )
                            )
                          )
                        )
                      )
                    )
                  )
                )
              )
            )
          )
          ( Sattelite (span: 159 176)
            ( Nucleus (span: 159 166)
              ( Nucleus (span: 159 163)
                ( Nucleus (leaf: 159) (text: ) (vein: [0, 1, 2, 3, 5, 8, 9, 12, 18, 19, 23, 25, 26, 40, 41, 43, 48, 49, 50, 51, 56, 57, 58, 66, 69, 78, 79, 81, 82, 83, 85, 94, 95, 96, 109, 117, 118, 121, 124, 125, 130, 131, 132, 134, 137, 138, 148, 151, 155, 156, 159]) )
                ( Sattelite (span: 160 163)
                  ( Nucleus (leaf: 160) (text: ) (vein: [0, 1, 2, 3, 5, 8, 9, 12, 18, 19, 23, 25, 26, 40, 41, 43, 48, 49, 50, 51, 56, 57, 58, 66, 69, 78, 79, 81, 82, 83, 85, 94, 95, 96, 109, 117, 118, 121, 124, 125, 130, 131, 132, 134, 137, 138, 148, 151, 155, 156, 159, 160]) )
                  ( Sattelite (span: 161 163)
                    ( Nucleus (leaf: 161) (text: ) (vein: [0, 1, 2, 3, 5, 8, 9, 12, 18, 19, 23, 25, 26, 40, 41, 43, 48, 49, 50, 51, 56, 57, 58, 66, 69, 78, 79, 81, 82, 83, 85, 94, 95, 96, 109, 117, 118, 121, 124, 125, 130, 131, 132, 134, 137, 138, 148, 151, 155, 156, 159, 160, 161]) )
                    ( Sattelite (span: 162 163)
                      ( Nucleus (leaf: 162) (text: ) (vein: [0, 1, 2, 3, 5, 8, 9, 12, 18, 19, 23, 25, 26, 40, 41, 43, 48, 49, 50, 51, 56, 57, 58, 66, 69, 78, 79, 81, 82, 83, 85, 94, 95, 96, 109, 117, 118, 121, 124, 125, 130, 131, 132, 134, 137, 138, 148, 151, 155, 156, 159, 160, 161, 162]) )
                      ( Sattelite (leaf: 163) (text: ) (vein: [0, 1, 2, 3, 5, 8, 9, 12, 18, 19, 23, 25, 26, 40, 41, 43, 48, 49, 50, 51, 56, 57, 58, 66, 69, 78, 79, 81, 82, 83, 85, 94, 95, 96, 109, 117, 118, 121, 124, 125, 130, 131, 132, 134, 137, 138, 148, 151, 155, 156, 159, 160, 161, 162, 163]) )
                    )
                  )
                )
              )
              ( Sattelite (span: 164 166)
                ( Nucleus (span: 164 165)
                  ( Nucleus (leaf: 164) (text: ) (vein: [0, 1, 2, 3, 5, 8, 9, 12, 18, 19, 23, 25, 26, 40, 41, 43, 48, 49, 50, 51, 56, 57, 58, 66, 69, 78, 79, 81, 82, 83, 85, 94, 95, 96, 109, 117, 118, 121, 124, 125, 130, 131, 132, 134, 137, 138, 148, 151, 155, 156, 159, 164]) )
                  ( Sattelite (leaf: 165) (text: ) (vein: [0, 1, 2, 3, 5, 8, 9, 12, 18, 19, 23, 25, 26, 40, 41, 43, 48, 49, 50, 51, 56, 57, 58, 66, 69, 78, 79, 81, 82, 83, 85, 94, 95, 96, 109, 117, 118, 121, 124, 125, 130, 131, 132, 134, 137, 138, 148, 151, 155, 156, 159, 164, 165]) )
                )
                ( Sattelite (leaf: 166) (text: ) (vein: [0, 1, 2, 3, 5, 8, 9, 12, 18, 19, 23, 25, 26, 40, 41, 43, 48, 49, 50, 51, 56, 57, 58, 66, 69, 78, 79, 81, 82, 83, 85, 94, 95, 96, 109, 117, 118, 121, 124, 125, 130, 131, 132, 134, 137, 138, 148, 151, 155, 156, 159, 164, 166]) )
              )
            )
            ( Sattelite (span: 167 176)
              ( Nucleus (span: 167 169)
                ( Nucleus (span: 167 168)
                  ( Nucleus (leaf: 167) (text: ) (vein: [0, 1, 2, 3, 5, 8, 9, 12, 18, 19, 23, 25, 26, 40, 41, 43, 48, 49, 50, 51, 56, 57, 58, 66, 69, 78, 79, 81, 82, 83, 85, 94, 95, 96, 109, 117, 118, 121, 124, 125, 130, 131, 132, 134, 137, 138, 148, 151, 155, 156, 159, 167, 169]) )
                  ( Sattelite (leaf: 168) (text: ) (vein: [0, 1, 2, 3, 5, 8, 9, 12, 18, 19, 23, 25, 26, 40, 41, 43, 48, 49, 50, 51, 56, 57, 58, 66, 69, 78, 79, 81, 82, 83, 85, 94, 95, 96, 109, 117, 118, 121, 124, 125, 130, 131, 132, 134, 137, 138, 148, 151, 155, 156, 159, 167, 168, 169]) )
                )
                ( Nucleus (leaf: 169) (text: ) (vein: [0, 1, 2, 3, 5, 8, 9, 12, 18, 19, 23, 25, 26, 40, 41, 43, 48, 49, 50, 51, 56, 57, 58, 66, 69, 78, 79, 81, 82, 83, 85, 94, 95, 96, 109, 117, 118, 121, 124, 125, 130, 131, 132, 134, 137, 138, 148, 151, 155, 156, 159, 167, 169]) )
              )
              ( Sattelite (span: 170 176)
                ( Nucleus (span: 170 172)
                  ( Nucleus (leaf: 170) (text: ) (vein: [0, 1, 2, 3, 5, 8, 9, 12, 18, 19, 23, 25, 26, 40, 41, 43, 48, 49, 50, 51, 56, 57, 58, 66, 69, 78, 79, 81, 82, 83, 85, 94, 95, 96, 109, 117, 118, 121, 124, 125, 130, 131, 132, 134, 137, 138, 148, 151, 155, 156, 159, 167, 169, 170]) )
                  ( Sattelite (span: 171 172)
                    ( Nucleus (leaf: 171) (text: ) (vein: [0, 1, 2, 3, 5, 8, 9, 12, 18, 19, 23, 25, 26, 40, 41, 43, 48, 49, 50, 51, 56, 57, 58, 66, 69, 78, 79, 81, 82, 83, 85, 94, 95, 96, 109, 117, 118, 121, 124, 125, 130, 131, 132, 134, 137, 138, 148, 151, 155, 156, 159, 167, 169, 170, 171]) )
                    ( Sattelite (leaf: 172) (text: ) (vein: [0, 1, 2, 3, 5, 8, 9, 12, 18, 19, 23, 25, 26, 40, 41, 43, 48, 49, 50, 51, 56, 57, 58, 66, 69, 78, 79, 81, 82, 83, 85, 94, 95, 96, 109, 117, 118, 121, 124, 125, 130, 131, 132, 134, 137, 138, 148, 151, 155, 156, 159, 167, 169, 170, 171, 172]) )
                  )
                )
                ( Sattelite (span: 173 176)
                  ( Nucleus (span: 173 175)
                    ( Nucleus (span: 173 174)
                      ( Nucleus (leaf: 173) (text: ) (vein: [0, 1, 2, 3, 5, 8, 9, 12, 18, 19, 23, 25, 26, 40, 41, 43, 48, 49, 50, 51, 56, 57, 58, 66, 69, 78, 79, 81, 82, 83, 85, 94, 95, 96, 109, 117, 118, 121, 124, 125, 130, 131, 132, 134, 137, 138, 148, 151, 155, 156, 159, 167, 169, 170, 173, 175]) )
                      ( Sattelite (leaf: 174) (text: ) (vein: [0, 1, 2, 3, 5, 8, 9, 12, 18, 19, 23, 25, 26, 40, 41, 43, 48, 49, 50, 51, 56, 57, 58, 66, 69, 78, 79, 81, 82, 83, 85, 94, 95, 96, 109, 117, 118, 121, 124, 125, 130, 131, 132, 134, 137, 138, 148, 151, 155, 156, 159, 167, 169, 170, 173, 174, 175]) )
                    )
                    ( Nucleus (leaf: 175) (text: ) (vein: [0, 1, 2, 3, 5, 8, 9, 12, 18, 19, 23, 25, 26, 40, 41, 43, 48, 49, 50, 51, 56, 57, 58, 66, 69, 78, 79, 81, 82, 83, 85, 94, 95, 96, 109, 117, 118, 121, 124, 125, 130, 131, 132, 134, 137, 138, 148, 151, 155, 156, 159, 167, 169, 170, 173, 175]) )
                  )
                  ( Sattelite (leaf: 176) (text: The trouble with doing something right the first time , is then that nobody appreciates how difficult it was . ) (vein: [0, 1, 2, 3, 5, 8, 9, 12, 18, 19, 23, 25, 26, 40, 41, 43, 48, 49, 50, 51, 56, 57, 58, 66, 69, 78, 79, 81, 82, 83, 85, 94, 95, 96, 109, 117, 118, 121, 124, 125, 130, 131, 132, 134, 137, 138, 148, 151, 155, 156, 159, 167, 169, 170, 173, 175, 176]) )
                )
              )
            )
          )
        )
      )
    )
  )
)

