( Root (0 152 )
  ( Nucleus (span: 0 11)
    ( Nucleus (span: 0 3)
      ( Sattelite (leaf: 0) (text: ) (vein: [0, 1, 2, 3, 4, 5, 6, 12, 13, 14, 16, 19, 21, 23, 24, 26]) )
      ( Nucleus (span: 1 3)
        ( Nucleus (leaf: 1) (text: ) (vein: [0, 1, 2, 3, 4, 5, 6, 12, 13, 14, 16, 19, 21, 23, 24, 26]) )
        ( Nucleus (span: 2 3)
          ( Nucleus (leaf: 2) (text: ) (vein: [0, 1, 2, 3, 4, 5, 6, 12, 13, 14, 16, 19, 21, 23, 24, 26]) )
          ( Nucleus (leaf: 3) (text: ) (vein: [0, 1, 2, 3, 4, 5, 6, 12, 13, 14, 16, 19, 21, 23, 24, 26]) )
        )
      )
    )
    ( Nucleus (span: 4 11)
      ( Nucleus (span: 4 5)
        ( Nucleus (leaf: 4) (text: ) (vein: [1, 2, 3, 4, 5, 6, 12, 13, 14, 16, 19, 21, 23, 24, 26]) )
        ( Nucleus (leaf: 5) (text: ) (vein: [1, 2, 3, 4, 5, 6, 12, 13, 14, 16, 19, 21, 23, 24, 26]) )
      )
      ( Nucleus (span: 6 11)
        ( Nucleus (leaf: 6) (text: ) (vein: [1, 2, 3, 4, 5, 6, 12, 13, 14, 16, 19, 21, 23, 24, 26]) )
        ( Sattelite (span: 7 11)
          ( Nucleus (span: 7 9)
            ( Nucleus (leaf: 7) (text: ) (vein: [1, 2, 3, 4, 5, 6, 7, 12, 13, 14, 16, 19, 21, 23, 24, 26]) )
            ( Sattelite (span: 8 9)
              ( Nucleus (leaf: 8) (text: ) (vein: [1, 2, 3, 4, 5, 6, 7, 8, 12, 13, 14, 16, 19, 21, 23, 24, 26]) )
              ( Sattelite (leaf: 9) (text: ) (vein: [1, 2, 3, 4, 5, 6, 7, 8, 9, 12, 13, 14, 16, 19, 21, 23, 24, 26]) )
            )
          )
          ( Sattelite (span: 10 11)
            ( Nucleus (leaf: 10) (text: ) (vein: [1, 2, 3, 4, 5, 6, 7, 10, 12, 13, 14, 16, 19, 21, 23, 24, 26]) )
            ( Sattelite (leaf: 11) (text: ) (vein: [1, 2, 3, 4, 5, 6, 7, 10, 11, 12, 13, 14, 16, 19, 21, 23, 24, 26]) )
          )
        )
      )
    )
  )
  ( Nucleus (span: 12 152)
    ( Nucleus (span: 12 27)
      ( Nucleus (span: 12 13)
        ( Nucleus (leaf: 12) (text: ) (vein: [1, 2, 3, 4, 5, 6, 12, 13, 14, 16, 19, 21, 23, 24, 26]) )
        ( Nucleus (leaf: 13) (text: ) (vein: [1, 2, 3, 4, 5, 6, 12, 13, 14, 16, 19, 21, 23, 24, 26]) )
      )
      ( Nucleus (span: 14 27)
        ( Nucleus (span: 14 15)
          ( Nucleus (leaf: 14) (text: ) (vein: [1, 2, 3, 4, 5, 6, 12, 13, 14, 16, 19, 21, 23, 24, 26]) )
          ( Sattelite (leaf: 15) (text: ) (vein: [1, 2, 3, 4, 5, 6, 12, 13, 14, 15, 16, 19, 21, 23, 24, 26]) )
        )
        ( Nucleus (span: 16 27)
          ( Nucleus (span: 16 18)
            ( Nucleus (span: 16 17)
              ( Nucleus (leaf: 16) (text: ) (vein: [1, 2, 3, 4, 5, 6, 12, 13, 14, 16, 19, 21, 23, 24, 26]) )
              ( Sattelite (leaf: 17) (text: ) (vein: [1, 2, 3, 4, 5, 6, 12, 13, 14, 16, 17, 19, 21, 23, 24, 26]) )
            )
            ( Sattelite (leaf: 18) (text: ) (vein: [1, 2, 3, 4, 5, 6, 12, 13, 14, 16, 18, 19, 21, 23, 24, 26]) )
          )
          ( Nucleus (span: 19 27)
            ( Nucleus (span: 19 20)
              ( Nucleus (leaf: 19) (text: ) (vein: [1, 2, 3, 4, 5, 6, 12, 13, 14, 16, 19, 21, 23, 24, 26]) )
              ( Sattelite (leaf: 20) (text: ) (vein: [1, 2, 3, 4, 5, 6, 12, 13, 14, 16, 19, 20, 21, 23, 24, 26]) )
            )
            ( Nucleus (span: 21 27)
              ( Nucleus (span: 21 22)
                ( Nucleus (leaf: 21) (text: ) (vein: [1, 2, 3, 4, 5, 6, 12, 13, 14, 16, 19, 21, 23, 24, 26]) )
                ( Sattelite (leaf: 22) (text: ) (vein: [1, 2, 3, 4, 5, 6, 12, 13, 14, 16, 19, 21, 22, 23, 24, 26]) )
              )
              ( Nucleus (span: 23 27)
                ( Nucleus (span: 23 25)
                  ( Nucleus (span: 23 24)
                    ( Nucleus (leaf: 23) (text: ) (vein: [1, 2, 3, 4, 5, 6, 12, 13, 14, 16, 19, 21, 23, 24, 26]) )
                    ( Nucleus (leaf: 24) (text: ) (vein: [1, 2, 3, 4, 5, 6, 12, 13, 14, 16, 19, 21, 23, 24, 26]) )
                  )
                  ( Sattelite (leaf: 25) (text: ) (vein: [1, 2, 3, 4, 5, 6, 12, 13, 14, 16, 19, 21, 23, 24, 25, 26]) )
                )
                ( Nucleus (span: 26 27)
                  ( Nucleus (leaf: 26) (text: ) (vein: [1, 2, 3, 4, 5, 6, 12, 13, 14, 16, 19, 21, 23, 24, 26]) )
                  ( Sattelite (leaf: 27) (text: ) (vein: [1, 2, 3, 4, 5, 6, 12, 13, 14, 16, 19, 21, 23, 24, 26, 27]) )
                )
              )
            )
          )
        )
      )
    )
    ( Sattelite (span: 28 152)
      ( Nucleus (span: 28 35)
        ( Sattelite (leaf: 28) (text: ) (vein: [1, 2, 3, 4, 5, 6, 12, 13, 14, 16, 19, 21, 23, 24, 26, 28, 29, 30, 32]) )
        ( Nucleus (span: 29 35)
          ( Nucleus (span: 29 33)
            ( Nucleus (leaf: 29) (text: ) (vein: [1, 2, 3, 4, 5, 6, 12, 13, 14, 16, 19, 21, 23, 24, 26, 28, 29, 30, 32]) )
            ( Nucleus (span: 30 33)
              ( Nucleus (leaf: 30) (text: ) (vein: [1, 2, 3, 4, 5, 6, 12, 13, 14, 16, 19, 21, 23, 24, 26, 28, 29, 30, 32]) )
              ( Nucleus (span: 31 33)
                ( Sattelite (leaf: 31) (text: ) (vein: [1, 2, 3, 4, 5, 6, 12, 13, 14, 16, 19, 21, 23, 24, 26, 28, 29, 30, 31, 32]) )
                ( Nucleus (span: 32 33)
                  ( Nucleus (leaf: 32) (text: ) (vein: [1, 2, 3, 4, 5, 6, 12, 13, 14, 16, 19, 21, 23, 24, 26, 28, 29, 30, 31, 32]) )
                  ( Sattelite (leaf: 33) (text: ) (vein: [1, 2, 3, 4, 5, 6, 12, 13, 14, 16, 19, 21, 23, 24, 26, 29, 30, 32, 33]) )
                )
              )
            )
          )
          ( Sattelite (span: 34 35)
            ( Nucleus (leaf: 34) (text: ) (vein: [1, 2, 3, 4, 5, 6, 12, 13, 14, 16, 19, 21, 23, 24, 26, 29, 30, 32, 34]) )
            ( Sattelite (leaf: 35) (text: ) (vein: [1, 2, 3, 4, 5, 6, 12, 13, 14, 16, 19, 21, 23, 24, 26, 29, 30, 32, 34, 35]) )
          )
        )
      )
      ( Sattelite (span: 36 152)
        ( Nucleus (span: 36 54)
          ( Nucleus (span: 36 37)
            ( Nucleus (leaf: 36) (text: ) (vein: [1, 2, 3, 4, 5, 6, 12, 13, 14, 16, 19, 21, 23, 24, 26, 29, 30, 32, 36, 37, 38, 40, 41, 42, 43, 44, 45, 48]) )
            ( Nucleus (leaf: 37) (text: ) (vein: [1, 2, 3, 4, 5, 6, 12, 13, 14, 16, 19, 21, 23, 24, 26, 29, 30, 32, 36, 37, 38, 40, 41, 42, 43, 44, 45, 48]) )
          )
          ( Nucleus (span: 38 54)
            ( Nucleus (span: 38 39)
              ( Nucleus (leaf: 38) (text: ) (vein: [1, 2, 3, 4, 5, 6, 12, 13, 14, 16, 19, 21, 23, 24, 26, 29, 30, 32, 36, 37, 38, 40, 41, 42, 43, 44, 45, 48]) )
              ( Sattelite (leaf: 39) (text: ) (vein: [1, 2, 3, 4, 5, 6, 12, 13, 14, 16, 19, 21, 23, 24, 26, 29, 30, 32, 36, 37, 38, 39, 40, 41, 42, 43, 44, 45, 48]) )
            )
            ( Nucleus (span: 40 54)
              ( Nucleus (span: 40 41)
                ( Nucleus (leaf: 40) (text: ) (vein: [1, 2, 3, 4, 5, 6, 12, 13, 14, 16, 19, 21, 23, 24, 26, 29, 30, 32, 36, 37, 38, 40, 41, 42, 43, 44, 45, 48]) )
                ( Nucleus (leaf: 41) (text: ) (vein: [1, 2, 3, 4, 5, 6, 12, 13, 14, 16, 19, 21, 23, 24, 26, 29, 30, 32, 36, 37, 38, 40, 41, 42, 43, 44, 45, 48]) )
              )
              ( Nucleus (span: 42 54)
                ( Nucleus (span: 42 43)
                  ( Nucleus (leaf: 42) (text: ) (vein: [1, 2, 3, 4, 5, 6, 12, 13, 14, 16, 19, 21, 23, 24, 26, 29, 30, 32, 36, 37, 38, 40, 41, 42, 43, 44, 45, 48]) )
                  ( Nucleus (leaf: 43) (text: ) (vein: [1, 2, 3, 4, 5, 6, 12, 13, 14, 16, 19, 21, 23, 24, 26, 29, 30, 32, 36, 37, 38, 40, 41, 42, 43, 44, 45, 48]) )
                )
                ( Nucleus (span: 44 54)
                  ( Nucleus (span: 44 45)
                    ( Nucleus (leaf: 44) (text: ) (vein: [1, 2, 3, 4, 5, 6, 12, 13, 14, 16, 19, 21, 23, 24, 26, 29, 30, 32, 36, 37, 38, 40, 41, 42, 43, 44, 45, 48]) )
                    ( Nucleus (leaf: 45) (text: ) (vein: [1, 2, 3, 4, 5, 6, 12, 13, 14, 16, 19, 21, 23, 24, 26, 29, 30, 32, 36, 37, 38, 40, 41, 42, 43, 44, 45, 48]) )
                  )
                  ( Nucleus (span: 46 54)
                    ( Sattelite (span: 46 47)
                      ( Nucleus (leaf: 46) (text: ) (vein: [1, 2, 3, 4, 5, 6, 12, 13, 14, 16, 19, 21, 23, 24, 26, 29, 30, 32, 36, 37, 38, 40, 41, 42, 43, 44, 45, 46, 48]) )
                      ( Sattelite (leaf: 47) (text: ) (vein: [1, 2, 3, 4, 5, 6, 12, 13, 14, 16, 19, 21, 23, 24, 26, 29, 30, 32, 36, 37, 38, 40, 41, 42, 43, 44, 45, 46, 47, 48]) )
                    )
                    ( Nucleus (span: 48 54)
                      ( Nucleus (span: 48 50)
                        ( Nucleus (leaf: 48) (text: ) (vein: [1, 2, 3, 4, 5, 6, 12, 13, 14, 16, 19, 21, 23, 24, 26, 29, 30, 32, 36, 37, 38, 40, 41, 42, 43, 44, 45, 46, 48]) )
                        ( Sattelite (span: 49 50)
                          ( Nucleus (leaf: 49) (text: ) (vein: [1, 2, 3, 4, 5, 6, 12, 13, 14, 16, 19, 21, 23, 24, 26, 29, 30, 32, 36, 37, 38, 40, 41, 42, 43, 44, 45, 48, 49]) )
                          ( Sattelite (leaf: 50) (text: ) (vein: [1, 2, 3, 4, 5, 6, 12, 13, 14, 16, 19, 21, 23, 24, 26, 29, 30, 32, 36, 37, 38, 40, 41, 42, 43, 44, 45, 48, 49, 50]) )
                        )
                      )
                      ( Sattelite (span: 51 54)
                        ( Nucleus (span: 51 53)
                          ( Nucleus (leaf: 51) (text: ) (vein: [1, 2, 3, 4, 5, 6, 12, 13, 14, 16, 19, 21, 23, 24, 26, 29, 30, 32, 36, 37, 38, 40, 41, 42, 43, 44, 45, 48, 51, 52]) )
                          ( Nucleus (span: 52 53)
                            ( Nucleus (leaf: 52) (text: ) (vein: [1, 2, 3, 4, 5, 6, 12, 13, 14, 16, 19, 21, 23, 24, 26, 29, 30, 32, 36, 37, 38, 40, 41, 42, 43, 44, 45, 48, 51, 52]) )
                            ( Sattelite (leaf: 53) (text: ) (vein: [1, 2, 3, 4, 5, 6, 12, 13, 14, 16, 19, 21, 23, 24, 26, 29, 30, 32, 36, 37, 38, 40, 41, 42, 43, 44, 45, 48, 51, 52, 53]) )
                          )
                        )
                        ( Sattelite (leaf: 54) (text: ) (vein: [1, 2, 3, 4, 5, 6, 12, 13, 14, 16, 19, 21, 23, 24, 26, 29, 30, 32, 36, 37, 38, 40, 41, 42, 43, 44, 45, 48, 51, 52, 54]) )
                      )
                    )
                  )
                )
              )
            )
          )
        )
        ( Sattelite (span: 55 152)
          ( Nucleus (span: 55 75)
            ( Nucleus (span: 55 56)
              ( Nucleus (leaf: 55) (text: ) (vein: [1, 2, 3, 4, 5, 6, 12, 13, 14, 16, 19, 21, 23, 24, 26, 29, 30, 32, 36, 37, 38, 40, 41, 42, 43, 44, 45, 48, 55, 57, 65, 66, 68, 71, 73, 75]) )
              ( Sattelite (leaf: 56) (text: ) (vein: [1, 2, 3, 4, 5, 6, 12, 13, 14, 16, 19, 21, 23, 24, 26, 29, 30, 32, 36, 37, 38, 40, 41, 42, 43, 44, 45, 48, 55, 56, 57, 65, 66, 68, 71, 73, 75]) )
            )
            ( Nucleus (span: 57 75)
              ( Nucleus (span: 57 64)
                ( Nucleus (span: 57 58)
                  ( Nucleus (leaf: 57) (text: ) (vein: [1, 2, 3, 4, 5, 6, 12, 13, 14, 16, 19, 21, 23, 24, 26, 29, 30, 32, 36, 37, 38, 40, 41, 42, 43, 44, 45, 48, 55, 57, 65, 66, 68, 71, 73, 75]) )
                  ( Sattelite (leaf: 58) (text: ) (vein: [1, 2, 3, 4, 5, 6, 12, 13, 14, 16, 19, 21, 23, 24, 26, 29, 30, 32, 36, 37, 38, 40, 41, 42, 43, 44, 45, 48, 55, 57, 58, 65, 66, 68, 71, 73, 75]) )
                )
                ( Sattelite (span: 59 64)
                  ( Nucleus (span: 59 60)
                    ( Nucleus (leaf: 59) (text: ) (vein: [1, 2, 3, 4, 5, 6, 12, 13, 14, 16, 19, 21, 23, 24, 26, 29, 30, 32, 36, 37, 38, 40, 41, 42, 43, 44, 45, 48, 55, 57, 59, 65, 66, 68, 71, 73, 75]) )
                    ( Sattelite (leaf: 60) (text: ) (vein: [1, 2, 3, 4, 5, 6, 12, 13, 14, 16, 19, 21, 23, 24, 26, 29, 30, 32, 36, 37, 38, 40, 41, 42, 43, 44, 45, 48, 55, 57, 59, 60, 65, 66, 68, 71, 73, 75]) )
                  )
                  ( Sattelite (span: 61 64)
                    ( Nucleus (leaf: 61) (text: ) (vein: [1, 2, 3, 4, 5, 6, 12, 13, 14, 16, 19, 21, 23, 24, 26, 29, 30, 32, 36, 37, 38, 40, 41, 42, 43, 44, 45, 48, 55, 57, 59, 61, 65, 66, 68, 71, 73, 75]) )
                    ( Sattelite (span: 62 64)
                      ( Nucleus (leaf: 62) (text: ) (vein: [1, 2, 3, 4, 5, 6, 12, 13, 14, 16, 19, 21, 23, 24, 26, 29, 30, 32, 36, 37, 38, 40, 41, 42, 43, 44, 45, 48, 55, 57, 59, 61, 62, 65, 66, 68, 71, 73, 75]) )
                      ( Sattelite (span: 63 64)
                        ( Nucleus (leaf: 63) (text: ) (vein: [1, 2, 3, 4, 5, 6, 12, 13, 14, 16, 19, 21, 23, 24, 26, 29, 30, 32, 36, 37, 38, 40, 41, 42, 43, 44, 45, 48, 55, 57, 59, 61, 62, 63, 64, 65, 66, 68, 71, 73, 75]) )
                        ( Nucleus (leaf: 64) (text: ) (vein: [1, 2, 3, 4, 5, 6, 12, 13, 14, 16, 19, 21, 23, 24, 26, 29, 30, 32, 36, 37, 38, 40, 41, 42, 43, 44, 45, 48, 55, 57, 59, 61, 62, 63, 64, 65, 66, 68, 71, 73, 75]) )
                      )
                    )
                  )
                )
              )
              ( Nucleus (span: 65 75)
                ( Nucleus (span: 65 67)
                  ( Nucleus (leaf: 65) (text: ) (vein: [1, 2, 3, 4, 5, 6, 12, 13, 14, 16, 19, 21, 23, 24, 26, 29, 30, 32, 36, 37, 38, 40, 41, 42, 43, 44, 45, 48, 55, 57, 65, 66, 68, 71, 73, 75]) )
                  ( Nucleus (span: 66 67)
                    ( Nucleus (leaf: 66) (text: ) (vein: [1, 2, 3, 4, 5, 6, 12, 13, 14, 16, 19, 21, 23, 24, 26, 29, 30, 32, 36, 37, 38, 40, 41, 42, 43, 44, 45, 48, 55, 57, 65, 66, 68, 71, 73, 75]) )
                    ( Sattelite (leaf: 67) (text: ) (vein: [1, 2, 3, 4, 5, 6, 12, 13, 14, 16, 19, 21, 23, 24, 26, 29, 30, 32, 36, 37, 38, 40, 41, 42, 43, 44, 45, 48, 55, 57, 65, 66, 67, 68, 71, 73, 75]) )
                  )
                )
                ( Nucleus (span: 68 75)
                  ( Nucleus (span: 68 70)
                    ( Nucleus (leaf: 68) (text: ) (vein: [1, 2, 3, 4, 5, 6, 12, 13, 14, 16, 19, 21, 23, 24, 26, 29, 30, 32, 36, 37, 38, 40, 41, 42, 43, 44, 45, 48, 55, 57, 65, 66, 68, 71, 73, 75]) )
                    ( Sattelite (span: 69 70)
                      ( Nucleus (leaf: 69) (text: ) (vein: [1, 2, 3, 4, 5, 6, 12, 13, 14, 16, 19, 21, 23, 24, 26, 29, 30, 32, 36, 37, 38, 40, 41, 42, 43, 44, 45, 48, 55, 57, 65, 66, 68, 69, 70, 71, 73, 75]) )
                      ( Nucleus (leaf: 70) (text: ) (vein: [1, 2, 3, 4, 5, 6, 12, 13, 14, 16, 19, 21, 23, 24, 26, 29, 30, 32, 36, 37, 38, 40, 41, 42, 43, 44, 45, 48, 55, 57, 65, 66, 68, 69, 70, 71, 73, 75]) )
                    )
                  )
                  ( Nucleus (span: 71 75)
                    ( Nucleus (leaf: 71) (text: ) (vein: [1, 2, 3, 4, 5, 6, 12, 13, 14, 16, 19, 21, 23, 24, 26, 29, 30, 32, 36, 37, 38, 40, 41, 42, 43, 44, 45, 48, 55, 57, 65, 66, 68, 71, 73, 75]) )
                    ( Nucleus (span: 72 75)
                      ( Nucleus (span: 72 73)
                        ( Sattelite (leaf: 72) (text: ) (vein: [1, 2, 3, 4, 5, 6, 12, 13, 14, 16, 19, 21, 23, 24, 26, 29, 30, 32, 36, 37, 38, 40, 41, 42, 43, 44, 45, 48, 55, 57, 65, 66, 68, 71, 72, 73, 75]) )
                        ( Nucleus (leaf: 73) (text: ) (vein: [1, 2, 3, 4, 5, 6, 12, 13, 14, 16, 19, 21, 23, 24, 26, 29, 30, 32, 36, 37, 38, 40, 41, 42, 43, 44, 45, 48, 55, 57, 65, 66, 68, 71, 72, 73, 75]) )
                      )
                      ( Nucleus (span: 74 75)
                        ( Sattelite (leaf: 74) (text: ) (vein: [1, 2, 3, 4, 5, 6, 12, 13, 14, 16, 19, 21, 23, 24, 26, 29, 30, 32, 36, 37, 38, 40, 41, 42, 43, 44, 45, 48, 55, 57, 65, 66, 68, 71, 73, 74, 75]) )
                        ( Nucleus (leaf: 75) (text: ) (vein: [1, 2, 3, 4, 5, 6, 12, 13, 14, 16, 19, 21, 23, 24, 26, 29, 30, 32, 36, 37, 38, 40, 41, 42, 43, 44, 45, 48, 55, 57, 65, 66, 68, 71, 73, 74, 75]) )
                      )
                    )
                  )
                )
              )
            )
          )
          ( Sattelite (span: 76 152)
            ( Nucleus (span: 76 82)
              ( Nucleus (span: 76 77)
                ( Nucleus (leaf: 76) (text: ) (vein: [1, 2, 3, 4, 5, 6, 12, 13, 14, 16, 19, 21, 23, 24, 26, 29, 30, 32, 36, 37, 38, 40, 41, 42, 43, 44, 45, 48, 55, 57, 65, 66, 68, 71, 73, 75, 76, 77, 78, 79, 80, 82]) )
                ( Nucleus (leaf: 77) (text: ) (vein: [1, 2, 3, 4, 5, 6, 12, 13, 14, 16, 19, 21, 23, 24, 26, 29, 30, 32, 36, 37, 38, 40, 41, 42, 43, 44, 45, 48, 55, 57, 65, 66, 68, 71, 73, 75, 76, 77, 78, 79, 80, 82]) )
              )
              ( Nucleus (span: 78 82)
                ( Nucleus (span: 78 79)
                  ( Nucleus (leaf: 78) (text: ) (vein: [1, 2, 3, 4, 5, 6, 12, 13, 14, 16, 19, 21, 23, 24, 26, 29, 30, 32, 36, 37, 38, 40, 41, 42, 43, 44, 45, 48, 55, 57, 65, 66, 68, 71, 73, 75, 76, 77, 78, 79, 80, 82]) )
                  ( Nucleus (leaf: 79) (text: ) (vein: [1, 2, 3, 4, 5, 6, 12, 13, 14, 16, 19, 21, 23, 24, 26, 29, 30, 32, 36, 37, 38, 40, 41, 42, 43, 44, 45, 48, 55, 57, 65, 66, 68, 71, 73, 75, 76, 77, 78, 79, 80, 82]) )
                )
                ( Nucleus (span: 80 82)
                  ( Nucleus (span: 80 81)
                    ( Nucleus (leaf: 80) (text: ) (vein: [1, 2, 3, 4, 5, 6, 12, 13, 14, 16, 19, 21, 23, 24, 26, 29, 30, 32, 36, 37, 38, 40, 41, 42, 43, 44, 45, 48, 55, 57, 65, 66, 68, 71, 73, 75, 76, 77, 78, 79, 80, 82]) )
                    ( Sattelite (leaf: 81) (text: ) (vein: [1, 2, 3, 4, 5, 6, 12, 13, 14, 16, 19, 21, 23, 24, 26, 29, 30, 32, 36, 37, 38, 40, 41, 42, 43, 44, 45, 48, 55, 57, 65, 66, 68, 71, 73, 75, 76, 77, 78, 79, 80, 81, 82]) )
                  )
                  ( Nucleus (leaf: 82) (text: ) (vein: [1, 2, 3, 4, 5, 6, 12, 13, 14, 16, 19, 21, 23, 24, 26, 29, 30, 32, 36, 37, 38, 40, 41, 42, 43, 44, 45, 48, 55, 57, 65, 66, 68, 71, 73, 75, 76, 77, 78, 79, 80, 82]) )
                )
              )
            )
            ( Sattelite (span: 83 152)
              ( Nucleus (span: 83 119)
                ( Sattelite (leaf: 83) (text: ) (vein: [1, 2, 3, 4, 5, 6, 12, 13, 14, 16, 19, 21, 23, 24, 26, 29, 30, 32, 36, 37, 38, 40, 41, 42, 43, 44, 45, 48, 55, 57, 65, 66, 68, 71, 73, 75, 76, 77, 78, 79, 80, 82, 83, 84, 85, 86, 88, 89, 90, 92, 96, 97, 99, 100, 104, 105, 108, 109, 114, 115]) )
                ( Nucleus (span: 84 119)
                  ( Nucleus (leaf: 84) (text: ) (vein: [1, 2, 3, 4, 5, 6, 12, 13, 14, 16, 19, 21, 23, 24, 26, 29, 30, 32, 36, 37, 38, 40, 41, 42, 43, 44, 45, 48, 55, 57, 65, 66, 68, 71, 73, 75, 76, 77, 78, 79, 80, 82, 83, 84, 85, 86, 88, 89, 90, 92, 96, 97, 99, 100, 104, 105, 108, 109, 114, 115]) )
                  ( Nucleus (span: 85 119)
                    ( Nucleus (span: 85 86)
                      ( Nucleus (leaf: 85) (text: ) (vein: [1, 2, 3, 4, 5, 6, 12, 13, 14, 16, 19, 21, 23, 24, 26, 29, 30, 32, 36, 37, 38, 40, 41, 42, 43, 44, 45, 48, 55, 57, 65, 66, 68, 71, 73, 75, 76, 77, 78, 79, 80, 82, 83, 84, 85, 86, 88, 89, 90, 92, 96, 97, 99, 100, 104, 105, 108, 109, 114, 115]) )
                      ( Nucleus (leaf: 86) (text: ) (vein: [1, 2, 3, 4, 5, 6, 12, 13, 14, 16, 19, 21, 23, 24, 26, 29, 30, 32, 36, 37, 38, 40, 41, 42, 43, 44, 45, 48, 55, 57, 65, 66, 68, 71, 73, 75, 76, 77, 78, 79, 80, 82, 83, 84, 85, 86, 88, 89, 90, 92, 96, 97, 99, 100, 104, 105, 108, 109, 114, 115]) )
                    )
                    ( Nucleus (span: 87 119)
                      ( Sattelite (leaf: 87) (text: ) (vein: [1, 2, 3, 4, 5, 6, 12, 13, 14, 16, 19, 21, 23, 24, 26, 29, 30, 32, 36, 37, 38, 40, 41, 42, 43, 44, 45, 48, 55, 57, 65, 66, 68, 71, 73, 75, 76, 77, 78, 79, 80, 82, 83, 84, 85, 86, 87, 88, 89, 90, 92, 96, 97, 99, 100, 104, 105, 108, 109, 114, 115]) )
                      ( Nucleus (span: 88 119)
                        ( Nucleus (leaf: 88) (text: ) (vein: [1, 2, 3, 4, 5, 6, 12, 13, 14, 16, 19, 21, 23, 24, 26, 29, 30, 32, 36, 37, 38, 40, 41, 42, 43, 44, 45, 48, 55, 57, 65, 66, 68, 71, 73, 75, 76, 77, 78, 79, 80, 82, 83, 84, 85, 86, 87, 88, 89, 90, 92, 96, 97, 99, 100, 104, 105, 108, 109, 114, 115]) )
                        ( Nucleus (span: 89 119)
                          ( Nucleus (leaf: 89) (text: ) (vein: [1, 2, 3, 4, 5, 6, 12, 13, 14, 16, 19, 21, 23, 24, 26, 29, 30, 32, 36, 37, 38, 40, 41, 42, 43, 44, 45, 48, 55, 57, 65, 66, 68, 71, 73, 75, 76, 77, 78, 79, 80, 82, 83, 84, 85, 86, 87, 88, 89, 90, 92, 96, 97, 99, 100, 104, 105, 108, 109, 114, 115]) )
                          ( Nucleus (span: 90 119)
                            ( Nucleus (span: 90 93)
                              ( Nucleus (leaf: 90) (text: ) (vein: [1, 2, 3, 4, 5, 6, 12, 13, 14, 16, 19, 21, 23, 24, 26, 29, 30, 32, 36, 37, 38, 40, 41, 42, 43, 44, 45, 48, 55, 57, 65, 66, 68, 71, 73, 75, 76, 77, 78, 79, 80, 82, 83, 84, 85, 86, 87, 88, 89, 90, 92, 96, 97, 99, 100, 104, 105, 108, 109, 114, 115]) )
                              ( Nucleus (span: 91 93)
                                ( Sattelite (leaf: 91) (text: ) (vein: [1, 2, 3, 4, 5, 6, 12, 13, 14, 16, 19, 21, 23, 24, 26, 29, 30, 32, 36, 37, 38, 40, 41, 42, 43, 44, 45, 48, 55, 57, 65, 66, 68, 71, 73, 75, 76, 77, 78, 79, 80, 82, 83, 84, 85, 86, 87, 88, 89, 90, 91, 92, 96, 97, 99, 100, 104, 105, 108, 109, 114, 115]) )
                                ( Nucleus (span: 92 93)
                                  ( Nucleus (leaf: 92) (text: ) (vein: [1, 2, 3, 4, 5, 6, 12, 13, 14, 16, 19, 21, 23, 24, 26, 29, 30, 32, 36, 37, 38, 40, 41, 42, 43, 44, 45, 48, 55, 57, 65, 66, 68, 71, 73, 75, 76, 77, 78, 79, 80, 82, 83, 84, 85, 86, 87, 88, 89, 90, 91, 92, 96, 97, 99, 100, 104, 105, 108, 109, 114, 115]) )
                                  ( Sattelite (leaf: 93) (text: ) (vein: [1, 2, 3, 4, 5, 6, 12, 13, 14, 16, 19, 21, 23, 24, 26, 29, 30, 32, 36, 37, 38, 40, 41, 42, 43, 44, 45, 48, 55, 57, 65, 66, 68, 71, 73, 75, 76, 77, 78, 79, 80, 82, 84, 85, 86, 88, 89, 90, 92, 93, 96, 97, 99, 100, 104, 105, 108, 109, 114, 115]) )
                                )
                              )
                            )
                            ( Nucleus (span: 94 119)
                              ( Sattelite (span: 94 95)
                                ( Nucleus (leaf: 94) (text: ) (vein: [1, 2, 3, 4, 5, 6, 12, 13, 14, 16, 19, 21, 23, 24, 26, 29, 30, 32, 36, 37, 38, 40, 41, 42, 43, 44, 45, 48, 55, 57, 65, 66, 68, 71, 73, 75, 76, 77, 78, 79, 80, 82, 83, 84, 85, 86, 87, 88, 89, 90, 92, 94, 96, 97, 99, 100, 104, 105, 108, 109, 114, 115]) )
                                ( Sattelite (leaf: 95) (text: ) (vein: [1, 2, 3, 4, 5, 6, 12, 13, 14, 16, 19, 21, 23, 24, 26, 29, 30, 32, 36, 37, 38, 40, 41, 42, 43, 44, 45, 48, 55, 57, 65, 66, 68, 71, 73, 75, 76, 77, 78, 79, 80, 82, 84, 85, 86, 88, 89, 90, 92, 94, 95, 96, 97, 99, 100, 104, 105, 108, 109, 114, 115]) )
                              )
                              ( Nucleus (span: 96 119)
                                ( Nucleus (span: 96 97)
                                  ( Nucleus (leaf: 96) (text: ) (vein: [1, 2, 3, 4, 5, 6, 12, 13, 14, 16, 19, 21, 23, 24, 26, 29, 30, 32, 36, 37, 38, 40, 41, 42, 43, 44, 45, 48, 55, 57, 65, 66, 68, 71, 73, 75, 76, 77, 78, 79, 80, 82, 83, 84, 85, 86, 87, 88, 89, 90, 92, 94, 96, 97, 99, 100, 104, 105, 108, 109, 114, 115]) )
                                  ( Nucleus (leaf: 97) (text: ) (vein: [1, 2, 3, 4, 5, 6, 12, 13, 14, 16, 19, 21, 23, 24, 26, 29, 30, 32, 36, 37, 38, 40, 41, 42, 43, 44, 45, 48, 55, 57, 65, 66, 68, 71, 73, 75, 76, 77, 78, 79, 80, 82, 83, 84, 85, 86, 87, 88, 89, 90, 92, 94, 96, 97, 99, 100, 104, 105, 108, 109, 114, 115]) )
                                )
                                ( Nucleus (span: 98 119)
                                  ( Sattelite (leaf: 98) (text: ) (vein: [1, 2, 3, 4, 5, 6, 12, 13, 14, 16, 19, 21, 23, 24, 26, 29, 30, 32, 36, 37, 38, 40, 41, 42, 43, 44, 45, 48, 55, 57, 65, 66, 68, 71, 73, 75, 76, 77, 78, 79, 80, 82, 83, 84, 85, 86, 87, 88, 89, 90, 92, 94, 96, 97, 98, 99, 100, 104, 105, 108, 109, 114, 115]) )
                                  ( Nucleus (span: 99 119)
                                    ( Nucleus (span: 99 102)
                                      ( Nucleus (leaf: 99) (text: ) (vein: [1, 2, 3, 4, 5, 6, 12, 13, 14, 16, 19, 21, 23, 24, 26, 29, 30, 32, 36, 37, 38, 40, 41, 42, 43, 44, 45, 48, 55, 57, 65, 66, 68, 71, 73, 75, 76, 77, 78, 79, 80, 82, 83, 84, 85, 86, 87, 88, 89, 90, 92, 94, 96, 97, 98, 99, 100, 104, 105, 108, 109, 114, 115]) )
                                      ( Nucleus (span: 100 102)
                                        ( Nucleus (leaf: 100) (text: ) (vein: [1, 2, 3, 4, 5, 6, 12, 13, 14, 16, 19, 21, 23, 24, 26, 29, 30, 32, 36, 37, 38, 40, 41, 42, 43, 44, 45, 48, 55, 57, 65, 66, 68, 71, 73, 75, 76, 77, 78, 79, 80, 82, 83, 84, 85, 86, 87, 88, 89, 90, 92, 94, 96, 97, 98, 99, 100, 104, 105, 108, 109, 114, 115]) )
                                        ( Sattelite (span: 101 102)
                                          ( Nucleus (leaf: 101) (text: ) (vein: [1, 2, 3, 4, 5, 6, 12, 13, 14, 16, 19, 21, 23, 24, 26, 29, 30, 32, 36, 37, 38, 40, 41, 42, 43, 44, 45, 48, 55, 57, 65, 66, 68, 71, 73, 75, 76, 77, 78, 79, 80, 82, 84, 85, 86, 88, 89, 90, 92, 96, 97, 99, 100, 101, 102, 104, 105, 108, 109, 114, 115]) )
                                          ( Nucleus (leaf: 102) (text: ) (vein: [1, 2, 3, 4, 5, 6, 12, 13, 14, 16, 19, 21, 23, 24, 26, 29, 30, 32, 36, 37, 38, 40, 41, 42, 43, 44, 45, 48, 55, 57, 65, 66, 68, 71, 73, 75, 76, 77, 78, 79, 80, 82, 84, 85, 86, 88, 89, 90, 92, 96, 97, 99, 100, 101, 102, 104, 105, 108, 109, 114, 115]) )
                                        )
                                      )
                                    )
                                    ( Nucleus (span: 103 119)
                                      ( Nucleus (span: 103 106)
                                        ( Sattelite (leaf: 103) (text: ) (vein: [1, 2, 3, 4, 5, 6, 12, 13, 14, 16, 19, 21, 23, 24, 26, 29, 30, 32, 36, 37, 38, 40, 41, 42, 43, 44, 45, 48, 55, 57, 65, 66, 68, 71, 73, 75, 76, 77, 78, 79, 80, 82, 83, 84, 85, 86, 87, 88, 89, 90, 92, 94, 96, 97, 98, 99, 100, 103, 104, 105, 108, 109, 114, 115]) )
                                        ( Nucleus (span: 104 106)
                                          ( Nucleus (leaf: 104) (text: ) (vein: [1, 2, 3, 4, 5, 6, 12, 13, 14, 16, 19, 21, 23, 24, 26, 29, 30, 32, 36, 37, 38, 40, 41, 42, 43, 44, 45, 48, 55, 57, 65, 66, 68, 71, 73, 75, 76, 77, 78, 79, 80, 82, 83, 84, 85, 86, 87, 88, 89, 90, 92, 94, 96, 97, 98, 99, 100, 103, 104, 105, 108, 109, 114, 115]) )
                                          ( Nucleus (span: 105 106)
                                            ( Nucleus (leaf: 105) (text: ) (vein: [1, 2, 3, 4, 5, 6, 12, 13, 14, 16, 19, 21, 23, 24, 26, 29, 30, 32, 36, 37, 38, 40, 41, 42, 43, 44, 45, 48, 55, 57, 65, 66, 68, 71, 73, 75, 76, 77, 78, 79, 80, 82, 83, 84, 85, 86, 87, 88, 89, 90, 92, 94, 96, 97, 98, 99, 100, 103, 104, 105, 108, 109, 114, 115]) )
                                            ( Sattelite (leaf: 106) (text: ) (vein: [1, 2, 3, 4, 5, 6, 12, 13, 14, 16, 19, 21, 23, 24, 26, 29, 30, 32, 36, 37, 38, 40, 41, 42, 43, 44, 45, 48, 55, 57, 65, 66, 68, 71, 73, 75, 76, 77, 78, 79, 80, 82, 84, 85, 86, 88, 89, 90, 92, 96, 97, 99, 100, 104, 105, 106, 108, 109, 114, 115]) )
                                          )
                                        )
                                      )
                                      ( Nucleus (span: 107 119)
                                        ( Nucleus (span: 107 113)
                                          ( Sattelite (leaf: 107) (text: ) (vein: [1, 2, 3, 4, 5, 6, 12, 13, 14, 16, 19, 21, 23, 24, 26, 29, 30, 32, 36, 37, 38, 40, 41, 42, 43, 44, 45, 48, 55, 57, 65, 66, 68, 71, 73, 75, 76, 77, 78, 79, 80, 82, 83, 84, 85, 86, 87, 88, 89, 90, 92, 94, 96, 97, 98, 99, 100, 104, 105, 107, 108, 109, 114, 115]) )
                                          ( Nucleus (span: 108 113)
                                            ( Nucleus (leaf: 108) (text: ) (vein: [1, 2, 3, 4, 5, 6, 12, 13, 14, 16, 19, 21, 23, 24, 26, 29, 30, 32, 36, 37, 38, 40, 41, 42, 43, 44, 45, 48, 55, 57, 65, 66, 68, 71, 73, 75, 76, 77, 78, 79, 80, 82, 83, 84, 85, 86, 87, 88, 89, 90, 92, 94, 96, 97, 98, 99, 100, 104, 105, 107, 108, 109, 114, 115]) )
                                            ( Nucleus (span: 109 113)
                                              ( Nucleus (leaf: 109) (text: ) (vein: [1, 2, 3, 4, 5, 6, 12, 13, 14, 16, 19, 21, 23, 24, 26, 29, 30, 32, 36, 37, 38, 40, 41, 42, 43, 44, 45, 48, 55, 57, 65, 66, 68, 71, 73, 75, 76, 77, 78, 79, 80, 82, 83, 84, 85, 86, 87, 88, 89, 90, 92, 94, 96, 97, 98, 99, 100, 104, 105, 107, 108, 109, 114, 115]) )
                                              ( Sattelite (span: 110 113)
                                                ( Nucleus (leaf: 110) (text: ) (vein: [1, 2, 3, 4, 5, 6, 12, 13, 14, 16, 19, 21, 23, 24, 26, 29, 30, 32, 36, 37, 38, 40, 41, 42, 43, 44, 45, 48, 55, 57, 65, 66, 68, 71, 73, 75, 76, 77, 78, 79, 80, 82, 84, 85, 86, 88, 89, 90, 92, 96, 97, 99, 100, 104, 105, 108, 109, 110, 114, 115]) )
                                                ( Sattelite (span: 111 113)
                                                  ( Nucleus (leaf: 111) (text: ) (vein: [1, 2, 3, 4, 5, 6, 12, 13, 14, 16, 19, 21, 23, 24, 26, 29, 30, 32, 36, 37, 38, 40, 41, 42, 43, 44, 45, 48, 55, 57, 65, 66, 68, 71, 73, 75, 76, 77, 78, 79, 80, 82, 84, 85, 86, 88, 89, 90, 92, 96, 97, 99, 100, 104, 105, 108, 109, 110, 111, 114, 115]) )
                                                  ( Sattelite (span: 112 113)
                                                    ( Nucleus (leaf: 112) (text: ) (vein: [1, 2, 3, 4, 5, 6, 12, 13, 14, 16, 19, 21, 23, 24, 26, 29, 30, 32, 36, 37, 38, 40, 41, 42, 43, 44, 45, 48, 55, 57, 65, 66, 68, 71, 73, 75, 76, 77, 78, 79, 80, 82, 84, 85, 86, 88, 89, 90, 92, 96, 97, 99, 100, 104, 105, 108, 109, 110, 111, 112, 113, 114, 115]) )
                                                    ( Nucleus (leaf: 113) (text: ) (vein: [1, 2, 3, 4, 5, 6, 12, 13, 14, 16, 19, 21, 23, 24, 26, 29, 30, 32, 36, 37, 38, 40, 41, 42, 43, 44, 45, 48, 55, 57, 65, 66, 68, 71, 73, 75, 76, 77, 78, 79, 80, 82, 84, 85, 86, 88, 89, 90, 92, 96, 97, 99, 100, 104, 105, 108, 109, 110, 111, 112, 113, 114, 115]) )
                                                  )
                                                )
                                              )
                                            )
                                          )
                                        )
                                        ( Nucleus (span: 114 119)
                                          ( Nucleus (span: 114 115)
                                            ( Nucleus (leaf: 114) (text: ) (vein: [1, 2, 3, 4, 5, 6, 12, 13, 14, 16, 19, 21, 23, 24, 26, 29, 30, 32, 36, 37, 38, 40, 41, 42, 43, 44, 45, 48, 55, 57, 65, 66, 68, 71, 73, 75, 76, 77, 78, 79, 80, 82, 83, 84, 85, 86, 87, 88, 89, 90, 92, 94, 96, 97, 98, 99, 100, 104, 105, 108, 109, 114, 115]) )
                                            ( Nucleus (leaf: 115) (text: ) (vein: [1, 2, 3, 4, 5, 6, 12, 13, 14, 16, 19, 21, 23, 24, 26, 29, 30, 32, 36, 37, 38, 40, 41, 42, 43, 44, 45, 48, 55, 57, 65, 66, 68, 71, 73, 75, 76, 77, 78, 79, 80, 82, 83, 84, 85, 86, 87, 88, 89, 90, 92, 94, 96, 97, 98, 99, 100, 104, 105, 108, 109, 114, 115]) )
                                          )
                                          ( Sattelite (span: 116 119)
                                            ( Nucleus (span: 116 117)
                                              ( Nucleus (leaf: 116) (text: ) (vein: [1, 2, 3, 4, 5, 6, 12, 13, 14, 16, 19, 21, 23, 24, 26, 29, 30, 32, 36, 37, 38, 40, 41, 42, 43, 44, 45, 48, 55, 57, 65, 66, 68, 71, 73, 75, 76, 77, 78, 79, 80, 82, 84, 85, 86, 88, 89, 90, 92, 96, 97, 99, 100, 104, 105, 108, 109, 114, 115, 116]) )
                                              ( Sattelite (leaf: 117) (text: ) (vein: [1, 2, 3, 4, 5, 6, 12, 13, 14, 16, 19, 21, 23, 24, 26, 29, 30, 32, 36, 37, 38, 40, 41, 42, 43, 44, 45, 48, 55, 57, 65, 66, 68, 71, 73, 75, 76, 77, 78, 79, 80, 82, 84, 85, 86, 88, 89, 90, 92, 96, 97, 99, 100, 104, 105, 108, 109, 114, 115, 116, 117]) )
                                            )
                                            ( Sattelite (span: 118 119)
                                              ( Nucleus (leaf: 118) (text: ) (vein: [1, 2, 3, 4, 5, 6, 12, 13, 14, 16, 19, 21, 23, 24, 26, 29, 30, 32, 36, 37, 38, 40, 41, 42, 43, 44, 45, 48, 55, 57, 65, 66, 68, 71, 73, 75, 76, 77, 78, 79, 80, 82, 84, 85, 86, 88, 89, 90, 92, 96, 97, 99, 100, 104, 105, 108, 109, 114, 115, 116, 118]) )
                                              ( Sattelite (leaf: 119) (text: ) (vein: [1, 2, 3, 4, 5, 6, 12, 13, 14, 16, 19, 21, 23, 24, 26, 29, 30, 32, 36, 37, 38, 40, 41, 42, 43, 44, 45, 48, 55, 57, 65, 66, 68, 71, 73, 75, 76, 77, 78, 79, 80, 82, 84, 85, 86, 88, 89, 90, 92, 96, 97, 99, 100, 104, 105, 108, 109, 114, 115, 116, 118, 119]) )
                                            )
                                          )
                                        )
                                      )
                                    )
                                  )
                                )
                              )
                            )
                          )
                        )
                      )
                    )
                  )
                )
              )
              ( Sattelite (span: 120 152)
                ( Nucleus (span: 120 146)
                  ( Nucleus (span: 120 121)
                    ( Nucleus (leaf: 120) (text: ) (vein: [1, 2, 3, 4, 5, 6, 12, 13, 14, 16, 19, 21, 23, 24, 26, 29, 30, 32, 36, 37, 38, 40, 41, 42, 43, 44, 45, 48, 55, 57, 65, 66, 68, 71, 73, 75, 76, 77, 78, 79, 80, 82, 84, 85, 86, 88, 89, 90, 92, 96, 97, 99, 100, 104, 105, 108, 109, 114, 115, 120, 121, 122, 123, 125, 126, 128, 129, 130, 134, 135]) )
                    ( Nucleus (leaf: 121) (text: ) (vein: [1, 2, 3, 4, 5, 6, 12, 13, 14, 16, 19, 21, 23, 24, 26, 29, 30, 32, 36, 37, 38, 40, 41, 42, 43, 44, 45, 48, 55, 57, 65, 66, 68, 71, 73, 75, 76, 77, 78, 79, 80, 82, 84, 85, 86, 88, 89, 90, 92, 96, 97, 99, 100, 104, 105, 108, 109, 114, 115, 120, 121, 122, 123, 125, 126, 128, 129, 130, 134, 135]) )
                  )
                  ( Nucleus (span: 122 146)
                    ( Nucleus (leaf: 122) (text: ) (vein: [1, 2, 3, 4, 5, 6, 12, 13, 14, 16, 19, 21, 23, 24, 26, 29, 30, 32, 36, 37, 38, 40, 41, 42, 43, 44, 45, 48, 55, 57, 65, 66, 68, 71, 73, 75, 76, 77, 78, 79, 80, 82, 84, 85, 86, 88, 89, 90, 92, 96, 97, 99, 100, 104, 105, 108, 109, 114, 115, 120, 121, 122, 123, 125, 126, 128, 129, 130, 134, 135]) )
                    ( Nucleus (span: 123 146)
                      ( Nucleus (span: 123 125)
                        ( Nucleus (leaf: 123) (text: ) (vein: [1, 2, 3, 4, 5, 6, 12, 13, 14, 16, 19, 21, 23, 24, 26, 29, 30, 32, 36, 37, 38, 40, 41, 42, 43, 44, 45, 48, 55, 57, 65, 66, 68, 71, 73, 75, 76, 77, 78, 79, 80, 82, 84, 85, 86, 88, 89, 90, 92, 96, 97, 99, 100, 104, 105, 108, 109, 114, 115, 120, 121, 122, 123, 125, 126, 128, 129, 130, 134, 135]) )
                        ( Nucleus (span: 124 125)
                          ( Sattelite (leaf: 124) (text: ) (vein: [1, 2, 3, 4, 5, 6, 12, 13, 14, 16, 19, 21, 23, 24, 26, 29, 30, 32, 36, 37, 38, 40, 41, 42, 43, 44, 45, 48, 55, 57, 65, 66, 68, 71, 73, 75, 76, 77, 78, 79, 80, 82, 84, 85, 86, 88, 89, 90, 92, 96, 97, 99, 100, 104, 105, 108, 109, 114, 115, 120, 121, 122, 123, 124, 125, 126, 128, 129, 130, 134, 135]) )
                          ( Nucleus (leaf: 125) (text: ) (vein: [1, 2, 3, 4, 5, 6, 12, 13, 14, 16, 19, 21, 23, 24, 26, 29, 30, 32, 36, 37, 38, 40, 41, 42, 43, 44, 45, 48, 55, 57, 65, 66, 68, 71, 73, 75, 76, 77, 78, 79, 80, 82, 84, 85, 86, 88, 89, 90, 92, 96, 97, 99, 100, 104, 105, 108, 109, 114, 115, 120, 121, 122, 123, 124, 125, 126, 128, 129, 130, 134, 135]) )
                        )
                      )
                      ( Nucleus (span: 126 146)
                        ( Nucleus (span: 126 128)
                          ( Nucleus (leaf: 126) (text: ) (vein: [1, 2, 3, 4, 5, 6, 12, 13, 14, 16, 19, 21, 23, 24, 26, 29, 30, 32, 36, 37, 38, 40, 41, 42, 43, 44, 45, 48, 55, 57, 65, 66, 68, 71, 73, 75, 76, 77, 78, 79, 80, 82, 84, 85, 86, 88, 89, 90, 92, 96, 97, 99, 100, 104, 105, 108, 109, 114, 115, 120, 121, 122, 123, 125, 126, 128, 129, 130, 134, 135]) )
                          ( Nucleus (span: 127 128)
                            ( Sattelite (leaf: 127) (text: ) (vein: [1, 2, 3, 4, 5, 6, 12, 13, 14, 16, 19, 21, 23, 24, 26, 29, 30, 32, 36, 37, 38, 40, 41, 42, 43, 44, 45, 48, 55, 57, 65, 66, 68, 71, 73, 75, 76, 77, 78, 79, 80, 82, 84, 85, 86, 88, 89, 90, 92, 96, 97, 99, 100, 104, 105, 108, 109, 114, 115, 120, 121, 122, 123, 125, 126, 127, 128, 129, 130, 134, 135]) )
                            ( Nucleus (leaf: 128) (text: ) (vein: [1, 2, 3, 4, 5, 6, 12, 13, 14, 16, 19, 21, 23, 24, 26, 29, 30, 32, 36, 37, 38, 40, 41, 42, 43, 44, 45, 48, 55, 57, 65, 66, 68, 71, 73, 75, 76, 77, 78, 79, 80, 82, 84, 85, 86, 88, 89, 90, 92, 96, 97, 99, 100, 104, 105, 108, 109, 114, 115, 120, 121, 122, 123, 125, 126, 127, 128, 129, 130, 134, 135]) )
                          )
                        )
                        ( Nucleus (span: 129 146)
                          ( Nucleus (span: 129 130)
                            ( Nucleus (leaf: 129) (text: ) (vein: [1, 2, 3, 4, 5, 6, 12, 13, 14, 16, 19, 21, 23, 24, 26, 29, 30, 32, 36, 37, 38, 40, 41, 42, 43, 44, 45, 48, 55, 57, 65, 66, 68, 71, 73, 75, 76, 77, 78, 79, 80, 82, 84, 85, 86, 88, 89, 90, 92, 96, 97, 99, 100, 104, 105, 108, 109, 114, 115, 120, 121, 122, 123, 125, 126, 128, 129, 130, 134, 135]) )
                            ( Nucleus (leaf: 130) (text: ) (vein: [1, 2, 3, 4, 5, 6, 12, 13, 14, 16, 19, 21, 23, 24, 26, 29, 30, 32, 36, 37, 38, 40, 41, 42, 43, 44, 45, 48, 55, 57, 65, 66, 68, 71, 73, 75, 76, 77, 78, 79, 80, 82, 84, 85, 86, 88, 89, 90, 92, 96, 97, 99, 100, 104, 105, 108, 109, 114, 115, 120, 121, 122, 123, 125, 126, 128, 129, 130, 134, 135]) )
                          )
                          ( Nucleus (span: 131 146)
                            ( Sattelite (span: 131 132)
                              ( Nucleus (leaf: 131) (text: ) (vein: [1, 2, 3, 4, 5, 6, 12, 13, 14, 16, 19, 21, 23, 24, 26, 29, 30, 32, 36, 37, 38, 40, 41, 42, 43, 44, 45, 48, 55, 57, 65, 66, 68, 71, 73, 75, 76, 77, 78, 79, 80, 82, 84, 85, 86, 88, 89, 90, 92, 96, 97, 99, 100, 104, 105, 108, 109, 114, 115, 120, 121, 122, 123, 125, 126, 128, 129, 130, 131, 132, 134, 135]) )
                              ( Nucleus (leaf: 132) (text: ) (vein: [1, 2, 3, 4, 5, 6, 12, 13, 14, 16, 19, 21, 23, 24, 26, 29, 30, 32, 36, 37, 38, 40, 41, 42, 43, 44, 45, 48, 55, 57, 65, 66, 68, 71, 73, 75, 76, 77, 78, 79, 80, 82, 84, 85, 86, 88, 89, 90, 92, 96, 97, 99, 100, 104, 105, 108, 109, 114, 115, 120, 121, 122, 123, 125, 126, 128, 129, 130, 131, 132, 134, 135]) )
                            )
                            ( Nucleus (span: 133 146)
                              ( Nucleus (span: 133 135)
                                ( Sattelite (leaf: 133) (text: ) (vein: [1, 2, 3, 4, 5, 6, 12, 13, 14, 16, 19, 21, 23, 24, 26, 29, 30, 32, 36, 37, 38, 40, 41, 42, 43, 44, 45, 48, 55, 57, 65, 66, 68, 71, 73, 75, 76, 77, 78, 79, 80, 82, 84, 85, 86, 88, 89, 90, 92, 96, 97, 99, 100, 104, 105, 108, 109, 114, 115, 120, 121, 122, 123, 125, 126, 128, 129, 130, 131, 132, 133, 134, 135]) )
                                ( Nucleus (span: 134 135)
                                  ( Nucleus (leaf: 134) (text: ) (vein: [1, 2, 3, 4, 5, 6, 12, 13, 14, 16, 19, 21, 23, 24, 26, 29, 30, 32, 36, 37, 38, 40, 41, 42, 43, 44, 45, 48, 55, 57, 65, 66, 68, 71, 73, 75, 76, 77, 78, 79, 80, 82, 84, 85, 86, 88, 89, 90, 92, 96, 97, 99, 100, 104, 105, 108, 109, 114, 115, 120, 121, 122, 123, 125, 126, 128, 129, 130, 131, 132, 133, 134, 135]) )
                                  ( Nucleus (leaf: 135) (text: ) (vein: [1, 2, 3, 4, 5, 6, 12, 13, 14, 16, 19, 21, 23, 24, 26, 29, 30, 32, 36, 37, 38, 40, 41, 42, 43, 44, 45, 48, 55, 57, 65, 66, 68, 71, 73, 75, 76, 77, 78, 79, 80, 82, 84, 85, 86, 88, 89, 90, 92, 96, 97, 99, 100, 104, 105, 108, 109, 114, 115, 120, 121, 122, 123, 125, 126, 128, 129, 130, 131, 132, 133, 134, 135]) )
                                )
                              )
                              ( Sattelite (span: 136 146)
                                ( Nucleus (span: 136 137)
                                  ( Nucleus (leaf: 136) (text: ) (vein: [1, 2, 3, 4, 5, 6, 12, 13, 14, 16, 19, 21, 23, 24, 26, 29, 30, 32, 36, 37, 38, 40, 41, 42, 43, 44, 45, 48, 55, 57, 65, 66, 68, 71, 73, 75, 76, 77, 78, 79, 80, 82, 84, 85, 86, 88, 89, 90, 92, 96, 97, 99, 100, 104, 105, 108, 109, 114, 115, 120, 121, 122, 123, 125, 126, 128, 129, 130, 134, 135, 136]) )
                                  ( Sattelite (leaf: 137) (text: ) (vein: [1, 2, 3, 4, 5, 6, 12, 13, 14, 16, 19, 21, 23, 24, 26, 29, 30, 32, 36, 37, 38, 40, 41, 42, 43, 44, 45, 48, 55, 57, 65, 66, 68, 71, 73, 75, 76, 77, 78, 79, 80, 82, 84, 85, 86, 88, 89, 90, 92, 96, 97, 99, 100, 104, 105, 108, 109, 114, 115, 120, 121, 122, 123, 125, 126, 128, 129, 130, 134, 135, 136, 137]) )
                                )
                                ( Sattelite (span: 138 146)
                                  ( Nucleus (span: 138 139)
                                    ( Nucleus (leaf: 138) (text: ) (vein: [1, 2, 3, 4, 5, 6, 12, 13, 14, 16, 19, 21, 23, 24, 26, 29, 30, 32, 36, 37, 38, 40, 41, 42, 43, 44, 45, 48, 55, 57, 65, 66, 68, 71, 73, 75, 76, 77, 78, 79, 80, 82, 84, 85, 86, 88, 89, 90, 92, 96, 97, 99, 100, 104, 105, 108, 109, 114, 115, 120, 121, 122, 123, 125, 126, 128, 129, 130, 134, 135, 136, 138]) )
                                    ( Sattelite (leaf: 139) (text: ) (vein: [1, 2, 3, 4, 5, 6, 12, 13, 14, 16, 19, 21, 23, 24, 26, 29, 30, 32, 36, 37, 38, 40, 41, 42, 43, 44, 45, 48, 55, 57, 65, 66, 68, 71, 73, 75, 76, 77, 78, 79, 80, 82, 84, 85, 86, 88, 89, 90, 92, 96, 97, 99, 100, 104, 105, 108, 109, 114, 115, 120, 121, 122, 123, 125, 126, 128, 129, 130, 134, 135, 136, 138, 139]) )
                                  )
                                  ( Sattelite (span: 140 146)
                                    ( Nucleus (leaf: 140) (text: ) (vein: [1, 2, 3, 4, 5, 6, 12, 13, 14, 16, 19, 21, 23, 24, 26, 29, 30, 32, 36, 37, 38, 40, 41, 42, 43, 44, 45, 48, 55, 57, 65, 66, 68, 71, 73, 75, 76, 77, 78, 79, 80, 82, 84, 85, 86, 88, 89, 90, 92, 96, 97, 99, 100, 104, 105, 108, 109, 114, 115, 120, 121, 122, 123, 125, 126, 128, 129, 130, 134, 135, 136, 138, 140]) )
                                    ( Sattelite (span: 141 146)
                                      ( Nucleus (span: 141 143)
                                        ( Nucleus (leaf: 141) (text: ) (vein: [1, 2, 3, 4, 5, 6, 12, 13, 14, 16, 19, 21, 23, 24, 26, 29, 30, 32, 36, 37, 38, 40, 41, 42, 43, 44, 45, 48, 55, 57, 65, 66, 68, 71, 73, 75, 76, 77, 78, 79, 80, 82, 84, 85, 86, 88, 89, 90, 92, 96, 97, 99, 100, 104, 105, 108, 109, 114, 115, 120, 121, 122, 123, 125, 126, 128, 129, 130, 134, 135, 136, 138, 140, 141, 142]) )
                                        ( Nucleus (span: 142 143)
                                          ( Nucleus (leaf: 142) (text: ) (vein: [1, 2, 3, 4, 5, 6, 12, 13, 14, 16, 19, 21, 23, 24, 26, 29, 30, 32, 36, 37, 38, 40, 41, 42, 43, 44, 45, 48, 55, 57, 65, 66, 68, 71, 73, 75, 76, 77, 78, 79, 80, 82, 84, 85, 86, 88, 89, 90, 92, 96, 97, 99, 100, 104, 105, 108, 109, 114, 115, 120, 121, 122, 123, 125, 126, 128, 129, 130, 134, 135, 136, 138, 140, 141, 142]) )
                                          ( Sattelite (leaf: 143) (text: ) (vein: [1, 2, 3, 4, 5, 6, 12, 13, 14, 16, 19, 21, 23, 24, 26, 29, 30, 32, 36, 37, 38, 40, 41, 42, 43, 44, 45, 48, 55, 57, 65, 66, 68, 71, 73, 75, 76, 77, 78, 79, 80, 82, 84, 85, 86, 88, 89, 90, 92, 96, 97, 99, 100, 104, 105, 108, 109, 114, 115, 120, 121, 122, 123, 125, 126, 128, 129, 130, 134, 135, 136, 138, 140, 141, 142, 143]) )
                                        )
                                      )
                                      ( Sattelite (span: 144 146)
                                        ( Nucleus (leaf: 144) (text: ) (vein: [1, 2, 3, 4, 5, 6, 12, 13, 14, 16, 19, 21, 23, 24, 26, 29, 30, 32, 36, 37, 38, 40, 41, 42, 43, 44, 45, 48, 55, 57, 65, 66, 68, 71, 73, 75, 76, 77, 78, 79, 80, 82, 84, 85, 86, 88, 89, 90, 92, 96, 97, 99, 100, 104, 105, 108, 109, 114, 115, 120, 121, 122, 123, 125, 126, 128, 129, 130, 134, 135, 136, 138, 140, 141, 142, 144, 145]) )
                                        ( Nucleus (span: 145 146)
                                          ( Nucleus (leaf: 145) (text: ) (vein: [1, 2, 3, 4, 5, 6, 12, 13, 14, 16, 19, 21, 23, 24, 26, 29, 30, 32, 36, 37, 38, 40, 41, 42, 43, 44, 45, 48, 55, 57, 65, 66, 68, 71, 73, 75, 76, 77, 78, 79, 80, 82, 84, 85, 86, 88, 89, 90, 92, 96, 97, 99, 100, 104, 105, 108, 109, 114, 115, 120, 121, 122, 123, 125, 126, 128, 129, 130, 134, 135, 136, 138, 140, 141, 142, 144, 145]) )
                                          ( Sattelite (leaf: 146) (text: ) (vein: [1, 2, 3, 4, 5, 6, 12, 13, 14, 16, 19, 21, 23, 24, 26, 29, 30, 32, 36, 37, 38, 40, 41, 42, 43, 44, 45, 48, 55, 57, 65, 66, 68, 71, 73, 75, 76, 77, 78, 79, 80, 82, 84, 85, 86, 88, 89, 90, 92, 96, 97, 99, 100, 104, 105, 108, 109, 114, 115, 120, 121, 122, 123, 125, 126, 128, 129, 130, 134, 135, 136, 138, 140, 141, 142, 144, 145, 146]) )
                                        )
                                      )
                                    )
                                  )
                                )
                              )
                            )
                          )
                        )
                      )
                    )
                  )
                )
                ( Sattelite (span: 147 152)
                  ( Nucleus (span: 147 150)
                    ( Sattelite (leaf: 147) (text: In an effort to motivate the boy into focusing more attention on his schoolwork , ) (vein: [1, 2, 3, 4, 5, 6, 12, 13, 14, 16, 19, 21, 23, 24, 26, 29, 30, 32, 36, 37, 38, 40, 41, 42, 43, 44, 45, 48, 55, 57, 65, 66, 68, 71, 73, 75, 76, 77, 78, 79, 80, 82, 84, 85, 86, 88, 89, 90, 92, 96, 97, 99, 100, 104, 105, 108, 109, 114, 115, 120, 121, 122, 123, 125, 126, 128, 129, 130, 134, 135, 147, 148, 149, 150, 151]) )
                    ( Nucleus (span: 148 150)
                      ( Nucleus (leaf: 148) (text: the father said to his son , ) (vein: [1, 2, 3, 4, 5, 6, 12, 13, 14, 16, 19, 21, 23, 24, 26, 29, 30, 32, 36, 37, 38, 40, 41, 42, 43, 44, 45, 48, 55, 57, 65, 66, 68, 71, 73, 75, 76, 77, 78, 79, 80, 82, 84, 85, 86, 88, 89, 90, 92, 96, 97, 99, 100, 104, 105, 108, 109, 114, 115, 120, 121, 122, 123, 125, 126, 128, 129, 130, 134, 135, 147, 148, 149, 150, 151]) )
                      ( Nucleus (span: 149 150)
                        ( Nucleus (leaf: 149) (text: " When Abe Lincoln was your age , ) (vein: [1, 2, 3, 4, 5, 6, 12, 13, 14, 16, 19, 21, 23, 24, 26, 29, 30, 32, 36, 37, 38, 40, 41, 42, 43, 44, 45, 48, 55, 57, 65, 66, 68, 71, 73, 75, 76, 77, 78, 79, 80, 82, 84, 85, 86, 88, 89, 90, 92, 96, 97, 99, 100, 104, 105, 108, 109, 114, 115, 120, 121, 122, 123, 125, 126, 128, 129, 130, 134, 135, 147, 148, 149, 150, 151]) )
                        ( Nucleus (leaf: 150) (text: he was studying books by the light from the fireplace . " ) (vein: [1, 2, 3, 4, 5, 6, 12, 13, 14, 16, 19, 21, 23, 24, 26, 29, 30, 32, 36, 37, 38, 40, 41, 42, 43, 44, 45, 48, 55, 57, 65, 66, 68, 71, 73, 75, 76, 77, 78, 79, 80, 82, 84, 85, 86, 88, 89, 90, 92, 96, 97, 99, 100, 104, 105, 108, 109, 114, 115, 120, 121, 122, 123, 125, 126, 128, 129, 130, 134, 135, 147, 148, 149, 150, 151]) )
                      )
                    )
                  )
                  ( Nucleus (span: 151 152)
                    ( Nucleus (leaf: 151) (text: And the son 's reply , " Dad , when Abe Lincoln was your age , ) (vein: [1, 2, 3, 4, 5, 6, 12, 13, 14, 16, 19, 21, 23, 24, 26, 29, 30, 32, 36, 37, 38, 40, 41, 42, 43, 44, 45, 48, 55, 57, 65, 66, 68, 71, 73, 75, 76, 77, 78, 79, 80, 82, 84, 85, 86, 88, 89, 90, 92, 96, 97, 99, 100, 104, 105, 108, 109, 114, 115, 120, 121, 122, 123, 125, 126, 128, 129, 130, 134, 135, 148, 149, 150, 151]) )
                    ( Sattelite (leaf: 152) (text: he was The President of The United States ! ! ! " ) (vein: [1, 2, 3, 4, 5, 6, 12, 13, 14, 16, 19, 21, 23, 24, 26, 29, 30, 32, 36, 37, 38, 40, 41, 42, 43, 44, 45, 48, 55, 57, 65, 66, 68, 71, 73, 75, 76, 77, 78, 79, 80, 82, 84, 85, 86, 88, 89, 90, 92, 96, 97, 99, 100, 104, 105, 108, 109, 114, 115, 120, 121, 122, 123, 125, 126, 128, 129, 130, 134, 135, 148, 149, 150, 151, 152]) )
                  )
                )
              )
            )
          )
        )
      )
    )
  )
)

