( Root (0 271 )
  ( Nucleus (span: 0 6)
    ( Nucleus (leaf: 0) (text: ) (vein: [0, 1, 2, 4, 5, 7]) )
    ( Nucleus (span: 1 6)
      ( Nucleus (leaf: 1) (text: ) (vein: [0, 1, 2, 4, 5, 7]) )
      ( Nucleus (span: 2 6)
        ( Nucleus (leaf: 2) (text: ) (vein: [0, 1, 2, 4, 5, 7]) )
        ( Nucleus (span: 3 6)
          ( Sattelite (leaf: 3) (text: ) (vein: [0, 1, 2, 3, 4, 5, 7]) )
          ( Nucleus (span: 4 6)
            ( Nucleus (leaf: 4) (text: ) (vein: [0, 1, 2, 3, 4, 5, 7]) )
            ( Nucleus (span: 5 6)
              ( Nucleus (leaf: 5) (text: ) (vein: [0, 1, 2, 3, 4, 5, 7]) )
              ( Sattelite (leaf: 6) (text: ) (vein: [0, 1, 2, 4, 5, 6, 7]) )
            )
          )
        )
      )
    )
  )
  ( Nucleus (span: 7 271)
    ( Nucleus (span: 7 8)
      ( Nucleus (leaf: 7) (text: ) (vein: [0, 1, 2, 4, 5, 7]) )
      ( Sattelite (leaf: 8) (text: ) (vein: [0, 1, 2, 4, 5, 7, 8]) )
    )
    ( Sattelite (span: 9 271)
      ( Nucleus (span: 9 54)
        ( Sattelite (span: 9 12)
          ( Nucleus (leaf: 9) (text: ) (vein: [0, 1, 2, 4, 5, 7, 9, 13, 27, 29, 30, 33]) )
          ( Sattelite (span: 10 12)
            ( Nucleus (leaf: 10) (text: ) (vein: [0, 1, 2, 4, 5, 7, 9, 10, 13, 27, 29, 30, 33]) )
            ( Sattelite (span: 11 12)
              ( Nucleus (leaf: 11) (text: ) (vein: [0, 1, 2, 4, 5, 7, 9, 10, 11, 13, 27, 29, 30, 33]) )
              ( Sattelite (leaf: 12) (text: ) (vein: [0, 1, 2, 4, 5, 7, 9, 10, 11, 12, 13, 27, 29, 30, 33]) )
            )
          )
        )
        ( Nucleus (span: 13 54)
          ( Nucleus (span: 13 26)
            ( Nucleus (span: 13 14)
              ( Nucleus (leaf: 13) (text: ) (vein: [0, 1, 2, 4, 5, 7, 9, 13, 27, 29, 30, 33]) )
              ( Sattelite (leaf: 14) (text: ) (vein: [0, 1, 2, 4, 5, 7, 13, 14, 27, 29, 30, 33]) )
            )
            ( Sattelite (span: 15 26)
              ( Nucleus (span: 15 17)
                ( Nucleus (leaf: 15) (text: ) (vein: [0, 1, 2, 4, 5, 7, 13, 15, 27, 29, 30, 33]) )
                ( Sattelite (span: 16 17)
                  ( Nucleus (leaf: 16) (text: ) (vein: [0, 1, 2, 4, 5, 7, 13, 15, 16, 17, 27, 29, 30, 33]) )
                  ( Nucleus (leaf: 17) (text: ) (vein: [0, 1, 2, 4, 5, 7, 13, 15, 16, 17, 27, 29, 30, 33]) )
                )
              )
              ( Sattelite (span: 18 26)
                ( Nucleus (span: 18 19)
                  ( Nucleus (leaf: 18) (text: ) (vein: [0, 1, 2, 4, 5, 7, 13, 15, 18, 27, 29, 30, 33]) )
                  ( Sattelite (leaf: 19) (text: ) (vein: [0, 1, 2, 4, 5, 7, 13, 15, 18, 19, 27, 29, 30, 33]) )
                )
                ( Sattelite (span: 20 26)
                  ( Nucleus (leaf: 20) (text: ) (vein: [0, 1, 2, 4, 5, 7, 13, 15, 18, 20, 27, 29, 30, 33]) )
                  ( Sattelite (span: 21 26)
                    ( Nucleus (span: 21 22)
                      ( Nucleus (leaf: 21) (text: ) (vein: [0, 1, 2, 4, 5, 7, 13, 15, 18, 20, 21, 27, 29, 30, 33]) )
                      ( Sattelite (leaf: 22) (text: ) (vein: [0, 1, 2, 4, 5, 7, 13, 15, 18, 20, 21, 22, 27, 29, 30, 33]) )
                    )
                    ( Sattelite (span: 23 26)
                      ( Nucleus (leaf: 23) (text: ) (vein: [0, 1, 2, 4, 5, 7, 13, 15, 18, 20, 21, 23, 27, 29, 30, 33]) )
                      ( Sattelite (span: 24 26)
                        ( Nucleus (span: 24 25)
                          ( Nucleus (leaf: 24) (text: ) (vein: [0, 1, 2, 4, 5, 7, 13, 15, 18, 20, 21, 23, 24, 25, 27, 29, 30, 33]) )
                          ( Nucleus (leaf: 25) (text: ) (vein: [0, 1, 2, 4, 5, 7, 13, 15, 18, 20, 21, 23, 24, 25, 27, 29, 30, 33]) )
                        )
                        ( Sattelite (leaf: 26) (text: ) (vein: [0, 1, 2, 4, 5, 7, 13, 15, 18, 20, 21, 23, 24, 25, 26, 27, 29, 30, 33]) )
                      )
                    )
                  )
                )
              )
            )
          )
          ( Nucleus (span: 27 54)
            ( Nucleus (leaf: 27) (text: ) (vein: [0, 1, 2, 4, 5, 7, 9, 13, 27, 29, 30, 33]) )
            ( Nucleus (span: 28 54)
              ( Sattelite (leaf: 28) (text: ) (vein: [0, 1, 2, 4, 5, 7, 9, 13, 27, 28, 29, 30, 33]) )
              ( Nucleus (span: 29 54)
                ( Nucleus (span: 29 34)
                  ( Nucleus (leaf: 29) (text: ) (vein: [0, 1, 2, 4, 5, 7, 9, 13, 27, 28, 29, 30, 33]) )
                  ( Nucleus (span: 30 34)
                    ( Nucleus (span: 30 32)
                      ( Nucleus (leaf: 30) (text: ) (vein: [0, 1, 2, 4, 5, 7, 9, 13, 27, 28, 29, 30, 33]) )
                      ( Sattelite (span: 31 32)
                        ( Nucleus (leaf: 31) (text: ) (vein: [0, 1, 2, 4, 5, 7, 13, 27, 29, 30, 31, 32, 33]) )
                        ( Nucleus (leaf: 32) (text: ) (vein: [0, 1, 2, 4, 5, 7, 13, 27, 29, 30, 31, 32, 33]) )
                      )
                    )
                    ( Nucleus (span: 33 34)
                      ( Nucleus (leaf: 33) (text: ) (vein: [0, 1, 2, 4, 5, 7, 9, 13, 27, 28, 29, 30, 33]) )
                      ( Sattelite (leaf: 34) (text: ) (vein: [0, 1, 2, 4, 5, 7, 13, 27, 29, 30, 33, 34]) )
                    )
                  )
                )
                ( Sattelite (span: 35 54)
                  ( Nucleus (span: 35 36)
                    ( Nucleus (leaf: 35) (text: ) (vein: [0, 1, 2, 4, 5, 7, 13, 27, 29, 30, 33, 35]) )
                    ( Sattelite (leaf: 36) (text: ) (vein: [0, 1, 2, 4, 5, 7, 13, 27, 29, 30, 33, 35, 36]) )
                  )
                  ( Sattelite (span: 37 54)
                    ( Nucleus (leaf: 37) (text: ) (vein: [0, 1, 2, 4, 5, 7, 13, 27, 29, 30, 33, 35, 37]) )
                    ( Sattelite (span: 38 54)
                      ( Nucleus (span: 38 41)
                        ( Nucleus (leaf: 38) (text: ) (vein: [0, 1, 2, 4, 5, 7, 13, 27, 29, 30, 33, 35, 37, 38]) )
                        ( Sattelite (span: 39 41)
                          ( Nucleus (leaf: 39) (text: ) (vein: [0, 1, 2, 4, 5, 7, 13, 27, 29, 30, 33, 35, 37, 38, 39]) )
                          ( Sattelite (span: 40 41)
                            ( Nucleus (leaf: 40) (text: ) (vein: [0, 1, 2, 4, 5, 7, 13, 27, 29, 30, 33, 35, 37, 38, 39, 40]) )
                            ( Sattelite (leaf: 41) (text: ) (vein: [0, 1, 2, 4, 5, 7, 13, 27, 29, 30, 33, 35, 37, 38, 39, 40, 41]) )
                          )
                        )
                      )
                      ( Sattelite (span: 42 54)
                        ( Nucleus (leaf: 42) (text: ) (vein: [0, 1, 2, 4, 5, 7, 13, 27, 29, 30, 33, 35, 37, 38, 42]) )
                        ( Sattelite (span: 43 54)
                          ( Nucleus (span: 43 44)
                            ( Nucleus (leaf: 43) (text: ) (vein: [0, 1, 2, 4, 5, 7, 13, 27, 29, 30, 33, 35, 37, 38, 42, 43]) )
                            ( Sattelite (leaf: 44) (text: ) (vein: [0, 1, 2, 4, 5, 7, 13, 27, 29, 30, 33, 35, 37, 38, 42, 43, 44]) )
                          )
                          ( Sattelite (span: 45 54)
                            ( Nucleus (span: 45 46)
                              ( Nucleus (leaf: 45) (text: ) (vein: [0, 1, 2, 4, 5, 7, 13, 27, 29, 30, 33, 35, 37, 38, 42, 43, 45, 46]) )
                              ( Nucleus (leaf: 46) (text: ) (vein: [0, 1, 2, 4, 5, 7, 13, 27, 29, 30, 33, 35, 37, 38, 42, 43, 45, 46]) )
                            )
                            ( Sattelite (span: 47 54)
                              ( Nucleus (leaf: 47) (text: ) (vein: [0, 1, 2, 4, 5, 7, 13, 27, 29, 30, 33, 35, 37, 38, 42, 43, 45, 46, 47]) )
                              ( Sattelite (span: 48 54)
                                ( Nucleus (span: 48 49)
                                  ( Nucleus (leaf: 48) (text: ) (vein: [0, 1, 2, 4, 5, 7, 13, 27, 29, 30, 33, 35, 37, 38, 42, 43, 45, 46, 47, 48]) )
                                  ( Sattelite (leaf: 49) (text: ) (vein: [0, 1, 2, 4, 5, 7, 13, 27, 29, 30, 33, 35, 37, 38, 42, 43, 45, 46, 47, 48, 49]) )
                                )
                                ( Sattelite (span: 50 54)
                                  ( Nucleus (leaf: 50) (text: ) (vein: [0, 1, 2, 4, 5, 7, 13, 27, 29, 30, 33, 35, 37, 38, 42, 43, 45, 46, 47, 48, 50]) )
                                  ( Sattelite (span: 51 54)
                                    ( Nucleus (leaf: 51) (text: ) (vein: [0, 1, 2, 4, 5, 7, 13, 27, 29, 30, 33, 35, 37, 38, 42, 43, 45, 46, 47, 48, 50, 51]) )
                                    ( Sattelite (span: 52 54)
                                      ( Nucleus (leaf: 52) (text: ) (vein: [0, 1, 2, 4, 5, 7, 13, 27, 29, 30, 33, 35, 37, 38, 42, 43, 45, 46, 47, 48, 50, 51, 52]) )
                                      ( Sattelite (span: 53 54)
                                        ( Nucleus (leaf: 53) (text: ) (vein: [0, 1, 2, 4, 5, 7, 13, 27, 29, 30, 33, 35, 37, 38, 42, 43, 45, 46, 47, 48, 50, 51, 52, 53, 54]) )
                                        ( Nucleus (leaf: 54) (text: ) (vein: [0, 1, 2, 4, 5, 7, 13, 27, 29, 30, 33, 35, 37, 38, 42, 43, 45, 46, 47, 48, 50, 51, 52, 53, 54]) )
                                      )
                                    )
                                  )
                                )
                              )
                            )
                          )
                        )
                      )
                    )
                  )
                )
              )
            )
          )
        )
      )
      ( Sattelite (span: 55 271)
        ( Nucleus (span: 55 60)
          ( Nucleus (span: 55 56)
            ( Sattelite (leaf: 55) (text: ) (vein: [0, 1, 2, 4, 5, 7, 13, 27, 29, 30, 33, 55, 56]) )
            ( Nucleus (leaf: 56) (text: ) (vein: [0, 1, 2, 4, 5, 7, 13, 27, 29, 30, 33, 55, 56]) )
          )
          ( Sattelite (span: 57 60)
            ( Nucleus (span: 57 58)
              ( Nucleus (leaf: 57) (text: ) (vein: [0, 1, 2, 4, 5, 7, 13, 27, 29, 30, 33, 56, 57]) )
              ( Sattelite (leaf: 58) (text: ) (vein: [0, 1, 2, 4, 5, 7, 13, 27, 29, 30, 33, 56, 57, 58]) )
            )
            ( Sattelite (span: 59 60)
              ( Nucleus (leaf: 59) (text: ) (vein: [0, 1, 2, 4, 5, 7, 13, 27, 29, 30, 33, 56, 57, 59, 60]) )
              ( Nucleus (leaf: 60) (text: ) (vein: [0, 1, 2, 4, 5, 7, 13, 27, 29, 30, 33, 56, 57, 59, 60]) )
            )
          )
        )
        ( Sattelite (span: 61 271)
          ( Nucleus (span: 61 75)
            ( Nucleus (leaf: 61) (text: ) (vein: [0, 1, 2, 4, 5, 7, 13, 27, 29, 30, 33, 56, 61, 62, 63, 66, 68]) )
            ( Nucleus (span: 62 75)
              ( Nucleus (leaf: 62) (text: ) (vein: [0, 1, 2, 4, 5, 7, 13, 27, 29, 30, 33, 56, 61, 62, 63, 66, 68]) )
              ( Nucleus (span: 63 75)
                ( Nucleus (span: 63 65)
                  ( Nucleus (span: 63 64)
                    ( Nucleus (leaf: 63) (text: ) (vein: [0, 1, 2, 4, 5, 7, 13, 27, 29, 30, 33, 56, 61, 62, 63, 66, 68]) )
                    ( Sattelite (leaf: 64) (text: ) (vein: [0, 1, 2, 4, 5, 7, 13, 27, 29, 30, 33, 56, 61, 62, 63, 64, 66, 68]) )
                  )
                  ( Sattelite (leaf: 65) (text: ) (vein: [0, 1, 2, 4, 5, 7, 13, 27, 29, 30, 33, 56, 61, 62, 63, 65, 66, 68]) )
                )
                ( Nucleus (span: 66 75)
                  ( Nucleus (span: 66 67)
                    ( Nucleus (leaf: 66) (text: ) (vein: [0, 1, 2, 4, 5, 7, 13, 27, 29, 30, 33, 56, 61, 62, 63, 66, 68]) )
                    ( Sattelite (leaf: 67) (text: ) (vein: [0, 1, 2, 4, 5, 7, 13, 27, 29, 30, 33, 56, 61, 62, 63, 66, 67, 68]) )
                  )
                  ( Nucleus (span: 68 75)
                    ( Nucleus (leaf: 68) (text: ) (vein: [0, 1, 2, 4, 5, 7, 13, 27, 29, 30, 33, 56, 61, 62, 63, 66, 68]) )
                    ( Sattelite (span: 69 75)
                      ( Nucleus (leaf: 69) (text: ) (vein: [0, 1, 2, 4, 5, 7, 13, 27, 29, 30, 33, 56, 61, 62, 63, 66, 68, 69]) )
                      ( Sattelite (span: 70 75)
                        ( Nucleus (span: 70 72)
                          ( Nucleus (leaf: 70) (text: ) (vein: [0, 1, 2, 4, 5, 7, 13, 27, 29, 30, 33, 56, 61, 62, 63, 66, 68, 69, 70]) )
                          ( Sattelite (span: 71 72)
                            ( Nucleus (leaf: 71) (text: ) (vein: [0, 1, 2, 4, 5, 7, 13, 27, 29, 30, 33, 56, 61, 62, 63, 66, 68, 69, 70, 71]) )
                            ( Sattelite (leaf: 72) (text: ) (vein: [0, 1, 2, 4, 5, 7, 13, 27, 29, 30, 33, 56, 61, 62, 63, 66, 68, 69, 70, 71, 72]) )
                          )
                        )
                        ( Sattelite (span: 73 75)
                          ( Nucleus (span: 73 74)
                            ( Nucleus (leaf: 73) (text: ) (vein: [0, 1, 2, 4, 5, 7, 13, 27, 29, 30, 33, 56, 61, 62, 63, 66, 68, 69, 70, 73]) )
                            ( Sattelite (leaf: 74) (text: ) (vein: [0, 1, 2, 4, 5, 7, 13, 27, 29, 30, 33, 56, 61, 62, 63, 66, 68, 69, 70, 73, 74]) )
                          )
                          ( Sattelite (leaf: 75) (text: ) (vein: [0, 1, 2, 4, 5, 7, 13, 27, 29, 30, 33, 56, 61, 62, 63, 66, 68, 69, 70, 73, 75]) )
                        )
                      )
                    )
                  )
                )
              )
            )
          )
          ( Sattelite (span: 76 271)
            ( Nucleus (span: 76 90)
              ( Nucleus (leaf: 76) (text: ) (vein: [0, 1, 2, 4, 5, 7, 13, 27, 29, 30, 33, 56, 61, 62, 63, 66, 68, 76, 77, 78, 80, 82, 83, 86, 87, 88]) )
              ( Nucleus (span: 77 90)
                ( Nucleus (span: 77 78)
                  ( Nucleus (leaf: 77) (text: ) (vein: [0, 1, 2, 4, 5, 7, 13, 27, 29, 30, 33, 56, 61, 62, 63, 66, 68, 76, 77, 78, 80, 82, 83, 86, 87, 88]) )
                  ( Nucleus (leaf: 78) (text: ) (vein: [0, 1, 2, 4, 5, 7, 13, 27, 29, 30, 33, 56, 61, 62, 63, 66, 68, 76, 77, 78, 80, 82, 83, 86, 87, 88]) )
                )
                ( Nucleus (span: 79 90)
                  ( Sattelite (leaf: 79) (text: ) (vein: [0, 1, 2, 4, 5, 7, 13, 27, 29, 30, 33, 56, 61, 62, 63, 66, 68, 76, 77, 78, 79, 80, 82, 83, 86, 87, 88]) )
                  ( Nucleus (span: 80 90)
                    ( Nucleus (span: 80 81)
                      ( Nucleus (leaf: 80) (text: ) (vein: [0, 1, 2, 4, 5, 7, 13, 27, 29, 30, 33, 56, 61, 62, 63, 66, 68, 76, 77, 78, 79, 80, 82, 83, 86, 87, 88]) )
                      ( Sattelite (leaf: 81) (text: ) (vein: [0, 1, 2, 4, 5, 7, 13, 27, 29, 30, 33, 56, 61, 62, 63, 66, 68, 76, 77, 78, 80, 81, 82, 83, 86, 87, 88]) )
                    )
                    ( Nucleus (span: 82 90)
                      ( Nucleus (span: 82 84)
                        ( Nucleus (leaf: 82) (text: ) (vein: [0, 1, 2, 4, 5, 7, 13, 27, 29, 30, 33, 56, 61, 62, 63, 66, 68, 76, 77, 78, 79, 80, 82, 83, 86, 87, 88]) )
                        ( Nucleus (span: 83 84)
                          ( Nucleus (leaf: 83) (text: ) (vein: [0, 1, 2, 4, 5, 7, 13, 27, 29, 30, 33, 56, 61, 62, 63, 66, 68, 76, 77, 78, 79, 80, 82, 83, 86, 87, 88]) )
                          ( Sattelite (leaf: 84) (text: ) (vein: [0, 1, 2, 4, 5, 7, 13, 27, 29, 30, 33, 56, 61, 62, 63, 66, 68, 76, 77, 78, 80, 82, 83, 84, 86, 87, 88]) )
                        )
                      )
                      ( Nucleus (span: 85 90)
                        ( Nucleus (span: 85 86)
                          ( Sattelite (leaf: 85) (text: ) (vein: [0, 1, 2, 4, 5, 7, 13, 27, 29, 30, 33, 56, 61, 62, 63, 66, 68, 76, 77, 78, 79, 80, 82, 83, 85, 86, 87, 88]) )
                          ( Nucleus (leaf: 86) (text: ) (vein: [0, 1, 2, 4, 5, 7, 13, 27, 29, 30, 33, 56, 61, 62, 63, 66, 68, 76, 77, 78, 79, 80, 82, 83, 85, 86, 87, 88]) )
                        )
                        ( Nucleus (span: 87 90)
                          ( Nucleus (span: 87 88)
                            ( Nucleus (leaf: 87) (text: ) (vein: [0, 1, 2, 4, 5, 7, 13, 27, 29, 30, 33, 56, 61, 62, 63, 66, 68, 76, 77, 78, 79, 80, 82, 83, 86, 87, 88]) )
                            ( Nucleus (leaf: 88) (text: ) (vein: [0, 1, 2, 4, 5, 7, 13, 27, 29, 30, 33, 56, 61, 62, 63, 66, 68, 76, 77, 78, 79, 80, 82, 83, 86, 87, 88]) )
                          )
                          ( Sattelite (span: 89 90)
                            ( Nucleus (leaf: 89) (text: ) (vein: [0, 1, 2, 4, 5, 7, 13, 27, 29, 30, 33, 56, 61, 62, 63, 66, 68, 76, 77, 78, 80, 82, 83, 86, 87, 88, 89]) )
                            ( Sattelite (leaf: 90) (text: ) (vein: [0, 1, 2, 4, 5, 7, 13, 27, 29, 30, 33, 56, 61, 62, 63, 66, 68, 76, 77, 78, 80, 82, 83, 86, 87, 88, 89, 90]) )
                          )
                        )
                      )
                    )
                  )
                )
              )
            )
            ( Sattelite (span: 91 271)
              ( Nucleus (span: 91 100)
                ( Nucleus (span: 91 94)
                  ( Nucleus (span: 91 92)
                    ( Nucleus (leaf: 91) (text: ) (vein: [0, 1, 2, 4, 5, 7, 13, 27, 29, 30, 33, 56, 61, 62, 63, 66, 68, 76, 77, 78, 80, 82, 83, 86, 87, 88, 91, 95]) )
                    ( Sattelite (leaf: 92) (text: ) (vein: [0, 1, 2, 4, 5, 7, 13, 27, 29, 30, 33, 56, 61, 62, 63, 66, 68, 76, 77, 78, 80, 82, 83, 86, 87, 88, 91, 92, 95]) )
                  )
                  ( Sattelite (span: 93 94)
                    ( Nucleus (leaf: 93) (text: ) (vein: [0, 1, 2, 4, 5, 7, 13, 27, 29, 30, 33, 56, 61, 62, 63, 66, 68, 76, 77, 78, 80, 82, 83, 86, 87, 88, 91, 93, 95]) )
                    ( Sattelite (leaf: 94) (text: ) (vein: [0, 1, 2, 4, 5, 7, 13, 27, 29, 30, 33, 56, 61, 62, 63, 66, 68, 76, 77, 78, 80, 82, 83, 86, 87, 88, 91, 93, 94, 95]) )
                  )
                )
                ( Nucleus (span: 95 100)
                  ( Nucleus (leaf: 95) (text: ) (vein: [0, 1, 2, 4, 5, 7, 13, 27, 29, 30, 33, 56, 61, 62, 63, 66, 68, 76, 77, 78, 80, 82, 83, 86, 87, 88, 91, 95]) )
                  ( Sattelite (span: 96 100)
                    ( Nucleus (leaf: 96) (text: ) (vein: [0, 1, 2, 4, 5, 7, 13, 27, 29, 30, 33, 56, 61, 62, 63, 66, 68, 76, 77, 78, 80, 82, 83, 86, 87, 88, 91, 95, 96]) )
                    ( Sattelite (span: 97 100)
                      ( Nucleus (leaf: 97) (text: ) (vein: [0, 1, 2, 4, 5, 7, 13, 27, 29, 30, 33, 56, 61, 62, 63, 66, 68, 76, 77, 78, 80, 82, 83, 86, 87, 88, 91, 95, 96, 97]) )
                      ( Sattelite (span: 98 100)
                        ( Nucleus (span: 98 99)
                          ( Nucleus (leaf: 98) (text: ) (vein: [0, 1, 2, 4, 5, 7, 13, 27, 29, 30, 33, 56, 61, 62, 63, 66, 68, 76, 77, 78, 80, 82, 83, 86, 87, 88, 91, 95, 96, 97, 98]) )
                          ( Sattelite (leaf: 99) (text: ) (vein: [0, 1, 2, 4, 5, 7, 13, 27, 29, 30, 33, 56, 61, 62, 63, 66, 68, 76, 77, 78, 80, 82, 83, 86, 87, 88, 91, 95, 96, 97, 98, 99]) )
                        )
                        ( Sattelite (leaf: 100) (text: ) (vein: [0, 1, 2, 4, 5, 7, 13, 27, 29, 30, 33, 56, 61, 62, 63, 66, 68, 76, 77, 78, 80, 82, 83, 86, 87, 88, 91, 95, 96, 97, 98, 100]) )
                      )
                    )
                  )
                )
              )
              ( Sattelite (span: 101 271)
                ( Nucleus (span: 101 104)
                  ( Nucleus (leaf: 101) (text: ) (vein: [0, 1, 2, 4, 5, 7, 13, 27, 29, 30, 33, 56, 61, 62, 63, 66, 68, 76, 77, 78, 80, 82, 83, 86, 87, 88, 91, 95, 101, 102]) )
                  ( Nucleus (span: 102 104)
                    ( Nucleus (span: 102 103)
                      ( Nucleus (leaf: 102) (text: ) (vein: [0, 1, 2, 4, 5, 7, 13, 27, 29, 30, 33, 56, 61, 62, 63, 66, 68, 76, 77, 78, 80, 82, 83, 86, 87, 88, 91, 95, 101, 102]) )
                      ( Sattelite (leaf: 103) (text: ) (vein: [0, 1, 2, 4, 5, 7, 13, 27, 29, 30, 33, 56, 61, 62, 63, 66, 68, 76, 77, 78, 80, 82, 83, 86, 87, 88, 91, 95, 101, 102, 103]) )
                    )
                    ( Sattelite (leaf: 104) (text: ) (vein: [0, 1, 2, 4, 5, 7, 13, 27, 29, 30, 33, 56, 61, 62, 63, 66, 68, 76, 77, 78, 80, 82, 83, 86, 87, 88, 91, 95, 101, 102, 104]) )
                  )
                )
                ( Sattelite (span: 105 271)
                  ( Nucleus (span: 105 111)
                    ( Nucleus (span: 105 107)
                      ( Nucleus (span: 105 106)
                        ( Nucleus (leaf: 105) (text: ) (vein: [0, 1, 2, 4, 5, 7, 13, 27, 29, 30, 33, 56, 61, 62, 63, 66, 68, 76, 77, 78, 80, 82, 83, 86, 87, 88, 91, 95, 101, 102, 105, 107]) )
                        ( Sattelite (leaf: 106) (text: ) (vein: [0, 1, 2, 4, 5, 7, 13, 27, 29, 30, 33, 56, 61, 62, 63, 66, 68, 76, 77, 78, 80, 82, 83, 86, 87, 88, 91, 95, 101, 102, 105, 106, 107]) )
                      )
                      ( Nucleus (leaf: 107) (text: ) (vein: [0, 1, 2, 4, 5, 7, 13, 27, 29, 30, 33, 56, 61, 62, 63, 66, 68, 76, 77, 78, 80, 82, 83, 86, 87, 88, 91, 95, 101, 102, 105, 107]) )
                    )
                    ( Sattelite (span: 108 111)
                      ( Nucleus (leaf: 108) (text: ) (vein: [0, 1, 2, 4, 5, 7, 13, 27, 29, 30, 33, 56, 61, 62, 63, 66, 68, 76, 77, 78, 80, 82, 83, 86, 87, 88, 91, 95, 101, 102, 105, 107, 108, 109]) )
                      ( Nucleus (span: 109 111)
                        ( Nucleus (leaf: 109) (text: ) (vein: [0, 1, 2, 4, 5, 7, 13, 27, 29, 30, 33, 56, 61, 62, 63, 66, 68, 76, 77, 78, 80, 82, 83, 86, 87, 88, 91, 95, 101, 102, 105, 107, 108, 109]) )
                        ( Sattelite (span: 110 111)
                          ( Nucleus (leaf: 110) (text: ) (vein: [0, 1, 2, 4, 5, 7, 13, 27, 29, 30, 33, 56, 61, 62, 63, 66, 68, 76, 77, 78, 80, 82, 83, 86, 87, 88, 91, 95, 101, 102, 105, 107, 108, 109, 110]) )
                          ( Sattelite (leaf: 111) (text: ) (vein: [0, 1, 2, 4, 5, 7, 13, 27, 29, 30, 33, 56, 61, 62, 63, 66, 68, 76, 77, 78, 80, 82, 83, 86, 87, 88, 91, 95, 101, 102, 105, 107, 108, 109, 110, 111]) )
                        )
                      )
                    )
                  )
                  ( Sattelite (span: 112 271)
                    ( Nucleus (span: 112 144)
                      ( Nucleus (leaf: 112) (text: ) (vein: [0, 1, 2, 4, 5, 7, 13, 27, 29, 30, 33, 56, 61, 62, 63, 66, 68, 76, 77, 78, 80, 82, 83, 86, 87, 88, 91, 95, 101, 102, 105, 107, 112, 113, 114, 116, 117, 126, 127, 128, 134, 136, 137, 138, 139, 142]) )
                      ( Nucleus (span: 113 144)
                        ( Nucleus (leaf: 113) (text: ) (vein: [0, 1, 2, 4, 5, 7, 13, 27, 29, 30, 33, 56, 61, 62, 63, 66, 68, 76, 77, 78, 80, 82, 83, 86, 87, 88, 91, 95, 101, 102, 105, 107, 112, 113, 114, 116, 117, 126, 127, 128, 134, 136, 137, 138, 139, 142]) )
                        ( Nucleus (span: 114 144)
                          ( Nucleus (span: 114 115)
                            ( Nucleus (leaf: 114) (text: ) (vein: [0, 1, 2, 4, 5, 7, 13, 27, 29, 30, 33, 56, 61, 62, 63, 66, 68, 76, 77, 78, 80, 82, 83, 86, 87, 88, 91, 95, 101, 102, 105, 107, 112, 113, 114, 116, 117, 126, 127, 128, 134, 136, 137, 138, 139, 142]) )
                            ( Sattelite (leaf: 115) (text: ) (vein: [0, 1, 2, 4, 5, 7, 13, 27, 29, 30, 33, 56, 61, 62, 63, 66, 68, 76, 77, 78, 80, 82, 83, 86, 87, 88, 91, 95, 101, 102, 105, 107, 112, 113, 114, 115, 116, 117, 126, 127, 128, 134, 136, 137, 138, 139, 142]) )
                          )
                          ( Nucleus (span: 116 144)
                            ( Nucleus (span: 116 125)
                              ( Nucleus (span: 116 117)
                                ( Nucleus (leaf: 116) (text: ) (vein: [0, 1, 2, 4, 5, 7, 13, 27, 29, 30, 33, 56, 61, 62, 63, 66, 68, 76, 77, 78, 80, 82, 83, 86, 87, 88, 91, 95, 101, 102, 105, 107, 112, 113, 114, 116, 117, 126, 127, 128, 134, 136, 137, 138, 139, 142]) )
                                ( Nucleus (leaf: 117) (text: ) (vein: [0, 1, 2, 4, 5, 7, 13, 27, 29, 30, 33, 56, 61, 62, 63, 66, 68, 76, 77, 78, 80, 82, 83, 86, 87, 88, 91, 95, 101, 102, 105, 107, 112, 113, 114, 116, 117, 126, 127, 128, 134, 136, 137, 138, 139, 142]) )
                              )
                              ( Sattelite (span: 118 125)
                                ( Nucleus (span: 118 120)
                                  ( Nucleus (leaf: 118) (text: ) (vein: [0, 1, 2, 4, 5, 7, 13, 27, 29, 30, 33, 56, 61, 62, 63, 66, 68, 76, 77, 78, 80, 82, 83, 86, 87, 88, 91, 95, 101, 102, 105, 107, 112, 113, 114, 116, 117, 118, 126, 127, 128, 134, 136, 137, 138, 139, 142]) )
                                  ( Sattelite (span: 119 120)
                                    ( Nucleus (leaf: 119) (text: ) (vein: [0, 1, 2, 4, 5, 7, 13, 27, 29, 30, 33, 56, 61, 62, 63, 66, 68, 76, 77, 78, 80, 82, 83, 86, 87, 88, 91, 95, 101, 102, 105, 107, 112, 113, 114, 116, 117, 118, 119, 126, 127, 128, 134, 136, 137, 138, 139, 142]) )
                                    ( Sattelite (leaf: 120) (text: ) (vein: [0, 1, 2, 4, 5, 7, 13, 27, 29, 30, 33, 56, 61, 62, 63, 66, 68, 76, 77, 78, 80, 82, 83, 86, 87, 88, 91, 95, 101, 102, 105, 107, 112, 113, 114, 116, 117, 118, 119, 120, 126, 127, 128, 134, 136, 137, 138, 139, 142]) )
                                  )
                                )
                                ( Sattelite (span: 121 125)
                                  ( Nucleus (leaf: 121) (text: ) (vein: [0, 1, 2, 4, 5, 7, 13, 27, 29, 30, 33, 56, 61, 62, 63, 66, 68, 76, 77, 78, 80, 82, 83, 86, 87, 88, 91, 95, 101, 102, 105, 107, 112, 113, 114, 116, 117, 118, 121, 126, 127, 128, 134, 136, 137, 138, 139, 142]) )
                                  ( Sattelite (span: 122 125)
                                    ( Nucleus (leaf: 122) (text: ) (vein: [0, 1, 2, 4, 5, 7, 13, 27, 29, 30, 33, 56, 61, 62, 63, 66, 68, 76, 77, 78, 80, 82, 83, 86, 87, 88, 91, 95, 101, 102, 105, 107, 112, 113, 114, 116, 117, 118, 121, 122, 126, 127, 128, 134, 136, 137, 138, 139, 142]) )
                                    ( Sattelite (span: 123 125)
                                      ( Nucleus (leaf: 123) (text: ) (vein: [0, 1, 2, 4, 5, 7, 13, 27, 29, 30, 33, 56, 61, 62, 63, 66, 68, 76, 77, 78, 80, 82, 83, 86, 87, 88, 91, 95, 101, 102, 105, 107, 112, 113, 114, 116, 117, 118, 121, 122, 123, 126, 127, 128, 134, 136, 137, 138, 139, 142]) )
                                      ( Sattelite (span: 124 125)
                                        ( Nucleus (leaf: 124) (text: ) (vein: [0, 1, 2, 4, 5, 7, 13, 27, 29, 30, 33, 56, 61, 62, 63, 66, 68, 76, 77, 78, 80, 82, 83, 86, 87, 88, 91, 95, 101, 102, 105, 107, 112, 113, 114, 116, 117, 118, 121, 122, 123, 124, 126, 127, 128, 134, 136, 137, 138, 139, 142]) )
                                        ( Sattelite (leaf: 125) (text: ) (vein: [0, 1, 2, 4, 5, 7, 13, 27, 29, 30, 33, 56, 61, 62, 63, 66, 68, 76, 77, 78, 80, 82, 83, 86, 87, 88, 91, 95, 101, 102, 105, 107, 112, 113, 114, 116, 117, 118, 121, 122, 123, 124, 125, 126, 127, 128, 134, 136, 137, 138, 139, 142]) )
                                      )
                                    )
                                  )
                                )
                              )
                            )
                            ( Nucleus (span: 126 144)
                              ( Nucleus (span: 126 133)
                                ( Nucleus (span: 126 128)
                                  ( Nucleus (leaf: 126) (text: ) (vein: [0, 1, 2, 4, 5, 7, 13, 27, 29, 30, 33, 56, 61, 62, 63, 66, 68, 76, 77, 78, 80, 82, 83, 86, 87, 88, 91, 95, 101, 102, 105, 107, 112, 113, 114, 116, 117, 126, 127, 128, 134, 136, 137, 138, 139, 142]) )
                                  ( Nucleus (span: 127 128)
                                    ( Nucleus (leaf: 127) (text: ) (vein: [0, 1, 2, 4, 5, 7, 13, 27, 29, 30, 33, 56, 61, 62, 63, 66, 68, 76, 77, 78, 80, 82, 83, 86, 87, 88, 91, 95, 101, 102, 105, 107, 112, 113, 114, 116, 117, 126, 127, 128, 134, 136, 137, 138, 139, 142]) )
                                    ( Nucleus (leaf: 128) (text: ) (vein: [0, 1, 2, 4, 5, 7, 13, 27, 29, 30, 33, 56, 61, 62, 63, 66, 68, 76, 77, 78, 80, 82, 83, 86, 87, 88, 91, 95, 101, 102, 105, 107, 112, 113, 114, 116, 117, 126, 127, 128, 134, 136, 137, 138, 139, 142]) )
                                  )
                                )
                                ( Sattelite (span: 129 133)
                                  ( Nucleus (leaf: 129) (text: ) (vein: [0, 1, 2, 4, 5, 7, 13, 27, 29, 30, 33, 56, 61, 62, 63, 66, 68, 76, 77, 78, 80, 82, 83, 86, 87, 88, 91, 95, 101, 102, 105, 107, 112, 113, 114, 116, 117, 126, 127, 128, 129, 130, 131, 134, 136, 137, 138, 139, 142]) )
                                  ( Nucleus (span: 130 133)
                                    ( Nucleus (span: 130 131)
                                      ( Nucleus (leaf: 130) (text: ) (vein: [0, 1, 2, 4, 5, 7, 13, 27, 29, 30, 33, 56, 61, 62, 63, 66, 68, 76, 77, 78, 80, 82, 83, 86, 87, 88, 91, 95, 101, 102, 105, 107, 112, 113, 114, 116, 117, 126, 127, 128, 129, 130, 131, 134, 136, 137, 138, 139, 142]) )
                                      ( Nucleus (leaf: 131) (text: ) (vein: [0, 1, 2, 4, 5, 7, 13, 27, 29, 30, 33, 56, 61, 62, 63, 66, 68, 76, 77, 78, 80, 82, 83, 86, 87, 88, 91, 95, 101, 102, 105, 107, 112, 113, 114, 116, 117, 126, 127, 128, 129, 130, 131, 134, 136, 137, 138, 139, 142]) )
                                    )
                                    ( Sattelite (span: 132 133)
                                      ( Nucleus (leaf: 132) (text: ) (vein: [0, 1, 2, 4, 5, 7, 13, 27, 29, 30, 33, 56, 61, 62, 63, 66, 68, 76, 77, 78, 80, 82, 83, 86, 87, 88, 91, 95, 101, 102, 105, 107, 112, 113, 114, 116, 117, 126, 127, 128, 129, 130, 131, 132, 134, 136, 137, 138, 139, 142]) )
                                      ( Sattelite (leaf: 133) (text: ) (vein: [0, 1, 2, 4, 5, 7, 13, 27, 29, 30, 33, 56, 61, 62, 63, 66, 68, 76, 77, 78, 80, 82, 83, 86, 87, 88, 91, 95, 101, 102, 105, 107, 112, 113, 114, 116, 117, 126, 127, 128, 129, 130, 131, 132, 133, 134, 136, 137, 138, 139, 142]) )
                                    )
                                  )
                                )
                              )
                              ( Nucleus (span: 134 144)
                                ( Nucleus (span: 134 136)
                                  ( Nucleus (leaf: 134) (text: ) (vein: [0, 1, 2, 4, 5, 7, 13, 27, 29, 30, 33, 56, 61, 62, 63, 66, 68, 76, 77, 78, 80, 82, 83, 86, 87, 88, 91, 95, 101, 102, 105, 107, 112, 113, 114, 116, 117, 126, 127, 128, 134, 136, 137, 138, 139, 142]) )
                                  ( Nucleus (span: 135 136)
                                    ( Sattelite (leaf: 135) (text: ) (vein: [0, 1, 2, 4, 5, 7, 13, 27, 29, 30, 33, 56, 61, 62, 63, 66, 68, 76, 77, 78, 80, 82, 83, 86, 87, 88, 91, 95, 101, 102, 105, 107, 112, 113, 114, 116, 117, 126, 127, 128, 134, 135, 136, 137, 138, 139, 142]) )
                                    ( Nucleus (leaf: 136) (text: ) (vein: [0, 1, 2, 4, 5, 7, 13, 27, 29, 30, 33, 56, 61, 62, 63, 66, 68, 76, 77, 78, 80, 82, 83, 86, 87, 88, 91, 95, 101, 102, 105, 107, 112, 113, 114, 116, 117, 126, 127, 128, 134, 135, 136, 137, 138, 139, 142]) )
                                  )
                                )
                                ( Nucleus (span: 137 144)
                                  ( Nucleus (span: 137 138)
                                    ( Nucleus (leaf: 137) (text: ) (vein: [0, 1, 2, 4, 5, 7, 13, 27, 29, 30, 33, 56, 61, 62, 63, 66, 68, 76, 77, 78, 80, 82, 83, 86, 87, 88, 91, 95, 101, 102, 105, 107, 112, 113, 114, 116, 117, 126, 127, 128, 134, 136, 137, 138, 139, 142]) )
                                    ( Nucleus (leaf: 138) (text: ) (vein: [0, 1, 2, 4, 5, 7, 13, 27, 29, 30, 33, 56, 61, 62, 63, 66, 68, 76, 77, 78, 80, 82, 83, 86, 87, 88, 91, 95, 101, 102, 105, 107, 112, 113, 114, 116, 117, 126, 127, 128, 134, 136, 137, 138, 139, 142]) )
                                  )
                                  ( Nucleus (span: 139 144)
                                    ( Nucleus (leaf: 139) (text: ) (vein: [0, 1, 2, 4, 5, 7, 13, 27, 29, 30, 33, 56, 61, 62, 63, 66, 68, 76, 77, 78, 80, 82, 83, 86, 87, 88, 91, 95, 101, 102, 105, 107, 112, 113, 114, 116, 117, 126, 127, 128, 134, 136, 137, 138, 139, 142]) )
                                    ( Nucleus (span: 140 144)
                                      ( Sattelite (span: 140 141)
                                        ( Nucleus (leaf: 140) (text: ) (vein: [0, 1, 2, 4, 5, 7, 13, 27, 29, 30, 33, 56, 61, 62, 63, 66, 68, 76, 77, 78, 80, 82, 83, 86, 87, 88, 91, 95, 101, 102, 105, 107, 112, 113, 114, 116, 117, 126, 127, 128, 134, 136, 137, 138, 139, 140, 142]) )
                                        ( Sattelite (leaf: 141) (text: ) (vein: [0, 1, 2, 4, 5, 7, 13, 27, 29, 30, 33, 56, 61, 62, 63, 66, 68, 76, 77, 78, 80, 82, 83, 86, 87, 88, 91, 95, 101, 102, 105, 107, 112, 113, 114, 116, 117, 126, 127, 128, 134, 136, 137, 138, 139, 140, 141, 142]) )
                                      )
                                      ( Nucleus (span: 142 144)
                                        ( Nucleus (leaf: 142) (text: ) (vein: [0, 1, 2, 4, 5, 7, 13, 27, 29, 30, 33, 56, 61, 62, 63, 66, 68, 76, 77, 78, 80, 82, 83, 86, 87, 88, 91, 95, 101, 102, 105, 107, 112, 113, 114, 116, 117, 126, 127, 128, 134, 136, 137, 138, 139, 140, 142]) )
                                        ( Sattelite (span: 143 144)
                                          ( Nucleus (leaf: 143) (text: ) (vein: [0, 1, 2, 4, 5, 7, 13, 27, 29, 30, 33, 56, 61, 62, 63, 66, 68, 76, 77, 78, 80, 82, 83, 86, 87, 88, 91, 95, 101, 102, 105, 107, 112, 113, 114, 116, 117, 126, 127, 128, 134, 136, 137, 138, 139, 142, 143, 144]) )
                                          ( Nucleus (leaf: 144) (text: ) (vein: [0, 1, 2, 4, 5, 7, 13, 27, 29, 30, 33, 56, 61, 62, 63, 66, 68, 76, 77, 78, 80, 82, 83, 86, 87, 88, 91, 95, 101, 102, 105, 107, 112, 113, 114, 116, 117, 126, 127, 128, 134, 136, 137, 138, 139, 142, 143, 144]) )
                                        )
                                      )
                                    )
                                  )
                                )
                              )
                            )
                          )
                        )
                      )
                    )
                    ( Sattelite (span: 145 271)
                      ( Nucleus (span: 145 147)
                        ( Nucleus (leaf: 145) (text: ) (vein: [0, 1, 2, 4, 5, 7, 13, 27, 29, 30, 33, 56, 61, 62, 63, 66, 68, 76, 77, 78, 80, 82, 83, 86, 87, 88, 91, 95, 101, 102, 105, 107, 112, 113, 114, 116, 117, 126, 127, 128, 134, 136, 137, 138, 139, 142, 145]) )
                        ( Sattelite (span: 146 147)
                          ( Nucleus (leaf: 146) (text: ) (vein: [0, 1, 2, 4, 5, 7, 13, 27, 29, 30, 33, 56, 61, 62, 63, 66, 68, 76, 77, 78, 80, 82, 83, 86, 87, 88, 91, 95, 101, 102, 105, 107, 112, 113, 114, 116, 117, 126, 127, 128, 134, 136, 137, 138, 139, 142, 145, 146]) )
                          ( Sattelite (leaf: 147) (text: ) (vein: [0, 1, 2, 4, 5, 7, 13, 27, 29, 30, 33, 56, 61, 62, 63, 66, 68, 76, 77, 78, 80, 82, 83, 86, 87, 88, 91, 95, 101, 102, 105, 107, 112, 113, 114, 116, 117, 126, 127, 128, 134, 136, 137, 138, 139, 142, 145, 146, 147]) )
                        )
                      )
                      ( Sattelite (span: 148 271)
                        ( Nucleus (span: 148 150)
                          ( Nucleus (span: 148 149)
                            ( Nucleus (leaf: 148) (text: ) (vein: [0, 1, 2, 4, 5, 7, 13, 27, 29, 30, 33, 56, 61, 62, 63, 66, 68, 76, 77, 78, 80, 82, 83, 86, 87, 88, 91, 95, 101, 102, 105, 107, 112, 113, 114, 116, 117, 126, 127, 128, 134, 136, 137, 138, 139, 142, 145, 148, 149]) )
                            ( Nucleus (leaf: 149) (text: ) (vein: [0, 1, 2, 4, 5, 7, 13, 27, 29, 30, 33, 56, 61, 62, 63, 66, 68, 76, 77, 78, 80, 82, 83, 86, 87, 88, 91, 95, 101, 102, 105, 107, 112, 113, 114, 116, 117, 126, 127, 128, 134, 136, 137, 138, 139, 142, 145, 148, 149]) )
                          )
                          ( Sattelite (leaf: 150) (text: ) (vein: [0, 1, 2, 4, 5, 7, 13, 27, 29, 30, 33, 56, 61, 62, 63, 66, 68, 76, 77, 78, 80, 82, 83, 86, 87, 88, 91, 95, 101, 102, 105, 107, 112, 113, 114, 116, 117, 126, 127, 128, 134, 136, 137, 138, 139, 142, 145, 148, 149, 150]) )
                        )
                        ( Sattelite (span: 151 271)
                          ( Nucleus (span: 151 156)
                            ( Nucleus (leaf: 151) (text: ) (vein: [0, 1, 2, 4, 5, 7, 13, 27, 29, 30, 33, 56, 61, 62, 63, 66, 68, 76, 77, 78, 80, 82, 83, 86, 87, 88, 91, 95, 101, 102, 105, 107, 112, 113, 114, 116, 117, 126, 127, 128, 134, 136, 137, 138, 139, 142, 145, 148, 149, 151]) )
                            ( Sattelite (span: 152 156)
                              ( Nucleus (leaf: 152) (text: ) (vein: [0, 1, 2, 4, 5, 7, 13, 27, 29, 30, 33, 56, 61, 62, 63, 66, 68, 76, 77, 78, 80, 82, 83, 86, 87, 88, 91, 95, 101, 102, 105, 107, 112, 113, 114, 116, 117, 126, 127, 128, 134, 136, 137, 138, 139, 142, 145, 148, 149, 151, 152]) )
                              ( Sattelite (span: 153 156)
                                ( Nucleus (leaf: 153) (text: ) (vein: [0, 1, 2, 4, 5, 7, 13, 27, 29, 30, 33, 56, 61, 62, 63, 66, 68, 76, 77, 78, 80, 82, 83, 86, 87, 88, 91, 95, 101, 102, 105, 107, 112, 113, 114, 116, 117, 126, 127, 128, 134, 136, 137, 138, 139, 142, 145, 148, 149, 151, 152, 153]) )
                                ( Sattelite (span: 154 156)
                                  ( Nucleus (leaf: 154) (text: ) (vein: [0, 1, 2, 4, 5, 7, 13, 27, 29, 30, 33, 56, 61, 62, 63, 66, 68, 76, 77, 78, 80, 82, 83, 86, 87, 88, 91, 95, 101, 102, 105, 107, 112, 113, 114, 116, 117, 126, 127, 128, 134, 136, 137, 138, 139, 142, 145, 148, 149, 151, 152, 153, 154]) )
                                  ( Sattelite (span: 155 156)
                                    ( Nucleus (leaf: 155) (text: ) (vein: [0, 1, 2, 4, 5, 7, 13, 27, 29, 30, 33, 56, 61, 62, 63, 66, 68, 76, 77, 78, 80, 82, 83, 86, 87, 88, 91, 95, 101, 102, 105, 107, 112, 113, 114, 116, 117, 126, 127, 128, 134, 136, 137, 138, 139, 142, 145, 148, 149, 151, 152, 153, 154, 155]) )
                                    ( Sattelite (leaf: 156) (text: ) (vein: [0, 1, 2, 4, 5, 7, 13, 27, 29, 30, 33, 56, 61, 62, 63, 66, 68, 76, 77, 78, 80, 82, 83, 86, 87, 88, 91, 95, 101, 102, 105, 107, 112, 113, 114, 116, 117, 126, 127, 128, 134, 136, 137, 138, 139, 142, 145, 148, 149, 151, 152, 153, 154, 155, 156]) )
                                  )
                                )
                              )
                            )
                          )
                          ( Sattelite (span: 157 271)
                            ( Nucleus (span: 157 192)
                              ( Sattelite (span: 157 162)
                                ( Nucleus (leaf: 157) (text: ) (vein: [0, 1, 2, 4, 5, 7, 13, 27, 29, 30, 33, 56, 61, 62, 63, 66, 68, 76, 77, 78, 80, 82, 83, 86, 87, 88, 91, 95, 101, 102, 105, 107, 112, 113, 114, 116, 117, 126, 127, 128, 134, 136, 137, 138, 139, 142, 145, 148, 149, 151, 157, 163, 168, 170, 174, 175, 177, 188, 190]) )
                                ( Sattelite (span: 158 162)
                                  ( Nucleus (leaf: 158) (text: ) (vein: [0, 1, 2, 4, 5, 7, 13, 27, 29, 30, 33, 56, 61, 62, 63, 66, 68, 76, 77, 78, 80, 82, 83, 86, 87, 88, 91, 95, 101, 102, 105, 107, 112, 113, 114, 116, 117, 126, 127, 128, 134, 136, 137, 138, 139, 142, 145, 148, 149, 151, 157, 158, 163, 168, 170, 174, 175, 177, 188, 190]) )
                                  ( Sattelite (span: 159 162)
                                    ( Nucleus (leaf: 159) (text: ) (vein: [0, 1, 2, 4, 5, 7, 13, 27, 29, 30, 33, 56, 61, 62, 63, 66, 68, 76, 77, 78, 80, 82, 83, 86, 87, 88, 91, 95, 101, 102, 105, 107, 112, 113, 114, 116, 117, 126, 127, 128, 134, 136, 137, 138, 139, 142, 145, 148, 149, 151, 157, 158, 159, 163, 168, 170, 174, 175, 177, 188, 190]) )
                                    ( Sattelite (span: 160 162)
                                      ( Nucleus (leaf: 160) (text: ) (vein: [0, 1, 2, 4, 5, 7, 13, 27, 29, 30, 33, 56, 61, 62, 63, 66, 68, 76, 77, 78, 80, 82, 83, 86, 87, 88, 91, 95, 101, 102, 105, 107, 112, 113, 114, 116, 117, 126, 127, 128, 134, 136, 137, 138, 139, 142, 145, 148, 149, 151, 157, 158, 159, 160, 163, 168, 170, 174, 175, 177, 188, 190]) )
                                      ( Sattelite (span: 161 162)
                                        ( Nucleus (leaf: 161) (text: ) (vein: [0, 1, 2, 4, 5, 7, 13, 27, 29, 30, 33, 56, 61, 62, 63, 66, 68, 76, 77, 78, 80, 82, 83, 86, 87, 88, 91, 95, 101, 102, 105, 107, 112, 113, 114, 116, 117, 126, 127, 128, 134, 136, 137, 138, 139, 142, 145, 148, 149, 151, 157, 158, 159, 160, 161, 163, 168, 170, 174, 175, 177, 188, 190]) )
                                        ( Sattelite (leaf: 162) (text: ) (vein: [0, 1, 2, 4, 5, 7, 13, 27, 29, 30, 33, 56, 61, 62, 63, 66, 68, 76, 77, 78, 80, 82, 83, 86, 87, 88, 91, 95, 101, 102, 105, 107, 112, 113, 114, 116, 117, 126, 127, 128, 134, 136, 137, 138, 139, 142, 145, 148, 149, 151, 157, 158, 159, 160, 161, 162, 163, 168, 170, 174, 175, 177, 188, 190]) )
                                      )
                                    )
                                  )
                                )
                              )
                              ( Nucleus (span: 163 192)
                                ( Nucleus (span: 163 167)
                                  ( Nucleus (leaf: 163) (text: ) (vein: [0, 1, 2, 4, 5, 7, 13, 27, 29, 30, 33, 56, 61, 62, 63, 66, 68, 76, 77, 78, 80, 82, 83, 86, 87, 88, 91, 95, 101, 102, 105, 107, 112, 113, 114, 116, 117, 126, 127, 128, 134, 136, 137, 138, 139, 142, 145, 148, 149, 151, 157, 163, 168, 170, 174, 175, 177, 188, 190]) )
                                  ( Sattelite (span: 164 167)
                                    ( Nucleus (leaf: 164) (text: ) (vein: [0, 1, 2, 4, 5, 7, 13, 27, 29, 30, 33, 56, 61, 62, 63, 66, 68, 76, 77, 78, 80, 82, 83, 86, 87, 88, 91, 95, 101, 102, 105, 107, 112, 113, 114, 116, 117, 126, 127, 128, 134, 136, 137, 138, 139, 142, 145, 148, 149, 151, 163, 164, 168, 170, 174, 175, 177, 188, 190]) )
                                    ( Sattelite (span: 165 167)
                                      ( Nucleus (span: 165 166)
                                        ( Nucleus (leaf: 165) (text: ) (vein: [0, 1, 2, 4, 5, 7, 13, 27, 29, 30, 33, 56, 61, 62, 63, 66, 68, 76, 77, 78, 80, 82, 83, 86, 87, 88, 91, 95, 101, 102, 105, 107, 112, 113, 114, 116, 117, 126, 127, 128, 134, 136, 137, 138, 139, 142, 145, 148, 149, 151, 163, 164, 165, 168, 170, 174, 175, 177, 188, 190]) )
                                        ( Sattelite (leaf: 166) (text: ) (vein: [0, 1, 2, 4, 5, 7, 13, 27, 29, 30, 33, 56, 61, 62, 63, 66, 68, 76, 77, 78, 80, 82, 83, 86, 87, 88, 91, 95, 101, 102, 105, 107, 112, 113, 114, 116, 117, 126, 127, 128, 134, 136, 137, 138, 139, 142, 145, 148, 149, 151, 163, 164, 165, 166, 168, 170, 174, 175, 177, 188, 190]) )
                                      )
                                      ( Sattelite (leaf: 167) (text: ) (vein: [0, 1, 2, 4, 5, 7, 13, 27, 29, 30, 33, 56, 61, 62, 63, 66, 68, 76, 77, 78, 80, 82, 83, 86, 87, 88, 91, 95, 101, 102, 105, 107, 112, 113, 114, 116, 117, 126, 127, 128, 134, 136, 137, 138, 139, 142, 145, 148, 149, 151, 163, 164, 165, 167, 168, 170, 174, 175, 177, 188, 190]) )
                                    )
                                  )
                                )
                                ( Nucleus (span: 168 192)
                                  ( Nucleus (leaf: 168) (text: ) (vein: [0, 1, 2, 4, 5, 7, 13, 27, 29, 30, 33, 56, 61, 62, 63, 66, 68, 76, 77, 78, 80, 82, 83, 86, 87, 88, 91, 95, 101, 102, 105, 107, 112, 113, 114, 116, 117, 126, 127, 128, 134, 136, 137, 138, 139, 142, 145, 148, 149, 151, 157, 163, 168, 170, 174, 175, 177, 188, 190]) )
                                  ( Nucleus (span: 169 192)
                                    ( Sattelite (leaf: 169) (text: ) (vein: [0, 1, 2, 4, 5, 7, 13, 27, 29, 30, 33, 56, 61, 62, 63, 66, 68, 76, 77, 78, 80, 82, 83, 86, 87, 88, 91, 95, 101, 102, 105, 107, 112, 113, 114, 116, 117, 126, 127, 128, 134, 136, 137, 138, 139, 142, 145, 148, 149, 151, 157, 163, 168, 169, 170, 174, 175, 177, 188, 190]) )
                                    ( Nucleus (span: 170 192)
                                      ( Nucleus (span: 170 173)
                                        ( Nucleus (leaf: 170) (text: ) (vein: [0, 1, 2, 4, 5, 7, 13, 27, 29, 30, 33, 56, 61, 62, 63, 66, 68, 76, 77, 78, 80, 82, 83, 86, 87, 88, 91, 95, 101, 102, 105, 107, 112, 113, 114, 116, 117, 126, 127, 128, 134, 136, 137, 138, 139, 142, 145, 148, 149, 151, 157, 163, 168, 169, 170, 174, 175, 177, 188, 190]) )
                                        ( Sattelite (span: 171 173)
                                          ( Nucleus (leaf: 171) (text: ) (vein: [0, 1, 2, 4, 5, 7, 13, 27, 29, 30, 33, 56, 61, 62, 63, 66, 68, 76, 77, 78, 80, 82, 83, 86, 87, 88, 91, 95, 101, 102, 105, 107, 112, 113, 114, 116, 117, 126, 127, 128, 134, 136, 137, 138, 139, 142, 145, 148, 149, 151, 163, 168, 170, 171, 174, 175, 177, 188, 190]) )
                                          ( Sattelite (span: 172 173)
                                            ( Nucleus (leaf: 172) (text: ) (vein: [0, 1, 2, 4, 5, 7, 13, 27, 29, 30, 33, 56, 61, 62, 63, 66, 68, 76, 77, 78, 80, 82, 83, 86, 87, 88, 91, 95, 101, 102, 105, 107, 112, 113, 114, 116, 117, 126, 127, 128, 134, 136, 137, 138, 139, 142, 145, 148, 149, 151, 163, 168, 170, 171, 172, 174, 175, 177, 188, 190]) )
                                            ( Sattelite (leaf: 173) (text: ) (vein: [0, 1, 2, 4, 5, 7, 13, 27, 29, 30, 33, 56, 61, 62, 63, 66, 68, 76, 77, 78, 80, 82, 83, 86, 87, 88, 91, 95, 101, 102, 105, 107, 112, 113, 114, 116, 117, 126, 127, 128, 134, 136, 137, 138, 139, 142, 145, 148, 149, 151, 163, 168, 170, 171, 172, 173, 174, 175, 177, 188, 190]) )
                                          )
                                        )
                                      )
                                      ( Nucleus (span: 174 192)
                                        ( Nucleus (span: 174 176)
                                          ( Nucleus (span: 174 175)
                                            ( Nucleus (leaf: 174) (text: ) (vein: [0, 1, 2, 4, 5, 7, 13, 27, 29, 30, 33, 56, 61, 62, 63, 66, 68, 76, 77, 78, 80, 82, 83, 86, 87, 88, 91, 95, 101, 102, 105, 107, 112, 113, 114, 116, 117, 126, 127, 128, 134, 136, 137, 138, 139, 142, 145, 148, 149, 151, 157, 163, 168, 169, 170, 174, 175, 177, 188, 190]) )
                                            ( Nucleus (leaf: 175) (text: ) (vein: [0, 1, 2, 4, 5, 7, 13, 27, 29, 30, 33, 56, 61, 62, 63, 66, 68, 76, 77, 78, 80, 82, 83, 86, 87, 88, 91, 95, 101, 102, 105, 107, 112, 113, 114, 116, 117, 126, 127, 128, 134, 136, 137, 138, 139, 142, 145, 148, 149, 151, 157, 163, 168, 169, 170, 174, 175, 177, 188, 190]) )
                                          )
                                          ( Sattelite (leaf: 176) (text: ) (vein: [0, 1, 2, 4, 5, 7, 13, 27, 29, 30, 33, 56, 61, 62, 63, 66, 68, 76, 77, 78, 80, 82, 83, 86, 87, 88, 91, 95, 101, 102, 105, 107, 112, 113, 114, 116, 117, 126, 127, 128, 134, 136, 137, 138, 139, 142, 145, 148, 149, 151, 163, 168, 170, 174, 175, 176, 177, 188, 190]) )
                                        )
                                        ( Nucleus (span: 177 192)
                                          ( Nucleus (span: 177 187)
                                            ( Nucleus (leaf: 177) (text: ) (vein: [0, 1, 2, 4, 5, 7, 13, 27, 29, 30, 33, 56, 61, 62, 63, 66, 68, 76, 77, 78, 80, 82, 83, 86, 87, 88, 91, 95, 101, 102, 105, 107, 112, 113, 114, 116, 117, 126, 127, 128, 134, 136, 137, 138, 139, 142, 145, 148, 149, 151, 157, 163, 168, 169, 170, 174, 175, 177, 188, 190]) )
                                            ( Sattelite (span: 178 187)
                                              ( Nucleus (leaf: 178) (text: ) (vein: [0, 1, 2, 4, 5, 7, 13, 27, 29, 30, 33, 56, 61, 62, 63, 66, 68, 76, 77, 78, 80, 82, 83, 86, 87, 88, 91, 95, 101, 102, 105, 107, 112, 113, 114, 116, 117, 126, 127, 128, 134, 136, 137, 138, 139, 142, 145, 148, 149, 151, 163, 168, 170, 174, 175, 177, 178, 188, 190]) )
                                              ( Sattelite (span: 179 187)
                                                ( Nucleus (leaf: 179) (text: ) (vein: [0, 1, 2, 4, 5, 7, 13, 27, 29, 30, 33, 56, 61, 62, 63, 66, 68, 76, 77, 78, 80, 82, 83, 86, 87, 88, 91, 95, 101, 102, 105, 107, 112, 113, 114, 116, 117, 126, 127, 128, 134, 136, 137, 138, 139, 142, 145, 148, 149, 151, 163, 168, 170, 174, 175, 177, 178, 179, 188, 190]) )
                                                ( Sattelite (span: 180 187)
                                                  ( Nucleus (leaf: 180) (text: ) (vein: [0, 1, 2, 4, 5, 7, 13, 27, 29, 30, 33, 56, 61, 62, 63, 66, 68, 76, 77, 78, 80, 82, 83, 86, 87, 88, 91, 95, 101, 102, 105, 107, 112, 113, 114, 116, 117, 126, 127, 128, 134, 136, 137, 138, 139, 142, 145, 148, 149, 151, 163, 168, 170, 174, 175, 177, 178, 179, 180, 188, 190]) )
                                                  ( Sattelite (span: 181 187)
                                                    ( Nucleus (leaf: 181) (text: ) (vein: [0, 1, 2, 4, 5, 7, 13, 27, 29, 30, 33, 56, 61, 62, 63, 66, 68, 76, 77, 78, 80, 82, 83, 86, 87, 88, 91, 95, 101, 102, 105, 107, 112, 113, 114, 116, 117, 126, 127, 128, 134, 136, 137, 138, 139, 142, 145, 148, 149, 151, 163, 168, 170, 174, 175, 177, 178, 179, 180, 181, 188, 190]) )
                                                    ( Sattelite (span: 182 187)
                                                      ( Nucleus (span: 182 183)
                                                        ( Nucleus (leaf: 182) (text: ) (vein: [0, 1, 2, 4, 5, 7, 13, 27, 29, 30, 33, 56, 61, 62, 63, 66, 68, 76, 77, 78, 80, 82, 83, 86, 87, 88, 91, 95, 101, 102, 105, 107, 112, 113, 114, 116, 117, 126, 127, 128, 134, 136, 137, 138, 139, 142, 145, 148, 149, 151, 163, 168, 170, 174, 175, 177, 178, 179, 180, 181, 182, 188, 190]) )
                                                        ( Sattelite (leaf: 183) (text: ) (vein: [0, 1, 2, 4, 5, 7, 13, 27, 29, 30, 33, 56, 61, 62, 63, 66, 68, 76, 77, 78, 80, 82, 83, 86, 87, 88, 91, 95, 101, 102, 105, 107, 112, 113, 114, 116, 117, 126, 127, 128, 134, 136, 137, 138, 139, 142, 145, 148, 149, 151, 163, 168, 170, 174, 175, 177, 178, 179, 180, 181, 182, 183, 188, 190]) )
                                                      )
                                                      ( Sattelite (span: 184 187)
                                                        ( Nucleus (leaf: 184) (text: ) (vein: [0, 1, 2, 4, 5, 7, 13, 27, 29, 30, 33, 56, 61, 62, 63, 66, 68, 76, 77, 78, 80, 82, 83, 86, 87, 88, 91, 95, 101, 102, 105, 107, 112, 113, 114, 116, 117, 126, 127, 128, 134, 136, 137, 138, 139, 142, 145, 148, 149, 151, 163, 168, 170, 174, 175, 177, 178, 179, 180, 181, 182, 184, 188, 190]) )
                                                        ( Sattelite (span: 185 187)
                                                          ( Nucleus (leaf: 185) (text: ) (vein: [0, 1, 2, 4, 5, 7, 13, 27, 29, 30, 33, 56, 61, 62, 63, 66, 68, 76, 77, 78, 80, 82, 83, 86, 87, 88, 91, 95, 101, 102, 105, 107, 112, 113, 114, 116, 117, 126, 127, 128, 134, 136, 137, 138, 139, 142, 145, 148, 149, 151, 163, 168, 170, 174, 175, 177, 178, 179, 180, 181, 182, 184, 185, 188, 190]) )
                                                          ( Sattelite (span: 186 187)
                                                            ( Nucleus (leaf: 186) (text: ) (vein: [0, 1, 2, 4, 5, 7, 13, 27, 29, 30, 33, 56, 61, 62, 63, 66, 68, 76, 77, 78, 80, 82, 83, 86, 87, 88, 91, 95, 101, 102, 105, 107, 112, 113, 114, 116, 117, 126, 127, 128, 134, 136, 137, 138, 139, 142, 145, 148, 149, 151, 163, 168, 170, 174, 175, 177, 178, 179, 180, 181, 182, 184, 185, 186, 188, 190]) )
                                                            ( Sattelite (leaf: 187) (text: ) (vein: [0, 1, 2, 4, 5, 7, 13, 27, 29, 30, 33, 56, 61, 62, 63, 66, 68, 76, 77, 78, 80, 82, 83, 86, 87, 88, 91, 95, 101, 102, 105, 107, 112, 113, 114, 116, 117, 126, 127, 128, 134, 136, 137, 138, 139, 142, 145, 148, 149, 151, 163, 168, 170, 174, 175, 177, 178, 179, 180, 181, 182, 184, 185, 186, 187, 188, 190]) )
                                                          )
                                                        )
                                                      )
                                                    )
                                                  )
                                                )
                                              )
                                            )
                                          )
                                          ( Nucleus (span: 188 192)
                                            ( Nucleus (span: 188 189)
                                              ( Nucleus (leaf: 188) (text: ) (vein: [0, 1, 2, 4, 5, 7, 13, 27, 29, 30, 33, 56, 61, 62, 63, 66, 68, 76, 77, 78, 80, 82, 83, 86, 87, 88, 91, 95, 101, 102, 105, 107, 112, 113, 114, 116, 117, 126, 127, 128, 134, 136, 137, 138, 139, 142, 145, 148, 149, 151, 157, 163, 168, 169, 170, 174, 175, 177, 188, 190]) )
                                              ( Sattelite (leaf: 189) (text: ) (vein: [0, 1, 2, 4, 5, 7, 13, 27, 29, 30, 33, 56, 61, 62, 63, 66, 68, 76, 77, 78, 80, 82, 83, 86, 87, 88, 91, 95, 101, 102, 105, 107, 112, 113, 114, 116, 117, 126, 127, 128, 134, 136, 137, 138, 139, 142, 145, 148, 149, 151, 163, 168, 170, 174, 175, 177, 188, 189, 190]) )
                                            )
                                            ( Nucleus (span: 190 192)
                                              ( Nucleus (leaf: 190) (text: ) (vein: [0, 1, 2, 4, 5, 7, 13, 27, 29, 30, 33, 56, 61, 62, 63, 66, 68, 76, 77, 78, 80, 82, 83, 86, 87, 88, 91, 95, 101, 102, 105, 107, 112, 113, 114, 116, 117, 126, 127, 128, 134, 136, 137, 138, 139, 142, 145, 148, 149, 151, 157, 163, 168, 169, 170, 174, 175, 177, 188, 190]) )
                                              ( Sattelite (span: 191 192)
                                                ( Nucleus (leaf: 191) (text: ) (vein: [0, 1, 2, 4, 5, 7, 13, 27, 29, 30, 33, 56, 61, 62, 63, 66, 68, 76, 77, 78, 80, 82, 83, 86, 87, 88, 91, 95, 101, 102, 105, 107, 112, 113, 114, 116, 117, 126, 127, 128, 134, 136, 137, 138, 139, 142, 145, 148, 149, 151, 163, 168, 170, 174, 175, 177, 188, 190, 191]) )
                                                ( Sattelite (leaf: 192) (text: ) (vein: [0, 1, 2, 4, 5, 7, 13, 27, 29, 30, 33, 56, 61, 62, 63, 66, 68, 76, 77, 78, 80, 82, 83, 86, 87, 88, 91, 95, 101, 102, 105, 107, 112, 113, 114, 116, 117, 126, 127, 128, 134, 136, 137, 138, 139, 142, 145, 148, 149, 151, 163, 168, 170, 174, 175, 177, 188, 190, 191, 192]) )
                                              )
                                            )
                                          )
                                        )
                                      )
                                    )
                                  )
                                )
                              )
                            )
                            ( Sattelite (span: 193 271)
                              ( Nucleus (span: 193 197)
                                ( Sattelite (leaf: 193) (text: ) (vein: [0, 1, 2, 4, 5, 7, 13, 27, 29, 30, 33, 56, 61, 62, 63, 66, 68, 76, 77, 78, 80, 82, 83, 86, 87, 88, 91, 95, 101, 102, 105, 107, 112, 113, 114, 116, 117, 126, 127, 128, 134, 136, 137, 138, 139, 142, 145, 148, 149, 151, 163, 168, 170, 174, 175, 177, 188, 190, 193, 194, 197]) )
                                ( Nucleus (span: 194 197)
                                  ( Nucleus (span: 194 195)
                                    ( Nucleus (leaf: 194) (text: ) (vein: [0, 1, 2, 4, 5, 7, 13, 27, 29, 30, 33, 56, 61, 62, 63, 66, 68, 76, 77, 78, 80, 82, 83, 86, 87, 88, 91, 95, 101, 102, 105, 107, 112, 113, 114, 116, 117, 126, 127, 128, 134, 136, 137, 138, 139, 142, 145, 148, 149, 151, 163, 168, 170, 174, 175, 177, 188, 190, 193, 194, 197]) )
                                    ( Sattelite (leaf: 195) (text: ) (vein: [0, 1, 2, 4, 5, 7, 13, 27, 29, 30, 33, 56, 61, 62, 63, 66, 68, 76, 77, 78, 80, 82, 83, 86, 87, 88, 91, 95, 101, 102, 105, 107, 112, 113, 114, 116, 117, 126, 127, 128, 134, 136, 137, 138, 139, 142, 145, 148, 149, 151, 163, 168, 170, 174, 175, 177, 188, 190, 194, 195, 197]) )
                                  )
                                  ( Nucleus (span: 196 197)
                                    ( Sattelite (leaf: 196) (text: ) (vein: [0, 1, 2, 4, 5, 7, 13, 27, 29, 30, 33, 56, 61, 62, 63, 66, 68, 76, 77, 78, 80, 82, 83, 86, 87, 88, 91, 95, 101, 102, 105, 107, 112, 113, 114, 116, 117, 126, 127, 128, 134, 136, 137, 138, 139, 142, 145, 148, 149, 151, 163, 168, 170, 174, 175, 177, 188, 190, 193, 194, 196, 197]) )
                                    ( Nucleus (leaf: 197) (text: ) (vein: [0, 1, 2, 4, 5, 7, 13, 27, 29, 30, 33, 56, 61, 62, 63, 66, 68, 76, 77, 78, 80, 82, 83, 86, 87, 88, 91, 95, 101, 102, 105, 107, 112, 113, 114, 116, 117, 126, 127, 128, 134, 136, 137, 138, 139, 142, 145, 148, 149, 151, 163, 168, 170, 174, 175, 177, 188, 190, 193, 194, 196, 197]) )
                                  )
                                )
                              )
                              ( Sattelite (span: 198 271)
                                ( Nucleus (span: 198 212)
                                  ( Nucleus (span: 198 199)
                                    ( Nucleus (leaf: 198) (text: ) (vein: [0, 1, 2, 4, 5, 7, 13, 27, 29, 30, 33, 56, 61, 62, 63, 66, 68, 76, 77, 78, 80, 82, 83, 86, 87, 88, 91, 95, 101, 102, 105, 107, 112, 113, 114, 116, 117, 126, 127, 128, 134, 136, 137, 138, 139, 142, 145, 148, 149, 151, 163, 168, 170, 174, 175, 177, 188, 190, 194, 197, 198, 201, 204]) )
                                    ( Sattelite (leaf: 199) (text: ) (vein: [0, 1, 2, 4, 5, 7, 13, 27, 29, 30, 33, 56, 61, 62, 63, 66, 68, 76, 77, 78, 80, 82, 83, 86, 87, 88, 91, 95, 101, 102, 105, 107, 112, 113, 114, 116, 117, 126, 127, 128, 134, 136, 137, 138, 139, 142, 145, 148, 149, 151, 163, 168, 170, 174, 175, 177, 188, 190, 194, 197, 198, 199, 201, 204]) )
                                  )
                                  ( Nucleus (span: 200 212)
                                    ( Sattelite (leaf: 200) (text: ) (vein: [0, 1, 2, 4, 5, 7, 13, 27, 29, 30, 33, 56, 61, 62, 63, 66, 68, 76, 77, 78, 80, 82, 83, 86, 87, 88, 91, 95, 101, 102, 105, 107, 112, 113, 114, 116, 117, 126, 127, 128, 134, 136, 137, 138, 139, 142, 145, 148, 149, 151, 163, 168, 170, 174, 175, 177, 188, 190, 194, 197, 198, 200, 201, 204]) )
                                    ( Nucleus (span: 201 212)
                                      ( Nucleus (span: 201 203)
                                        ( Nucleus (leaf: 201) (text: ) (vein: [0, 1, 2, 4, 5, 7, 13, 27, 29, 30, 33, 56, 61, 62, 63, 66, 68, 76, 77, 78, 80, 82, 83, 86, 87, 88, 91, 95, 101, 102, 105, 107, 112, 113, 114, 116, 117, 126, 127, 128, 134, 136, 137, 138, 139, 142, 145, 148, 149, 151, 163, 168, 170, 174, 175, 177, 188, 190, 194, 197, 198, 200, 201, 204]) )
                                        ( Sattelite (span: 202 203)
                                          ( Nucleus (leaf: 202) (text: ) (vein: [0, 1, 2, 4, 5, 7, 13, 27, 29, 30, 33, 56, 61, 62, 63, 66, 68, 76, 77, 78, 80, 82, 83, 86, 87, 88, 91, 95, 101, 102, 105, 107, 112, 113, 114, 116, 117, 126, 127, 128, 134, 136, 137, 138, 139, 142, 145, 148, 149, 151, 163, 168, 170, 174, 175, 177, 188, 190, 194, 197, 198, 201, 202, 204]) )
                                          ( Sattelite (leaf: 203) (text: ) (vein: [0, 1, 2, 4, 5, 7, 13, 27, 29, 30, 33, 56, 61, 62, 63, 66, 68, 76, 77, 78, 80, 82, 83, 86, 87, 88, 91, 95, 101, 102, 105, 107, 112, 113, 114, 116, 117, 126, 127, 128, 134, 136, 137, 138, 139, 142, 145, 148, 149, 151, 163, 168, 170, 174, 175, 177, 188, 190, 194, 197, 198, 201, 202, 203, 204]) )
                                        )
                                      )
                                      ( Nucleus (span: 204 212)
                                        ( Nucleus (span: 204 207)
                                          ( Nucleus (span: 204 206)
                                            ( Nucleus (leaf: 204) (text: ) (vein: [0, 1, 2, 4, 5, 7, 13, 27, 29, 30, 33, 56, 61, 62, 63, 66, 68, 76, 77, 78, 80, 82, 83, 86, 87, 88, 91, 95, 101, 102, 105, 107, 112, 113, 114, 116, 117, 126, 127, 128, 134, 136, 137, 138, 139, 142, 145, 148, 149, 151, 163, 168, 170, 174, 175, 177, 188, 190, 194, 197, 198, 200, 201, 204]) )
                                            ( Sattelite (span: 205 206)
                                              ( Nucleus (leaf: 205) (text: ) (vein: [0, 1, 2, 4, 5, 7, 13, 27, 29, 30, 33, 56, 61, 62, 63, 66, 68, 76, 77, 78, 80, 82, 83, 86, 87, 88, 91, 95, 101, 102, 105, 107, 112, 113, 114, 116, 117, 126, 127, 128, 134, 136, 137, 138, 139, 142, 145, 148, 149, 151, 163, 168, 170, 174, 175, 177, 188, 190, 194, 197, 198, 201, 204, 205, 206]) )
                                              ( Nucleus (leaf: 206) (text: ) (vein: [0, 1, 2, 4, 5, 7, 13, 27, 29, 30, 33, 56, 61, 62, 63, 66, 68, 76, 77, 78, 80, 82, 83, 86, 87, 88, 91, 95, 101, 102, 105, 107, 112, 113, 114, 116, 117, 126, 127, 128, 134, 136, 137, 138, 139, 142, 145, 148, 149, 151, 163, 168, 170, 174, 175, 177, 188, 190, 194, 197, 198, 201, 204, 205, 206]) )
                                            )
                                          )
                                          ( Sattelite (leaf: 207) (text: ) (vein: [0, 1, 2, 4, 5, 7, 13, 27, 29, 30, 33, 56, 61, 62, 63, 66, 68, 76, 77, 78, 80, 82, 83, 86, 87, 88, 91, 95, 101, 102, 105, 107, 112, 113, 114, 116, 117, 126, 127, 128, 134, 136, 137, 138, 139, 142, 145, 148, 149, 151, 163, 168, 170, 174, 175, 177, 188, 190, 194, 197, 198, 201, 204, 207]) )
                                        )
                                        ( Sattelite (span: 208 212)
                                          ( Nucleus (leaf: 208) (text: ) (vein: [0, 1, 2, 4, 5, 7, 13, 27, 29, 30, 33, 56, 61, 62, 63, 66, 68, 76, 77, 78, 80, 82, 83, 86, 87, 88, 91, 95, 101, 102, 105, 107, 112, 113, 114, 116, 117, 126, 127, 128, 134, 136, 137, 138, 139, 142, 145, 148, 149, 151, 163, 168, 170, 174, 175, 177, 188, 190, 194, 197, 198, 201, 204, 208]) )
                                          ( Sattelite (span: 209 212)
                                            ( Nucleus (leaf: 209) (text: ) (vein: [0, 1, 2, 4, 5, 7, 13, 27, 29, 30, 33, 56, 61, 62, 63, 66, 68, 76, 77, 78, 80, 82, 83, 86, 87, 88, 91, 95, 101, 102, 105, 107, 112, 113, 114, 116, 117, 126, 127, 128, 134, 136, 137, 138, 139, 142, 145, 148, 149, 151, 163, 168, 170, 174, 175, 177, 188, 190, 194, 197, 198, 201, 204, 208, 209]) )
                                            ( Sattelite (span: 210 212)
                                              ( Nucleus (leaf: 210) (text: ) (vein: [0, 1, 2, 4, 5, 7, 13, 27, 29, 30, 33, 56, 61, 62, 63, 66, 68, 76, 77, 78, 80, 82, 83, 86, 87, 88, 91, 95, 101, 102, 105, 107, 112, 113, 114, 116, 117, 126, 127, 128, 134, 136, 137, 138, 139, 142, 145, 148, 149, 151, 163, 168, 170, 174, 175, 177, 188, 190, 194, 197, 198, 201, 204, 208, 209, 210]) )
                                              ( Sattelite (span: 211 212)
                                                ( Nucleus (leaf: 211) (text: ) (vein: [0, 1, 2, 4, 5, 7, 13, 27, 29, 30, 33, 56, 61, 62, 63, 66, 68, 76, 77, 78, 80, 82, 83, 86, 87, 88, 91, 95, 101, 102, 105, 107, 112, 113, 114, 116, 117, 126, 127, 128, 134, 136, 137, 138, 139, 142, 145, 148, 149, 151, 163, 168, 170, 174, 175, 177, 188, 190, 194, 197, 198, 201, 204, 208, 209, 210, 211]) )
                                                ( Sattelite (leaf: 212) (text: ) (vein: [0, 1, 2, 4, 5, 7, 13, 27, 29, 30, 33, 56, 61, 62, 63, 66, 68, 76, 77, 78, 80, 82, 83, 86, 87, 88, 91, 95, 101, 102, 105, 107, 112, 113, 114, 116, 117, 126, 127, 128, 134, 136, 137, 138, 139, 142, 145, 148, 149, 151, 163, 168, 170, 174, 175, 177, 188, 190, 194, 197, 198, 201, 204, 208, 209, 210, 211, 212]) )
                                              )
                                            )
                                          )
                                        )
                                      )
                                    )
                                  )
                                )
                                ( Sattelite (span: 213 271)
                                  ( Nucleus (span: 213 227)
                                    ( Sattelite (leaf: 213) (text: ) (vein: [0, 1, 2, 4, 5, 7, 13, 27, 29, 30, 33, 56, 61, 62, 63, 66, 68, 76, 77, 78, 80, 82, 83, 86, 87, 88, 91, 95, 101, 102, 105, 107, 112, 113, 114, 116, 117, 126, 127, 128, 134, 136, 137, 138, 139, 142, 145, 148, 149, 151, 163, 168, 170, 174, 175, 177, 188, 190, 194, 197, 198, 201, 204, 213, 215, 216, 218, 219, 223, 226]) )
                                    ( Nucleus (span: 214 227)
                                      ( Sattelite (leaf: 214) (text: ) (vein: [0, 1, 2, 4, 5, 7, 13, 27, 29, 30, 33, 56, 61, 62, 63, 66, 68, 76, 77, 78, 80, 82, 83, 86, 87, 88, 91, 95, 101, 102, 105, 107, 112, 113, 114, 116, 117, 126, 127, 128, 134, 136, 137, 138, 139, 142, 145, 148, 149, 151, 163, 168, 170, 174, 175, 177, 188, 190, 194, 197, 198, 201, 204, 213, 214, 215, 216, 218, 219, 223, 226]) )
                                      ( Nucleus (span: 215 227)
                                        ( Nucleus (leaf: 215) (text: ) (vein: [0, 1, 2, 4, 5, 7, 13, 27, 29, 30, 33, 56, 61, 62, 63, 66, 68, 76, 77, 78, 80, 82, 83, 86, 87, 88, 91, 95, 101, 102, 105, 107, 112, 113, 114, 116, 117, 126, 127, 128, 134, 136, 137, 138, 139, 142, 145, 148, 149, 151, 163, 168, 170, 174, 175, 177, 188, 190, 194, 197, 198, 201, 204, 213, 214, 215, 216, 218, 219, 223, 226]) )
                                        ( Nucleus (span: 216 227)
                                          ( Nucleus (span: 216 217)
                                            ( Nucleus (leaf: 216) (text: ) (vein: [0, 1, 2, 4, 5, 7, 13, 27, 29, 30, 33, 56, 61, 62, 63, 66, 68, 76, 77, 78, 80, 82, 83, 86, 87, 88, 91, 95, 101, 102, 105, 107, 112, 113, 114, 116, 117, 126, 127, 128, 134, 136, 137, 138, 139, 142, 145, 148, 149, 151, 163, 168, 170, 174, 175, 177, 188, 190, 194, 197, 198, 201, 204, 213, 214, 215, 216, 218, 219, 223, 226]) )
                                            ( Sattelite (leaf: 217) (text: ) (vein: [0, 1, 2, 4, 5, 7, 13, 27, 29, 30, 33, 56, 61, 62, 63, 66, 68, 76, 77, 78, 80, 82, 83, 86, 87, 88, 91, 95, 101, 102, 105, 107, 112, 113, 114, 116, 117, 126, 127, 128, 134, 136, 137, 138, 139, 142, 145, 148, 149, 151, 163, 168, 170, 174, 175, 177, 188, 190, 194, 197, 198, 201, 204, 215, 216, 217, 218, 219, 223, 226]) )
                                          )
                                          ( Nucleus (span: 218 227)
                                            ( Nucleus (span: 218 222)
                                              ( Nucleus (span: 218 219)
                                                ( Nucleus (leaf: 218) (text: ) (vein: [0, 1, 2, 4, 5, 7, 13, 27, 29, 30, 33, 56, 61, 62, 63, 66, 68, 76, 77, 78, 80, 82, 83, 86, 87, 88, 91, 95, 101, 102, 105, 107, 112, 113, 114, 116, 117, 126, 127, 128, 134, 136, 137, 138, 139, 142, 145, 148, 149, 151, 163, 168, 170, 174, 175, 177, 188, 190, 194, 197, 198, 201, 204, 213, 214, 215, 216, 218, 219, 223, 226]) )
                                                ( Nucleus (leaf: 219) (text: ) (vein: [0, 1, 2, 4, 5, 7, 13, 27, 29, 30, 33, 56, 61, 62, 63, 66, 68, 76, 77, 78, 80, 82, 83, 86, 87, 88, 91, 95, 101, 102, 105, 107, 112, 113, 114, 116, 117, 126, 127, 128, 134, 136, 137, 138, 139, 142, 145, 148, 149, 151, 163, 168, 170, 174, 175, 177, 188, 190, 194, 197, 198, 201, 204, 213, 214, 215, 216, 218, 219, 223, 226]) )
                                              )
                                              ( Sattelite (span: 220 222)
                                                ( Nucleus (leaf: 220) (text: ) (vein: [0, 1, 2, 4, 5, 7, 13, 27, 29, 30, 33, 56, 61, 62, 63, 66, 68, 76, 77, 78, 80, 82, 83, 86, 87, 88, 91, 95, 101, 102, 105, 107, 112, 113, 114, 116, 117, 126, 127, 128, 134, 136, 137, 138, 139, 142, 145, 148, 149, 151, 163, 168, 170, 174, 175, 177, 188, 190, 194, 197, 198, 201, 204, 215, 216, 218, 219, 220, 223, 226]) )
                                                ( Sattelite (span: 221 222)
                                                  ( Nucleus (leaf: 221) (text: ) (vein: [0, 1, 2, 4, 5, 7, 13, 27, 29, 30, 33, 56, 61, 62, 63, 66, 68, 76, 77, 78, 80, 82, 83, 86, 87, 88, 91, 95, 101, 102, 105, 107, 112, 113, 114, 116, 117, 126, 127, 128, 134, 136, 137, 138, 139, 142, 145, 148, 149, 151, 163, 168, 170, 174, 175, 177, 188, 190, 194, 197, 198, 201, 204, 215, 216, 218, 219, 220, 221, 223, 226]) )
                                                  ( Sattelite (leaf: 222) (text: ) (vein: [0, 1, 2, 4, 5, 7, 13, 27, 29, 30, 33, 56, 61, 62, 63, 66, 68, 76, 77, 78, 80, 82, 83, 86, 87, 88, 91, 95, 101, 102, 105, 107, 112, 113, 114, 116, 117, 126, 127, 128, 134, 136, 137, 138, 139, 142, 145, 148, 149, 151, 163, 168, 170, 174, 175, 177, 188, 190, 194, 197, 198, 201, 204, 215, 216, 218, 219, 220, 221, 222, 223, 226]) )
                                                )
                                              )
                                            )
                                            ( Nucleus (span: 223 227)
                                              ( Nucleus (span: 223 225)
                                                ( Nucleus (leaf: 223) (text: ) (vein: [0, 1, 2, 4, 5, 7, 13, 27, 29, 30, 33, 56, 61, 62, 63, 66, 68, 76, 77, 78, 80, 82, 83, 86, 87, 88, 91, 95, 101, 102, 105, 107, 112, 113, 114, 116, 117, 126, 127, 128, 134, 136, 137, 138, 139, 142, 145, 148, 149, 151, 163, 168, 170, 174, 175, 177, 188, 190, 194, 197, 198, 201, 204, 213, 214, 215, 216, 218, 219, 223, 226]) )
                                                ( Sattelite (span: 224 225)
                                                  ( Nucleus (leaf: 224) (text: ) (vein: [0, 1, 2, 4, 5, 7, 13, 27, 29, 30, 33, 56, 61, 62, 63, 66, 68, 76, 77, 78, 80, 82, 83, 86, 87, 88, 91, 95, 101, 102, 105, 107, 112, 113, 114, 116, 117, 126, 127, 128, 134, 136, 137, 138, 139, 142, 145, 148, 149, 151, 163, 168, 170, 174, 175, 177, 188, 190, 194, 197, 198, 201, 204, 215, 216, 218, 219, 223, 224, 226]) )
                                                  ( Sattelite (leaf: 225) (text: ) (vein: [0, 1, 2, 4, 5, 7, 13, 27, 29, 30, 33, 56, 61, 62, 63, 66, 68, 76, 77, 78, 80, 82, 83, 86, 87, 88, 91, 95, 101, 102, 105, 107, 112, 113, 114, 116, 117, 126, 127, 128, 134, 136, 137, 138, 139, 142, 145, 148, 149, 151, 163, 168, 170, 174, 175, 177, 188, 190, 194, 197, 198, 201, 204, 215, 216, 218, 219, 223, 224, 225, 226]) )
                                                )
                                              )
                                              ( Nucleus (span: 226 227)
                                                ( Nucleus (leaf: 226) (text: ) (vein: [0, 1, 2, 4, 5, 7, 13, 27, 29, 30, 33, 56, 61, 62, 63, 66, 68, 76, 77, 78, 80, 82, 83, 86, 87, 88, 91, 95, 101, 102, 105, 107, 112, 113, 114, 116, 117, 126, 127, 128, 134, 136, 137, 138, 139, 142, 145, 148, 149, 151, 163, 168, 170, 174, 175, 177, 188, 190, 194, 197, 198, 201, 204, 213, 214, 215, 216, 218, 219, 223, 226]) )
                                                ( Sattelite (leaf: 227) (text: ) (vein: [0, 1, 2, 4, 5, 7, 13, 27, 29, 30, 33, 56, 61, 62, 63, 66, 68, 76, 77, 78, 80, 82, 83, 86, 87, 88, 91, 95, 101, 102, 105, 107, 112, 113, 114, 116, 117, 126, 127, 128, 134, 136, 137, 138, 139, 142, 145, 148, 149, 151, 163, 168, 170, 174, 175, 177, 188, 190, 194, 197, 198, 201, 204, 215, 216, 218, 219, 223, 226, 227]) )
                                              )
                                            )
                                          )
                                        )
                                      )
                                    )
                                  )
                                  ( Sattelite (span: 228 271)
                                    ( Nucleus (span: 228 241)
                                      ( Nucleus (leaf: 228) (text: ) (vein: [0, 1, 2, 4, 5, 7, 13, 27, 29, 30, 33, 56, 61, 62, 63, 66, 68, 76, 77, 78, 80, 82, 83, 86, 87, 88, 91, 95, 101, 102, 105, 107, 112, 113, 114, 116, 117, 126, 127, 128, 134, 136, 137, 138, 139, 142, 145, 148, 149, 151, 163, 168, 170, 174, 175, 177, 188, 190, 194, 197, 198, 201, 204, 215, 216, 218, 219, 223, 226, 228, 229, 230, 231, 232, 236]) )
                                      ( Nucleus (span: 229 241)
                                        ( Nucleus (span: 229 231)
                                          ( Nucleus (leaf: 229) (text: ) (vein: [0, 1, 2, 4, 5, 7, 13, 27, 29, 30, 33, 56, 61, 62, 63, 66, 68, 76, 77, 78, 80, 82, 83, 86, 87, 88, 91, 95, 101, 102, 105, 107, 112, 113, 114, 116, 117, 126, 127, 128, 134, 136, 137, 138, 139, 142, 145, 148, 149, 151, 163, 168, 170, 174, 175, 177, 188, 190, 194, 197, 198, 201, 204, 215, 216, 218, 219, 223, 226, 228, 229, 230, 231, 232, 236]) )
                                          ( Nucleus (span: 230 231)
                                            ( Nucleus (leaf: 230) (text: ) (vein: [0, 1, 2, 4, 5, 7, 13, 27, 29, 30, 33, 56, 61, 62, 63, 66, 68, 76, 77, 78, 80, 82, 83, 86, 87, 88, 91, 95, 101, 102, 105, 107, 112, 113, 114, 116, 117, 126, 127, 128, 134, 136, 137, 138, 139, 142, 145, 148, 149, 151, 163, 168, 170, 174, 175, 177, 188, 190, 194, 197, 198, 201, 204, 215, 216, 218, 219, 223, 226, 228, 229, 230, 231, 232, 236]) )
                                            ( Nucleus (leaf: 231) (text: ) (vein: [0, 1, 2, 4, 5, 7, 13, 27, 29, 30, 33, 56, 61, 62, 63, 66, 68, 76, 77, 78, 80, 82, 83, 86, 87, 88, 91, 95, 101, 102, 105, 107, 112, 113, 114, 116, 117, 126, 127, 128, 134, 136, 137, 138, 139, 142, 145, 148, 149, 151, 163, 168, 170, 174, 175, 177, 188, 190, 194, 197, 198, 201, 204, 215, 216, 218, 219, 223, 226, 228, 229, 230, 231, 232, 236]) )
                                          )
                                        )
                                        ( Nucleus (span: 232 241)
                                          ( Nucleus (span: 232 233)
                                            ( Nucleus (leaf: 232) (text: ) (vein: [0, 1, 2, 4, 5, 7, 13, 27, 29, 30, 33, 56, 61, 62, 63, 66, 68, 76, 77, 78, 80, 82, 83, 86, 87, 88, 91, 95, 101, 102, 105, 107, 112, 113, 114, 116, 117, 126, 127, 128, 134, 136, 137, 138, 139, 142, 145, 148, 149, 151, 163, 168, 170, 174, 175, 177, 188, 190, 194, 197, 198, 201, 204, 215, 216, 218, 219, 223, 226, 228, 229, 230, 231, 232, 236]) )
                                            ( Sattelite (leaf: 233) (text: ) (vein: [0, 1, 2, 4, 5, 7, 13, 27, 29, 30, 33, 56, 61, 62, 63, 66, 68, 76, 77, 78, 80, 82, 83, 86, 87, 88, 91, 95, 101, 102, 105, 107, 112, 113, 114, 116, 117, 126, 127, 128, 134, 136, 137, 138, 139, 142, 145, 148, 149, 151, 163, 168, 170, 174, 175, 177, 188, 190, 194, 197, 198, 201, 204, 215, 216, 218, 219, 223, 226, 228, 229, 230, 231, 232, 233, 236]) )
                                          )
                                          ( Nucleus (span: 234 241)
                                            ( Nucleus (span: 234 238)
                                              ( Sattelite (span: 234 235)
                                                ( Nucleus (leaf: 234) (text: ) (vein: [0, 1, 2, 4, 5, 7, 13, 27, 29, 30, 33, 56, 61, 62, 63, 66, 68, 76, 77, 78, 80, 82, 83, 86, 87, 88, 91, 95, 101, 102, 105, 107, 112, 113, 114, 116, 117, 126, 127, 128, 134, 136, 137, 138, 139, 142, 145, 148, 149, 151, 163, 168, 170, 174, 175, 177, 188, 190, 194, 197, 198, 201, 204, 215, 216, 218, 219, 223, 226, 228, 229, 230, 231, 232, 234, 236]) )
                                                ( Sattelite (leaf: 235) (text: ) (vein: [0, 1, 2, 4, 5, 7, 13, 27, 29, 30, 33, 56, 61, 62, 63, 66, 68, 76, 77, 78, 80, 82, 83, 86, 87, 88, 91, 95, 101, 102, 105, 107, 112, 113, 114, 116, 117, 126, 127, 128, 134, 136, 137, 138, 139, 142, 145, 148, 149, 151, 163, 168, 170, 174, 175, 177, 188, 190, 194, 197, 198, 201, 204, 215, 216, 218, 219, 223, 226, 228, 229, 230, 231, 232, 234, 235, 236]) )
                                              )
                                              ( Nucleus (span: 236 238)
                                                ( Nucleus (leaf: 236) (text: ) (vein: [0, 1, 2, 4, 5, 7, 13, 27, 29, 30, 33, 56, 61, 62, 63, 66, 68, 76, 77, 78, 80, 82, 83, 86, 87, 88, 91, 95, 101, 102, 105, 107, 112, 113, 114, 116, 117, 126, 127, 128, 134, 136, 137, 138, 139, 142, 145, 148, 149, 151, 163, 168, 170, 174, 175, 177, 188, 190, 194, 197, 198, 201, 204, 215, 216, 218, 219, 223, 226, 228, 229, 230, 231, 232, 234, 236]) )
                                                ( Sattelite (span: 237 238)
                                                  ( Nucleus (leaf: 237) (text: ) (vein: [0, 1, 2, 4, 5, 7, 13, 27, 29, 30, 33, 56, 61, 62, 63, 66, 68, 76, 77, 78, 80, 82, 83, 86, 87, 88, 91, 95, 101, 102, 105, 107, 112, 113, 114, 116, 117, 126, 127, 128, 134, 136, 137, 138, 139, 142, 145, 148, 149, 151, 163, 168, 170, 174, 175, 177, 188, 190, 194, 197, 198, 201, 204, 215, 216, 218, 219, 223, 226, 228, 229, 230, 231, 232, 236, 237, 238]) )
                                                  ( Nucleus (leaf: 238) (text: ) (vein: [0, 1, 2, 4, 5, 7, 13, 27, 29, 30, 33, 56, 61, 62, 63, 66, 68, 76, 77, 78, 80, 82, 83, 86, 87, 88, 91, 95, 101, 102, 105, 107, 112, 113, 114, 116, 117, 126, 127, 128, 134, 136, 137, 138, 139, 142, 145, 148, 149, 151, 163, 168, 170, 174, 175, 177, 188, 190, 194, 197, 198, 201, 204, 215, 216, 218, 219, 223, 226, 228, 229, 230, 231, 232, 236, 237, 238]) )
                                                )
                                              )
                                            )
                                            ( Sattelite (span: 239 241)
                                              ( Nucleus (leaf: 239) (text: ) (vein: [0, 1, 2, 4, 5, 7, 13, 27, 29, 30, 33, 56, 61, 62, 63, 66, 68, 76, 77, 78, 80, 82, 83, 86, 87, 88, 91, 95, 101, 102, 105, 107, 112, 113, 114, 116, 117, 126, 127, 128, 134, 136, 137, 138, 139, 142, 145, 148, 149, 151, 163, 168, 170, 174, 175, 177, 188, 190, 194, 197, 198, 201, 204, 215, 216, 218, 219, 223, 226, 228, 229, 230, 231, 232, 236, 239]) )
                                              ( Sattelite (span: 240 241)
                                                ( Nucleus (leaf: 240) (text: ) (vein: [0, 1, 2, 4, 5, 7, 13, 27, 29, 30, 33, 56, 61, 62, 63, 66, 68, 76, 77, 78, 80, 82, 83, 86, 87, 88, 91, 95, 101, 102, 105, 107, 112, 113, 114, 116, 117, 126, 127, 128, 134, 136, 137, 138, 139, 142, 145, 148, 149, 151, 163, 168, 170, 174, 175, 177, 188, 190, 194, 197, 198, 201, 204, 215, 216, 218, 219, 223, 226, 228, 229, 230, 231, 232, 236, 239, 240]) )
                                                ( Sattelite (leaf: 241) (text: ) (vein: [0, 1, 2, 4, 5, 7, 13, 27, 29, 30, 33, 56, 61, 62, 63, 66, 68, 76, 77, 78, 80, 82, 83, 86, 87, 88, 91, 95, 101, 102, 105, 107, 112, 113, 114, 116, 117, 126, 127, 128, 134, 136, 137, 138, 139, 142, 145, 148, 149, 151, 163, 168, 170, 174, 175, 177, 188, 190, 194, 197, 198, 201, 204, 215, 216, 218, 219, 223, 226, 228, 229, 230, 231, 232, 236, 239, 240, 241]) )
                                              )
                                            )
                                          )
                                        )
                                      )
                                    )
                                    ( Sattelite (span: 242 271)
                                      ( Nucleus (span: 242 251)
                                        ( Nucleus (leaf: 242) (text: ) (vein: [0, 1, 2, 4, 5, 7, 13, 27, 29, 30, 33, 56, 61, 62, 63, 66, 68, 76, 77, 78, 80, 82, 83, 86, 87, 88, 91, 95, 101, 102, 105, 107, 112, 113, 114, 116, 117, 126, 127, 128, 134, 136, 137, 138, 139, 142, 145, 148, 149, 151, 163, 168, 170, 174, 175, 177, 188, 190, 194, 197, 198, 201, 204, 215, 216, 218, 219, 223, 226, 228, 229, 230, 231, 232, 236, 242, 244, 249, 250]) )
                                        ( Nucleus (span: 243 251)
                                          ( Sattelite (leaf: 243) (text: ) (vein: [0, 1, 2, 4, 5, 7, 13, 27, 29, 30, 33, 56, 61, 62, 63, 66, 68, 76, 77, 78, 80, 82, 83, 86, 87, 88, 91, 95, 101, 102, 105, 107, 112, 113, 114, 116, 117, 126, 127, 128, 134, 136, 137, 138, 139, 142, 145, 148, 149, 151, 163, 168, 170, 174, 175, 177, 188, 190, 194, 197, 198, 201, 204, 215, 216, 218, 219, 223, 226, 228, 229, 230, 231, 232, 236, 242, 243, 244, 249, 250]) )
                                          ( Nucleus (span: 244 251)
                                            ( Nucleus (span: 244 248)
                                              ( Nucleus (leaf: 244) (text: ) (vein: [0, 1, 2, 4, 5, 7, 13, 27, 29, 30, 33, 56, 61, 62, 63, 66, 68, 76, 77, 78, 80, 82, 83, 86, 87, 88, 91, 95, 101, 102, 105, 107, 112, 113, 114, 116, 117, 126, 127, 128, 134, 136, 137, 138, 139, 142, 145, 148, 149, 151, 163, 168, 170, 174, 175, 177, 188, 190, 194, 197, 198, 201, 204, 215, 216, 218, 219, 223, 226, 228, 229, 230, 231, 232, 236, 242, 243, 244, 249, 250]) )
                                              ( Sattelite (span: 245 248)
                                                ( Nucleus (leaf: 245) (text: ) (vein: [0, 1, 2, 4, 5, 7, 13, 27, 29, 30, 33, 56, 61, 62, 63, 66, 68, 76, 77, 78, 80, 82, 83, 86, 87, 88, 91, 95, 101, 102, 105, 107, 112, 113, 114, 116, 117, 126, 127, 128, 134, 136, 137, 138, 139, 142, 145, 148, 149, 151, 163, 168, 170, 174, 175, 177, 188, 190, 194, 197, 198, 201, 204, 215, 216, 218, 219, 223, 226, 228, 229, 230, 231, 232, 236, 242, 244, 245, 249, 250]) )
                                                ( Sattelite (span: 246 248)
                                                  ( Nucleus (leaf: 246) (text: ) (vein: [0, 1, 2, 4, 5, 7, 13, 27, 29, 30, 33, 56, 61, 62, 63, 66, 68, 76, 77, 78, 80, 82, 83, 86, 87, 88, 91, 95, 101, 102, 105, 107, 112, 113, 114, 116, 117, 126, 127, 128, 134, 136, 137, 138, 139, 142, 145, 148, 149, 151, 163, 168, 170, 174, 175, 177, 188, 190, 194, 197, 198, 201, 204, 215, 216, 218, 219, 223, 226, 228, 229, 230, 231, 232, 236, 242, 244, 245, 246, 249, 250]) )
                                                  ( Sattelite (span: 247 248)
                                                    ( Nucleus (leaf: 247) (text: ) (vein: [0, 1, 2, 4, 5, 7, 13, 27, 29, 30, 33, 56, 61, 62, 63, 66, 68, 76, 77, 78, 80, 82, 83, 86, 87, 88, 91, 95, 101, 102, 105, 107, 112, 113, 114, 116, 117, 126, 127, 128, 134, 136, 137, 138, 139, 142, 145, 148, 149, 151, 163, 168, 170, 174, 175, 177, 188, 190, 194, 197, 198, 201, 204, 215, 216, 218, 219, 223, 226, 228, 229, 230, 231, 232, 236, 242, 244, 245, 246, 247, 249, 250]) )
                                                    ( Sattelite (leaf: 248) (text: ) (vein: [0, 1, 2, 4, 5, 7, 13, 27, 29, 30, 33, 56, 61, 62, 63, 66, 68, 76, 77, 78, 80, 82, 83, 86, 87, 88, 91, 95, 101, 102, 105, 107, 112, 113, 114, 116, 117, 126, 127, 128, 134, 136, 137, 138, 139, 142, 145, 148, 149, 151, 163, 168, 170, 174, 175, 177, 188, 190, 194, 197, 198, 201, 204, 215, 216, 218, 219, 223, 226, 228, 229, 230, 231, 232, 236, 242, 244, 245, 246, 247, 248, 249, 250]) )
                                                  )
                                                )
                                              )
                                            )
                                            ( Nucleus (span: 249 251)
                                              ( Nucleus (leaf: 249) (text: ) (vein: [0, 1, 2, 4, 5, 7, 13, 27, 29, 30, 33, 56, 61, 62, 63, 66, 68, 76, 77, 78, 80, 82, 83, 86, 87, 88, 91, 95, 101, 102, 105, 107, 112, 113, 114, 116, 117, 126, 127, 128, 134, 136, 137, 138, 139, 142, 145, 148, 149, 151, 163, 168, 170, 174, 175, 177, 188, 190, 194, 197, 198, 201, 204, 215, 216, 218, 219, 223, 226, 228, 229, 230, 231, 232, 236, 242, 243, 244, 249, 250]) )
                                              ( Nucleus (span: 250 251)
                                                ( Nucleus (leaf: 250) (text: ) (vein: [0, 1, 2, 4, 5, 7, 13, 27, 29, 30, 33, 56, 61, 62, 63, 66, 68, 76, 77, 78, 80, 82, 83, 86, 87, 88, 91, 95, 101, 102, 105, 107, 112, 113, 114, 116, 117, 126, 127, 128, 134, 136, 137, 138, 139, 142, 145, 148, 149, 151, 163, 168, 170, 174, 175, 177, 188, 190, 194, 197, 198, 201, 204, 215, 216, 218, 219, 223, 226, 228, 229, 230, 231, 232, 236, 242, 243, 244, 249, 250]) )
                                                ( Sattelite (leaf: 251) (text: ) (vein: [0, 1, 2, 4, 5, 7, 13, 27, 29, 30, 33, 56, 61, 62, 63, 66, 68, 76, 77, 78, 80, 82, 83, 86, 87, 88, 91, 95, 101, 102, 105, 107, 112, 113, 114, 116, 117, 126, 127, 128, 134, 136, 137, 138, 139, 142, 145, 148, 149, 151, 163, 168, 170, 174, 175, 177, 188, 190, 194, 197, 198, 201, 204, 215, 216, 218, 219, 223, 226, 228, 229, 230, 231, 232, 236, 242, 244, 249, 250, 251]) )
                                              )
                                            )
                                          )
                                        )
                                      )
                                      ( Sattelite (span: 252 271)
                                        ( Nucleus (span: 252 253)
                                          ( Nucleus (leaf: 252) (text: The tribal wisdom of the North American Indians , passed on from one generation to the next , says that when you discover that you are riding a dead horse , ) (vein: [0, 1, 2, 4, 5, 7, 13, 27, 29, 30, 33, 56, 61, 62, 63, 66, 68, 76, 77, 78, 80, 82, 83, 86, 87, 88, 91, 95, 101, 102, 105, 107, 112, 113, 114, 116, 117, 126, 127, 128, 134, 136, 137, 138, 139, 142, 145, 148, 149, 151, 163, 168, 170, 174, 175, 177, 188, 190, 194, 197, 198, 201, 204, 215, 216, 218, 219, 223, 226, 228, 229, 230, 231, 232, 236, 242, 244, 249, 250, 252, 255, 260, 265, 267, 268]) )
                                          ( Sattelite (leaf: 253) (text: the best strategy is to dismount . ) (vein: [0, 1, 2, 4, 5, 7, 13, 27, 29, 30, 33, 56, 61, 62, 63, 66, 68, 76, 77, 78, 80, 82, 83, 86, 87, 88, 91, 95, 101, 102, 105, 107, 112, 113, 114, 116, 117, 126, 127, 128, 134, 136, 137, 138, 139, 142, 145, 148, 149, 151, 163, 168, 170, 174, 175, 177, 188, 190, 194, 197, 198, 201, 204, 215, 216, 218, 219, 223, 226, 228, 229, 230, 231, 232, 236, 242, 244, 249, 250, 252, 253, 255, 260, 265, 267, 268]) )
                                        )
                                        ( Nucleus (span: 254 271)
                                          ( Nucleus (span: 254 259)
                                            ( Nucleus (span: 254 255)
                                              ( Sattelite (leaf: 254) (text: But in modern management ( and organisations and government ) ; because of the heavy investment of time , money and energy which has gone into the establishment and maintenance of these critters ; ) (vein: [0, 1, 2, 4, 5, 7, 13, 27, 29, 30, 33, 56, 61, 62, 63, 66, 68, 76, 77, 78, 80, 82, 83, 86, 87, 88, 91, 95, 101, 102, 105, 107, 112, 113, 114, 116, 117, 126, 127, 128, 134, 136, 137, 138, 139, 142, 145, 148, 149, 151, 163, 168, 170, 174, 175, 177, 188, 190, 194, 197, 198, 201, 204, 215, 216, 218, 219, 223, 226, 228, 229, 230, 231, 232, 236, 242, 244, 249, 250, 252, 254, 255, 260, 265, 267, 268]) )
                                              ( Nucleus (leaf: 255) (text: other strategies are often tried with these dead horses , including the following : ) (vein: [0, 1, 2, 4, 5, 7, 13, 27, 29, 30, 33, 56, 61, 62, 63, 66, 68, 76, 77, 78, 80, 82, 83, 86, 87, 88, 91, 95, 101, 102, 105, 107, 112, 113, 114, 116, 117, 126, 127, 128, 134, 136, 137, 138, 139, 142, 145, 148, 149, 151, 163, 168, 170, 174, 175, 177, 188, 190, 194, 197, 198, 201, 204, 215, 216, 218, 219, 223, 226, 228, 229, 230, 231, 232, 236, 242, 244, 249, 250, 252, 254, 255, 260, 265, 267, 268]) )
                                            )
                                            ( Sattelite (span: 256 259)
                                              ( Nucleus (leaf: 256) (text: 1 . Buying a bigger , stronger whip . ) (vein: [0, 1, 2, 4, 5, 7, 13, 27, 29, 30, 33, 56, 61, 62, 63, 66, 68, 76, 77, 78, 80, 82, 83, 86, 87, 88, 91, 95, 101, 102, 105, 107, 112, 113, 114, 116, 117, 126, 127, 128, 134, 136, 137, 138, 139, 142, 145, 148, 149, 151, 163, 168, 170, 174, 175, 177, 188, 190, 194, 197, 198, 201, 204, 215, 216, 218, 219, 223, 226, 228, 229, 230, 231, 232, 236, 242, 244, 249, 250, 252, 255, 256, 260, 265, 267, 268]) )
                                              ( Sattelite (span: 257 259)
                                                ( Nucleus (leaf: 257) (text: 2 . Changing riders . ) (vein: [0, 1, 2, 4, 5, 7, 13, 27, 29, 30, 33, 56, 61, 62, 63, 66, 68, 76, 77, 78, 80, 82, 83, 86, 87, 88, 91, 95, 101, 102, 105, 107, 112, 113, 114, 116, 117, 126, 127, 128, 134, 136, 137, 138, 139, 142, 145, 148, 149, 151, 163, 168, 170, 174, 175, 177, 188, 190, 194, 197, 198, 201, 204, 215, 216, 218, 219, 223, 226, 228, 229, 230, 231, 232, 236, 242, 244, 249, 250, 252, 255, 256, 257, 260, 265, 267, 268]) )
                                                ( Sattelite (span: 258 259)
                                                  ( Nucleus (leaf: 258) (text: 3 . Threatening the horse with termination . ) (vein: [0, 1, 2, 4, 5, 7, 13, 27, 29, 30, 33, 56, 61, 62, 63, 66, 68, 76, 77, 78, 80, 82, 83, 86, 87, 88, 91, 95, 101, 102, 105, 107, 112, 113, 114, 116, 117, 126, 127, 128, 134, 136, 137, 138, 139, 142, 145, 148, 149, 151, 163, 168, 170, 174, 175, 177, 188, 190, 194, 197, 198, 201, 204, 215, 216, 218, 219, 223, 226, 228, 229, 230, 231, 232, 236, 242, 244, 249, 250, 252, 255, 256, 257, 258, 260, 265, 267, 268]) )
                                                  ( Sattelite (leaf: 259) (text: 4 . Appointing various committees to study the horse . ) (vein: [0, 1, 2, 4, 5, 7, 13, 27, 29, 30, 33, 56, 61, 62, 63, 66, 68, 76, 77, 78, 80, 82, 83, 86, 87, 88, 91, 95, 101, 102, 105, 107, 112, 113, 114, 116, 117, 126, 127, 128, 134, 136, 137, 138, 139, 142, 145, 148, 149, 151, 163, 168, 170, 174, 175, 177, 188, 190, 194, 197, 198, 201, 204, 215, 216, 218, 219, 223, 226, 228, 229, 230, 231, 232, 236, 242, 244, 249, 250, 252, 255, 256, 257, 258, 259, 260, 265, 267, 268]) )
                                                )
                                              )
                                            )
                                          )
                                          ( Nucleus (span: 260 271)
                                            ( Nucleus (span: 260 264)
                                              ( Nucleus (leaf: 260) (text: 5 . Arranging to visit other sites to see how they ride dead horses . ) (vein: [0, 1, 2, 4, 5, 7, 13, 27, 29, 30, 33, 56, 61, 62, 63, 66, 68, 76, 77, 78, 80, 82, 83, 86, 87, 88, 91, 95, 101, 102, 105, 107, 112, 113, 114, 116, 117, 126, 127, 128, 134, 136, 137, 138, 139, 142, 145, 148, 149, 151, 163, 168, 170, 174, 175, 177, 188, 190, 194, 197, 198, 201, 204, 215, 216, 218, 219, 223, 226, 228, 229, 230, 231, 232, 236, 242, 244, 249, 250, 252, 255, 260, 265, 267, 268]) )
                                              ( Sattelite (span: 261 264)
                                                ( Nucleus (leaf: 261) (text: 6 . Lowering the standards so that dead horses can be included . ) (vein: [0, 1, 2, 4, 5, 7, 13, 27, 29, 30, 33, 56, 61, 62, 63, 66, 68, 76, 77, 78, 80, 82, 83, 86, 87, 88, 91, 95, 101, 102, 105, 107, 112, 113, 114, 116, 117, 126, 127, 128, 134, 136, 137, 138, 139, 142, 145, 148, 149, 151, 163, 168, 170, 174, 175, 177, 188, 190, 194, 197, 198, 201, 204, 215, 216, 218, 219, 223, 226, 228, 229, 230, 231, 232, 236, 242, 244, 249, 250, 252, 255, 260, 261, 265, 267, 268]) )
                                                ( Sattelite (span: 262 264)
                                                  ( Nucleus (leaf: 262) (text: 7 . Reclassifying the dead horse as " living-impaired . " ) (vein: [0, 1, 2, 4, 5, 7, 13, 27, 29, 30, 33, 56, 61, 62, 63, 66, 68, 76, 77, 78, 80, 82, 83, 86, 87, 88, 91, 95, 101, 102, 105, 107, 112, 113, 114, 116, 117, 126, 127, 128, 134, 136, 137, 138, 139, 142, 145, 148, 149, 151, 163, 168, 170, 174, 175, 177, 188, 190, 194, 197, 198, 201, 204, 215, 216, 218, 219, 223, 226, 228, 229, 230, 231, 232, 236, 242, 244, 249, 250, 252, 255, 260, 261, 262, 265, 267, 268]) )
                                                  ( Sattelite (span: 263 264)
                                                    ( Nucleus (leaf: 263) (text: 8 . Hiring outside contractors to ride the dead horse . ) (vein: [0, 1, 2, 4, 5, 7, 13, 27, 29, 30, 33, 56, 61, 62, 63, 66, 68, 76, 77, 78, 80, 82, 83, 86, 87, 88, 91, 95, 101, 102, 105, 107, 112, 113, 114, 116, 117, 126, 127, 128, 134, 136, 137, 138, 139, 142, 145, 148, 149, 151, 163, 168, 170, 174, 175, 177, 188, 190, 194, 197, 198, 201, 204, 215, 216, 218, 219, 223, 226, 228, 229, 230, 231, 232, 236, 242, 244, 249, 250, 252, 255, 260, 261, 262, 263, 265, 267, 268]) )
                                                    ( Sattelite (leaf: 264) (text: 9 . Harnessing two or more dead horses together to increase speed . ) (vein: [0, 1, 2, 4, 5, 7, 13, 27, 29, 30, 33, 56, 61, 62, 63, 66, 68, 76, 77, 78, 80, 82, 83, 86, 87, 88, 91, 95, 101, 102, 105, 107, 112, 113, 114, 116, 117, 126, 127, 128, 134, 136, 137, 138, 139, 142, 145, 148, 149, 151, 163, 168, 170, 174, 175, 177, 188, 190, 194, 197, 198, 201, 204, 215, 216, 218, 219, 223, 226, 228, 229, 230, 231, 232, 236, 242, 244, 249, 250, 252, 255, 260, 261, 262, 263, 264, 265, 267, 268]) )
                                                  )
                                                )
                                              )
                                            )
                                            ( Nucleus (span: 265 271)
                                              ( Nucleus (leaf: 265) (text: 10 . Providing additional funding and / or training to increase the dead horse 's performance . ) (vein: [0, 1, 2, 4, 5, 7, 13, 27, 29, 30, 33, 56, 61, 62, 63, 66, 68, 76, 77, 78, 80, 82, 83, 86, 87, 88, 91, 95, 101, 102, 105, 107, 112, 113, 114, 116, 117, 126, 127, 128, 134, 136, 137, 138, 139, 142, 145, 148, 149, 151, 163, 168, 170, 174, 175, 177, 188, 190, 194, 197, 198, 201, 204, 215, 216, 218, 219, 223, 226, 228, 229, 230, 231, 232, 236, 242, 244, 249, 250, 252, 255, 260, 265, 267, 268]) )
                                              ( Nucleus (span: 266 271)
                                                ( Sattelite (leaf: 266) (text: 11 . Doing a productivity study to see if lighter riders would improve the dead horse 's performance . ) (vein: [0, 1, 2, 4, 5, 7, 13, 27, 29, 30, 33, 56, 61, 62, 63, 66, 68, 76, 77, 78, 80, 82, 83, 86, 87, 88, 91, 95, 101, 102, 105, 107, 112, 113, 114, 116, 117, 126, 127, 128, 134, 136, 137, 138, 139, 142, 145, 148, 149, 151, 163, 168, 170, 174, 175, 177, 188, 190, 194, 197, 198, 201, 204, 215, 216, 218, 219, 223, 226, 228, 229, 230, 231, 232, 236, 242, 244, 249, 250, 252, 255, 260, 265, 266, 267, 268]) )
                                                ( Nucleus (span: 267 271)
                                                  ( Nucleus (span: 267 268)
                                                    ( Nucleus (leaf: 267) (text: 12 . Declaring that the dead horse carries lower overhead ) (vein: [0, 1, 2, 4, 5, 7, 13, 27, 29, 30, 33, 56, 61, 62, 63, 66, 68, 76, 77, 78, 80, 82, 83, 86, 87, 88, 91, 95, 101, 102, 105, 107, 112, 113, 114, 116, 117, 126, 127, 128, 134, 136, 137, 138, 139, 142, 145, 148, 149, 151, 163, 168, 170, 174, 175, 177, 188, 190, 194, 197, 198, 201, 204, 215, 216, 218, 219, 223, 226, 228, 229, 230, 231, 232, 236, 242, 244, 249, 250, 252, 255, 260, 265, 266, 267, 268]) )
                                                    ( Nucleus (leaf: 268) (text: and therefore contributes more to the bottom line then younger , more vigorous horses . ) (vein: [0, 1, 2, 4, 5, 7, 13, 27, 29, 30, 33, 56, 61, 62, 63, 66, 68, 76, 77, 78, 80, 82, 83, 86, 87, 88, 91, 95, 101, 102, 105, 107, 112, 113, 114, 116, 117, 126, 127, 128, 134, 136, 137, 138, 139, 142, 145, 148, 149, 151, 163, 168, 170, 174, 175, 177, 188, 190, 194, 197, 198, 201, 204, 215, 216, 218, 219, 223, 226, 228, 229, 230, 231, 232, 236, 242, 244, 249, 250, 252, 255, 260, 265, 266, 267, 268]) )
                                                  )
                                                  ( Sattelite (span: 269 271)
                                                    ( Nucleus (leaf: 269) (text: 13 . Rewriting the expected performance requirements for all horses . ) (vein: [0, 1, 2, 4, 5, 7, 13, 27, 29, 30, 33, 56, 61, 62, 63, 66, 68, 76, 77, 78, 80, 82, 83, 86, 87, 88, 91, 95, 101, 102, 105, 107, 112, 113, 114, 116, 117, 126, 127, 128, 134, 136, 137, 138, 139, 142, 145, 148, 149, 151, 163, 168, 170, 174, 175, 177, 188, 190, 194, 197, 198, 201, 204, 215, 216, 218, 219, 223, 226, 228, 229, 230, 231, 232, 236, 242, 244, 249, 250, 252, 255, 260, 265, 267, 268, 269, 270]) )
                                                    ( Nucleus (span: 270 271)
                                                      ( Nucleus (leaf: 270) (text: And , as a final strategy : ) (vein: [0, 1, 2, 4, 5, 7, 13, 27, 29, 30, 33, 56, 61, 62, 63, 66, 68, 76, 77, 78, 80, 82, 83, 86, 87, 88, 91, 95, 101, 102, 105, 107, 112, 113, 114, 116, 117, 126, 127, 128, 134, 136, 137, 138, 139, 142, 145, 148, 149, 151, 163, 168, 170, 174, 175, 177, 188, 190, 194, 197, 198, 201, 204, 215, 216, 218, 219, 223, 226, 228, 229, 230, 231, 232, 236, 242, 244, 249, 250, 252, 255, 260, 265, 267, 268, 269, 270]) )
                                                      ( Sattelite (leaf: 271) (text: 14 . Promoting the dead horse to a supervisory position . ) (vein: [0, 1, 2, 4, 5, 7, 13, 27, 29, 30, 33, 56, 61, 62, 63, 66, 68, 76, 77, 78, 80, 82, 83, 86, 87, 88, 91, 95, 101, 102, 105, 107, 112, 113, 114, 116, 117, 126, 127, 128, 134, 136, 137, 138, 139, 142, 145, 148, 149, 151, 163, 168, 170, 174, 175, 177, 188, 190, 194, 197, 198, 201, 204, 215, 216, 218, 219, 223, 226, 228, 229, 230, 231, 232, 236, 242, 244, 249, 250, 252, 255, 260, 265, 267, 268, 269, 270, 271]) )
                                                    )
                                                  )
                                                )
                                              )
                                            )
                                          )
                                        )
                                      )
                                    )
                                  )
                                )
                              )
                            )
                          )
                        )
                      )
                    )
                  )
                )
              )
            )
          )
        )
      )
    )
  )
)

