( Root (0 201 )
  ( Nucleus (span: 0 44)
    ( Nucleus (span: 0 10)
      ( Nucleus (leaf: 0) (text: ) (vein: [0, 11, 22, 23, 36, 39, 45, 46, 48, 50, 51]) )
      ( Sattelite (span: 1 10)
        ( Nucleus (span: 1 2)
          ( Nucleus (leaf: 1) (text: ) (vein: [0, 1, 11, 22, 23, 36, 39, 45, 46, 48, 50, 51]) )
          ( Sattelite (leaf: 2) (text: ) (vein: [0, 1, 2, 11, 22, 23, 36, 39, 45, 46, 48, 50, 51]) )
        )
        ( Sattelite (span: 3 10)
          ( Nucleus (leaf: 3) (text: ) (vein: [0, 1, 3, 11, 22, 23, 36, 39, 45, 46, 48, 50, 51]) )
          ( Sattelite (span: 4 10)
            ( Nucleus (leaf: 4) (text: ) (vein: [0, 1, 3, 4, 11, 22, 23, 36, 39, 45, 46, 48, 50, 51]) )
            ( Sattelite (span: 5 10)
              ( Nucleus (leaf: 5) (text: ) (vein: [0, 1, 3, 4, 5, 11, 22, 23, 36, 39, 45, 46, 48, 50, 51]) )
              ( Sattelite (span: 6 10)
                ( Nucleus (span: 6 7)
                  ( Nucleus (leaf: 6) (text: ) (vein: [0, 1, 3, 4, 5, 6, 11, 22, 23, 36, 39, 45, 46, 48, 50, 51]) )
                  ( Sattelite (leaf: 7) (text: ) (vein: [0, 1, 3, 4, 5, 6, 7, 11, 22, 23, 36, 39, 45, 46, 48, 50, 51]) )
                )
                ( Sattelite (span: 8 10)
                  ( Nucleus (leaf: 8) (text: ) (vein: [0, 1, 3, 4, 5, 6, 8, 11, 22, 23, 36, 39, 45, 46, 48, 50, 51]) )
                  ( Sattelite (span: 9 10)
                    ( Nucleus (leaf: 9) (text: ) (vein: [0, 1, 3, 4, 5, 6, 8, 9, 10, 11, 22, 23, 36, 39, 45, 46, 48, 50, 51]) )
                    ( Nucleus (leaf: 10) (text: ) (vein: [0, 1, 3, 4, 5, 6, 8, 9, 10, 11, 22, 23, 36, 39, 45, 46, 48, 50, 51]) )
                  )
                )
              )
            )
          )
        )
      )
    )
    ( Nucleus (span: 11 44)
      ( Nucleus (span: 11 21)
        ( Nucleus (span: 11 12)
          ( Nucleus (leaf: 11) (text: ) (vein: [0, 11, 22, 23, 36, 39, 45, 46, 48, 50, 51]) )
          ( Sattelite (leaf: 12) (text: ) (vein: [0, 11, 12, 22, 23, 36, 39, 45, 46, 48, 50, 51]) )
        )
        ( Sattelite (span: 13 21)
          ( Nucleus (span: 13 14)
            ( Nucleus (leaf: 13) (text: ) (vein: [0, 11, 13, 14, 22, 23, 36, 39, 45, 46, 48, 50, 51]) )
            ( Nucleus (leaf: 14) (text: ) (vein: [0, 11, 13, 14, 22, 23, 36, 39, 45, 46, 48, 50, 51]) )
          )
          ( Sattelite (span: 15 21)
            ( Nucleus (leaf: 15) (text: ) (vein: [0, 11, 13, 14, 15, 22, 23, 36, 39, 45, 46, 48, 50, 51]) )
            ( Sattelite (span: 16 21)
              ( Nucleus (span: 16 17)
                ( Nucleus (leaf: 16) (text: ) (vein: [0, 11, 13, 14, 15, 16, 22, 23, 36, 39, 45, 46, 48, 50, 51]) )
                ( Sattelite (leaf: 17) (text: ) (vein: [0, 11, 13, 14, 15, 16, 17, 22, 23, 36, 39, 45, 46, 48, 50, 51]) )
              )
              ( Sattelite (span: 18 21)
                ( Nucleus (leaf: 18) (text: ) (vein: [0, 11, 13, 14, 15, 16, 18, 22, 23, 36, 39, 45, 46, 48, 50, 51]) )
                ( Sattelite (span: 19 21)
                  ( Nucleus (leaf: 19) (text: ) (vein: [0, 11, 13, 14, 15, 16, 18, 19, 22, 23, 36, 39, 45, 46, 48, 50, 51]) )
                  ( Sattelite (span: 20 21)
                    ( Nucleus (leaf: 20) (text: ) (vein: [0, 11, 13, 14, 15, 16, 18, 19, 20, 22, 23, 36, 39, 45, 46, 48, 50, 51]) )
                    ( Sattelite (leaf: 21) (text: ) (vein: [0, 11, 13, 14, 15, 16, 18, 19, 20, 21, 22, 23, 36, 39, 45, 46, 48, 50, 51]) )
                  )
                )
              )
            )
          )
        )
      )
      ( Nucleus (span: 22 44)
        ( Nucleus (span: 22 35)
          ( Nucleus (span: 22 23)
            ( Nucleus (leaf: 22) (text: ) (vein: [0, 11, 22, 23, 36, 39, 45, 46, 48, 50, 51]) )
            ( Nucleus (leaf: 23) (text: ) (vein: [0, 11, 22, 23, 36, 39, 45, 46, 48, 50, 51]) )
          )
          ( Sattelite (span: 24 35)
            ( Nucleus (leaf: 24) (text: ) (vein: [0, 11, 22, 23, 24, 36, 39, 45, 46, 48, 50, 51]) )
            ( Sattelite (span: 25 35)
              ( Nucleus (span: 25 26)
                ( Nucleus (leaf: 25) (text: ) (vein: [0, 11, 22, 23, 24, 25, 36, 39, 45, 46, 48, 50, 51]) )
                ( Sattelite (leaf: 26) (text: ) (vein: [0, 11, 22, 23, 24, 25, 26, 36, 39, 45, 46, 48, 50, 51]) )
              )
              ( Sattelite (span: 27 35)
                ( Nucleus (leaf: 27) (text: ) (vein: [0, 11, 22, 23, 24, 25, 27, 36, 39, 45, 46, 48, 50, 51]) )
                ( Sattelite (span: 28 35)
                  ( Nucleus (leaf: 28) (text: ) (vein: [0, 11, 22, 23, 24, 25, 27, 28, 36, 39, 45, 46, 48, 50, 51]) )
                  ( Sattelite (span: 29 35)
                    ( Nucleus (leaf: 29) (text: ) (vein: [0, 11, 22, 23, 24, 25, 27, 28, 29, 36, 39, 45, 46, 48, 50, 51]) )
                    ( Sattelite (span: 30 35)
                      ( Nucleus (leaf: 30) (text: ) (vein: [0, 11, 22, 23, 24, 25, 27, 28, 29, 30, 36, 39, 45, 46, 48, 50, 51]) )
                      ( Sattelite (span: 31 35)
                        ( Nucleus (leaf: 31) (text: ) (vein: [0, 11, 22, 23, 24, 25, 27, 28, 29, 30, 31, 36, 39, 45, 46, 48, 50, 51]) )
                        ( Sattelite (span: 32 35)
                          ( Nucleus (leaf: 32) (text: ) (vein: [0, 11, 22, 23, 24, 25, 27, 28, 29, 30, 31, 32, 36, 39, 45, 46, 48, 50, 51]) )
                          ( Sattelite (span: 33 35)
                            ( Nucleus (leaf: 33) (text: ) (vein: [0, 11, 22, 23, 24, 25, 27, 28, 29, 30, 31, 32, 33, 36, 39, 45, 46, 48, 50, 51]) )
                            ( Sattelite (span: 34 35)
                              ( Nucleus (leaf: 34) (text: ) (vein: [0, 11, 22, 23, 24, 25, 27, 28, 29, 30, 31, 32, 33, 34, 36, 39, 45, 46, 48, 50, 51]) )
                              ( Sattelite (leaf: 35) (text: ) (vein: [0, 11, 22, 23, 24, 25, 27, 28, 29, 30, 31, 32, 33, 34, 35, 36, 39, 45, 46, 48, 50, 51]) )
                            )
                          )
                        )
                      )
                    )
                  )
                )
              )
            )
          )
        )
        ( Nucleus (span: 36 44)
          ( Nucleus (span: 36 38)
            ( Nucleus (leaf: 36) (text: ) (vein: [0, 11, 22, 23, 36, 39, 45, 46, 48, 50, 51]) )
            ( Sattelite (span: 37 38)
              ( Nucleus (leaf: 37) (text: ) (vein: [0, 11, 22, 23, 36, 37, 39, 45, 46, 48, 50, 51]) )
              ( Sattelite (leaf: 38) (text: ) (vein: [0, 11, 22, 23, 36, 37, 38, 39, 45, 46, 48, 50, 51]) )
            )
          )
          ( Nucleus (span: 39 44)
            ( Nucleus (span: 39 41)
              ( Nucleus (leaf: 39) (text: ) (vein: [0, 11, 22, 23, 36, 39, 45, 46, 48, 50, 51]) )
              ( Sattelite (span: 40 41)
                ( Nucleus (leaf: 40) (text: ) (vein: [0, 11, 22, 23, 36, 39, 40, 45, 46, 48, 50, 51]) )
                ( Sattelite (leaf: 41) (text: ) (vein: [0, 11, 22, 23, 36, 39, 40, 41, 45, 46, 48, 50, 51]) )
              )
            )
            ( Sattelite (span: 42 44)
              ( Nucleus (leaf: 42) (text: ) (vein: [0, 11, 22, 23, 36, 39, 42, 45, 46, 48, 50, 51]) )
              ( Sattelite (span: 43 44)
                ( Nucleus (leaf: 43) (text: ) (vein: [0, 11, 22, 23, 36, 39, 42, 43, 45, 46, 48, 50, 51]) )
                ( Sattelite (leaf: 44) (text: ) (vein: [0, 11, 22, 23, 36, 39, 42, 43, 44, 45, 46, 48, 50, 51]) )
              )
            )
          )
        )
      )
    )
  )
  ( Nucleus (span: 45 201)
    ( Nucleus (span: 45 52)
      ( Nucleus (span: 45 46)
        ( Nucleus (leaf: 45) (text: ) (vein: [0, 11, 22, 23, 36, 39, 45, 46, 48, 50, 51]) )
        ( Nucleus (leaf: 46) (text: ) (vein: [0, 11, 22, 23, 36, 39, 45, 46, 48, 50, 51]) )
      )
      ( Nucleus (span: 47 52)
        ( Sattelite (leaf: 47) (text: ) (vein: [0, 11, 22, 23, 36, 39, 45, 46, 47, 48, 50, 51]) )
        ( Nucleus (span: 48 52)
          ( Nucleus (span: 48 49)
            ( Nucleus (leaf: 48) (text: ) (vein: [0, 11, 22, 23, 36, 39, 45, 46, 47, 48, 50, 51]) )
            ( Sattelite (leaf: 49) (text: ) (vein: [0, 11, 22, 23, 36, 39, 45, 46, 48, 49, 50, 51]) )
          )
          ( Nucleus (span: 50 52)
            ( Nucleus (leaf: 50) (text: ) (vein: [0, 11, 22, 23, 36, 39, 45, 46, 47, 48, 50, 51]) )
            ( Nucleus (span: 51 52)
              ( Nucleus (leaf: 51) (text: ) (vein: [0, 11, 22, 23, 36, 39, 45, 46, 47, 48, 50, 51]) )
              ( Sattelite (leaf: 52) (text: ) (vein: [0, 11, 22, 23, 36, 39, 45, 46, 48, 50, 51, 52]) )
            )
          )
        )
      )
    )
    ( Sattelite (span: 53 201)
      ( Nucleus (span: 53 97)
        ( Nucleus (span: 53 72)
          ( Nucleus (span: 53 55)
            ( Nucleus (leaf: 53) (text: ) (vein: [0, 11, 22, 23, 36, 39, 45, 46, 48, 50, 51, 53, 73, 75, 82, 87, 92]) )
            ( Sattelite (span: 54 55)
              ( Nucleus (leaf: 54) (text: ) (vein: [0, 11, 22, 23, 36, 39, 45, 46, 48, 50, 51, 53, 54, 73, 75, 82, 87, 92]) )
              ( Sattelite (leaf: 55) (text: ) (vein: [0, 11, 22, 23, 36, 39, 45, 46, 48, 50, 51, 53, 54, 55, 73, 75, 82, 87, 92]) )
            )
          )
          ( Sattelite (span: 56 72)
            ( Nucleus (span: 56 57)
              ( Nucleus (leaf: 56) (text: ) (vein: [0, 11, 22, 23, 36, 39, 45, 46, 48, 50, 51, 53, 56, 73, 75, 82, 87, 92]) )
              ( Sattelite (leaf: 57) (text: ) (vein: [0, 11, 22, 23, 36, 39, 45, 46, 48, 50, 51, 53, 56, 57, 73, 75, 82, 87, 92]) )
            )
            ( Sattelite (span: 58 72)
              ( Nucleus (leaf: 58) (text: ) (vein: [0, 11, 22, 23, 36, 39, 45, 46, 48, 50, 51, 53, 56, 58, 73, 75, 82, 87, 92]) )
              ( Sattelite (span: 59 72)
                ( Nucleus (leaf: 59) (text: ) (vein: [0, 11, 22, 23, 36, 39, 45, 46, 48, 50, 51, 53, 56, 58, 59, 73, 75, 82, 87, 92]) )
                ( Sattelite (span: 60 72)
                  ( Nucleus (span: 60 61)
                    ( Nucleus (leaf: 60) (text: ) (vein: [0, 11, 22, 23, 36, 39, 45, 46, 48, 50, 51, 53, 56, 58, 59, 60, 73, 75, 82, 87, 92]) )
                    ( Sattelite (leaf: 61) (text: ) (vein: [0, 11, 22, 23, 36, 39, 45, 46, 48, 50, 51, 53, 56, 58, 59, 60, 61, 73, 75, 82, 87, 92]) )
                  )
                  ( Sattelite (span: 62 72)
                    ( Nucleus (leaf: 62) (text: ) (vein: [0, 11, 22, 23, 36, 39, 45, 46, 48, 50, 51, 53, 56, 58, 59, 60, 62, 73, 75, 82, 87, 92]) )
                    ( Sattelite (span: 63 72)
                      ( Nucleus (leaf: 63) (text: ) (vein: [0, 11, 22, 23, 36, 39, 45, 46, 48, 50, 51, 53, 56, 58, 59, 60, 62, 63, 73, 75, 82, 87, 92]) )
                      ( Sattelite (span: 64 72)
                        ( Nucleus (leaf: 64) (text: ) (vein: [0, 11, 22, 23, 36, 39, 45, 46, 48, 50, 51, 53, 56, 58, 59, 60, 62, 63, 64, 73, 75, 82, 87, 92]) )
                        ( Sattelite (span: 65 72)
                          ( Nucleus (leaf: 65) (text: ) (vein: [0, 11, 22, 23, 36, 39, 45, 46, 48, 50, 51, 53, 56, 58, 59, 60, 62, 63, 64, 65, 73, 75, 82, 87, 92]) )
                          ( Sattelite (span: 66 72)
                            ( Nucleus (leaf: 66) (text: ) (vein: [0, 11, 22, 23, 36, 39, 45, 46, 48, 50, 51, 53, 56, 58, 59, 60, 62, 63, 64, 65, 66, 73, 75, 82, 87, 92]) )
                            ( Sattelite (span: 67 72)
                              ( Nucleus (leaf: 67) (text: ) (vein: [0, 11, 22, 23, 36, 39, 45, 46, 48, 50, 51, 53, 56, 58, 59, 60, 62, 63, 64, 65, 66, 67, 73, 75, 82, 87, 92]) )
                              ( Sattelite (span: 68 72)
                                ( Nucleus (span: 68 69)
                                  ( Nucleus (leaf: 68) (text: ) (vein: [0, 11, 22, 23, 36, 39, 45, 46, 48, 50, 51, 53, 56, 58, 59, 60, 62, 63, 64, 65, 66, 67, 68, 73, 75, 82, 87, 92]) )
                                  ( Sattelite (leaf: 69) (text: ) (vein: [0, 11, 22, 23, 36, 39, 45, 46, 48, 50, 51, 53, 56, 58, 59, 60, 62, 63, 64, 65, 66, 67, 68, 69, 73, 75, 82, 87, 92]) )
                                )
                                ( Sattelite (span: 70 72)
                                  ( Nucleus (span: 70 71)
                                    ( Nucleus (leaf: 70) (text: ) (vein: [0, 11, 22, 23, 36, 39, 45, 46, 48, 50, 51, 53, 56, 58, 59, 60, 62, 63, 64, 65, 66, 67, 68, 70, 73, 75, 82, 87, 92]) )
                                    ( Sattelite (leaf: 71) (text: ) (vein: [0, 11, 22, 23, 36, 39, 45, 46, 48, 50, 51, 53, 56, 58, 59, 60, 62, 63, 64, 65, 66, 67, 68, 70, 71, 73, 75, 82, 87, 92]) )
                                  )
                                  ( Sattelite (leaf: 72) (text: ) (vein: [0, 11, 22, 23, 36, 39, 45, 46, 48, 50, 51, 53, 56, 58, 59, 60, 62, 63, 64, 65, 66, 67, 68, 70, 72, 73, 75, 82, 87, 92]) )
                                )
                              )
                            )
                          )
                        )
                      )
                    )
                  )
                )
              )
            )
          )
        )
        ( Nucleus (span: 73 97)
          ( Nucleus (leaf: 73) (text: ) (vein: [0, 11, 22, 23, 36, 39, 45, 46, 48, 50, 51, 53, 73, 75, 82, 87, 92]) )
          ( Nucleus (span: 74 97)
            ( Sattelite (leaf: 74) (text: ) (vein: [0, 11, 22, 23, 36, 39, 45, 46, 48, 50, 51, 53, 73, 74, 75, 82, 87, 92]) )
            ( Nucleus (span: 75 97)
              ( Nucleus (span: 75 81)
                ( Nucleus (span: 75 76)
                  ( Nucleus (leaf: 75) (text: ) (vein: [0, 11, 22, 23, 36, 39, 45, 46, 48, 50, 51, 53, 73, 74, 75, 82, 87, 92]) )
                  ( Sattelite (leaf: 76) (text: ) (vein: [0, 11, 22, 23, 36, 39, 45, 46, 48, 50, 51, 53, 73, 75, 76, 82, 87, 92]) )
                )
                ( Sattelite (span: 77 81)
                  ( Nucleus (leaf: 77) (text: ) (vein: [0, 11, 22, 23, 36, 39, 45, 46, 48, 50, 51, 53, 73, 75, 77, 82, 87, 92]) )
                  ( Sattelite (span: 78 81)
                    ( Nucleus (span: 78 79)
                      ( Nucleus (leaf: 78) (text: ) (vein: [0, 11, 22, 23, 36, 39, 45, 46, 48, 50, 51, 53, 73, 75, 77, 78, 82, 87, 92]) )
                      ( Sattelite (leaf: 79) (text: ) (vein: [0, 11, 22, 23, 36, 39, 45, 46, 48, 50, 51, 53, 73, 75, 77, 78, 79, 82, 87, 92]) )
                    )
                    ( Sattelite (span: 80 81)
                      ( Nucleus (leaf: 80) (text: ) (vein: [0, 11, 22, 23, 36, 39, 45, 46, 48, 50, 51, 53, 73, 75, 77, 78, 80, 82, 87, 92]) )
                      ( Sattelite (leaf: 81) (text: ) (vein: [0, 11, 22, 23, 36, 39, 45, 46, 48, 50, 51, 53, 73, 75, 77, 78, 80, 81, 82, 87, 92]) )
                    )
                  )
                )
              )
              ( Nucleus (span: 82 97)
                ( Nucleus (span: 82 86)
                  ( Nucleus (leaf: 82) (text: ) (vein: [0, 11, 22, 23, 36, 39, 45, 46, 48, 50, 51, 53, 73, 74, 75, 82, 87, 92]) )
                  ( Sattelite (span: 83 86)
                    ( Nucleus (leaf: 83) (text: ) (vein: [0, 11, 22, 23, 36, 39, 45, 46, 48, 50, 51, 53, 73, 75, 82, 83, 84, 87, 92]) )
                    ( Nucleus (span: 84 86)
                      ( Nucleus (leaf: 84) (text: ) (vein: [0, 11, 22, 23, 36, 39, 45, 46, 48, 50, 51, 53, 73, 75, 82, 83, 84, 87, 92]) )
                      ( Sattelite (span: 85 86)
                        ( Nucleus (leaf: 85) (text: ) (vein: [0, 11, 22, 23, 36, 39, 45, 46, 48, 50, 51, 53, 73, 75, 82, 83, 84, 85, 86, 87, 92]) )
                        ( Nucleus (leaf: 86) (text: ) (vein: [0, 11, 22, 23, 36, 39, 45, 46, 48, 50, 51, 53, 73, 75, 82, 83, 84, 85, 86, 87, 92]) )
                      )
                    )
                  )
                )
                ( Nucleus (span: 87 97)
                  ( Nucleus (span: 87 90)
                    ( Nucleus (span: 87 88)
                      ( Nucleus (leaf: 87) (text: ) (vein: [0, 11, 22, 23, 36, 39, 45, 46, 48, 50, 51, 53, 73, 74, 75, 82, 87, 92]) )
                      ( Sattelite (leaf: 88) (text: ) (vein: [0, 11, 22, 23, 36, 39, 45, 46, 48, 50, 51, 53, 73, 75, 82, 87, 88, 92]) )
                    )
                    ( Sattelite (span: 89 90)
                      ( Nucleus (leaf: 89) (text: ) (vein: [0, 11, 22, 23, 36, 39, 45, 46, 48, 50, 51, 53, 73, 75, 82, 87, 89, 92]) )
                      ( Sattelite (leaf: 90) (text: ) (vein: [0, 11, 22, 23, 36, 39, 45, 46, 48, 50, 51, 53, 73, 75, 82, 87, 89, 90, 92]) )
                    )
                  )
                  ( Nucleus (span: 91 97)
                    ( Nucleus (span: 91 92)
                      ( Sattelite (leaf: 91) (text: ) (vein: [0, 11, 22, 23, 36, 39, 45, 46, 48, 50, 51, 53, 73, 74, 75, 82, 87, 91, 92]) )
                      ( Nucleus (leaf: 92) (text: ) (vein: [0, 11, 22, 23, 36, 39, 45, 46, 48, 50, 51, 53, 73, 74, 75, 82, 87, 91, 92]) )
                    )
                    ( Sattelite (span: 93 97)
                      ( Nucleus (span: 93 94)
                        ( Nucleus (leaf: 93) (text: ) (vein: [0, 11, 22, 23, 36, 39, 45, 46, 48, 50, 51, 53, 73, 75, 82, 87, 92, 93]) )
                        ( Sattelite (leaf: 94) (text: ) (vein: [0, 11, 22, 23, 36, 39, 45, 46, 48, 50, 51, 53, 73, 75, 82, 87, 92, 93, 94]) )
                      )
                      ( Sattelite (span: 95 97)
                        ( Nucleus (leaf: 95) (text: ) (vein: [0, 11, 22, 23, 36, 39, 45, 46, 48, 50, 51, 53, 73, 75, 82, 87, 92, 93, 95]) )
                        ( Sattelite (span: 96 97)
                          ( Nucleus (leaf: 96) (text: ) (vein: [0, 11, 22, 23, 36, 39, 45, 46, 48, 50, 51, 53, 73, 75, 82, 87, 92, 93, 95, 96]) )
                          ( Sattelite (leaf: 97) (text: ) (vein: [0, 11, 22, 23, 36, 39, 45, 46, 48, 50, 51, 53, 73, 75, 82, 87, 92, 93, 95, 96, 97]) )
                        )
                      )
                    )
                  )
                )
              )
            )
          )
        )
      )
      ( Sattelite (span: 98 201)
        ( Nucleus (span: 98 109)
          ( Nucleus (span: 98 102)
            ( Nucleus (leaf: 98) (text: ) (vein: [0, 11, 22, 23, 36, 39, 45, 46, 48, 50, 51, 53, 73, 75, 82, 87, 92, 98, 103]) )
            ( Sattelite (span: 99 102)
              ( Nucleus (leaf: 99) (text: ) (vein: [0, 11, 22, 23, 36, 39, 45, 46, 48, 50, 51, 53, 73, 75, 82, 87, 92, 98, 99, 103]) )
              ( Sattelite (span: 100 102)
                ( Nucleus (leaf: 100) (text: ) (vein: [0, 11, 22, 23, 36, 39, 45, 46, 48, 50, 51, 53, 73, 75, 82, 87, 92, 98, 99, 100, 103]) )
                ( Sattelite (span: 101 102)
                  ( Nucleus (leaf: 101) (text: ) (vein: [0, 11, 22, 23, 36, 39, 45, 46, 48, 50, 51, 53, 73, 75, 82, 87, 92, 98, 99, 100, 101, 103]) )
                  ( Sattelite (leaf: 102) (text: ) (vein: [0, 11, 22, 23, 36, 39, 45, 46, 48, 50, 51, 53, 73, 75, 82, 87, 92, 98, 99, 100, 101, 102, 103]) )
                )
              )
            )
          )
          ( Nucleus (span: 103 109)
            ( Nucleus (leaf: 103) (text: ) (vein: [0, 11, 22, 23, 36, 39, 45, 46, 48, 50, 51, 53, 73, 75, 82, 87, 92, 98, 103]) )
            ( Sattelite (span: 104 109)
              ( Nucleus (leaf: 104) (text: ) (vein: [0, 11, 22, 23, 36, 39, 45, 46, 48, 50, 51, 53, 73, 75, 82, 87, 92, 98, 103, 104]) )
              ( Sattelite (span: 105 109)
                ( Nucleus (span: 105 106)
                  ( Nucleus (leaf: 105) (text: ) (vein: [0, 11, 22, 23, 36, 39, 45, 46, 48, 50, 51, 53, 73, 75, 82, 87, 92, 98, 103, 104, 105]) )
                  ( Sattelite (leaf: 106) (text: ) (vein: [0, 11, 22, 23, 36, 39, 45, 46, 48, 50, 51, 53, 73, 75, 82, 87, 92, 98, 103, 104, 105, 106]) )
                )
                ( Sattelite (span: 107 109)
                  ( Nucleus (leaf: 107) (text: ) (vein: [0, 11, 22, 23, 36, 39, 45, 46, 48, 50, 51, 53, 73, 75, 82, 87, 92, 98, 103, 104, 105, 107]) )
                  ( Sattelite (span: 108 109)
                    ( Nucleus (leaf: 108) (text: ) (vein: [0, 11, 22, 23, 36, 39, 45, 46, 48, 50, 51, 53, 73, 75, 82, 87, 92, 98, 103, 104, 105, 107, 108]) )
                    ( Sattelite (leaf: 109) (text: ) (vein: [0, 11, 22, 23, 36, 39, 45, 46, 48, 50, 51, 53, 73, 75, 82, 87, 92, 98, 103, 104, 105, 107, 108, 109]) )
                  )
                )
              )
            )
          )
        )
        ( Sattelite (span: 110 201)
          ( Nucleus (span: 110 127)
            ( Sattelite (span: 110 114)
              ( Nucleus (leaf: 110) (text: ) (vein: [0, 11, 22, 23, 36, 39, 45, 46, 48, 50, 51, 53, 73, 75, 82, 87, 92, 98, 103, 110, 115, 118, 119, 126]) )
              ( Sattelite (span: 111 114)
                ( Nucleus (leaf: 111) (text: ) (vein: [0, 11, 22, 23, 36, 39, 45, 46, 48, 50, 51, 53, 73, 75, 82, 87, 92, 98, 103, 110, 111, 115, 118, 119, 126]) )
                ( Sattelite (span: 112 114)
                  ( Nucleus (leaf: 112) (text: ) (vein: [0, 11, 22, 23, 36, 39, 45, 46, 48, 50, 51, 53, 73, 75, 82, 87, 92, 98, 103, 110, 111, 112, 115, 118, 119, 126]) )
                  ( Sattelite (span: 113 114)
                    ( Nucleus (leaf: 113) (text: ) (vein: [0, 11, 22, 23, 36, 39, 45, 46, 48, 50, 51, 53, 73, 75, 82, 87, 92, 98, 103, 110, 111, 112, 113, 115, 118, 119, 126]) )
                    ( Sattelite (leaf: 114) (text: ) (vein: [0, 11, 22, 23, 36, 39, 45, 46, 48, 50, 51, 53, 73, 75, 82, 87, 92, 98, 103, 110, 111, 112, 113, 114, 115, 118, 119, 126]) )
                  )
                )
              )
            )
            ( Nucleus (span: 115 127)
              ( Nucleus (span: 115 116)
                ( Nucleus (leaf: 115) (text: ) (vein: [0, 11, 22, 23, 36, 39, 45, 46, 48, 50, 51, 53, 73, 75, 82, 87, 92, 98, 103, 110, 115, 118, 119, 126]) )
                ( Sattelite (leaf: 116) (text: ) (vein: [0, 11, 22, 23, 36, 39, 45, 46, 48, 50, 51, 53, 73, 75, 82, 87, 92, 98, 103, 115, 116, 118, 119, 126]) )
              )
              ( Nucleus (span: 117 127)
                ( Sattelite (leaf: 117) (text: ) (vein: [0, 11, 22, 23, 36, 39, 45, 46, 48, 50, 51, 53, 73, 75, 82, 87, 92, 98, 103, 110, 115, 117, 118, 119, 126]) )
                ( Nucleus (span: 118 127)
                  ( Nucleus (span: 118 125)
                    ( Nucleus (span: 118 119)
                      ( Nucleus (leaf: 118) (text: ) (vein: [0, 11, 22, 23, 36, 39, 45, 46, 48, 50, 51, 53, 73, 75, 82, 87, 92, 98, 103, 110, 115, 117, 118, 119, 126]) )
                      ( Nucleus (leaf: 119) (text: ) (vein: [0, 11, 22, 23, 36, 39, 45, 46, 48, 50, 51, 53, 73, 75, 82, 87, 92, 98, 103, 110, 115, 117, 118, 119, 126]) )
                    )
                    ( Sattelite (span: 120 125)
                      ( Nucleus (span: 120 122)
                        ( Nucleus (leaf: 120) (text: ) (vein: [0, 11, 22, 23, 36, 39, 45, 46, 48, 50, 51, 53, 73, 75, 82, 87, 92, 98, 103, 115, 118, 119, 120, 126]) )
                        ( Sattelite (span: 121 122)
                          ( Nucleus (leaf: 121) (text: ) (vein: [0, 11, 22, 23, 36, 39, 45, 46, 48, 50, 51, 53, 73, 75, 82, 87, 92, 98, 103, 115, 118, 119, 120, 121, 122, 126]) )
                          ( Nucleus (leaf: 122) (text: ) (vein: [0, 11, 22, 23, 36, 39, 45, 46, 48, 50, 51, 53, 73, 75, 82, 87, 92, 98, 103, 115, 118, 119, 120, 121, 122, 126]) )
                        )
                      )
                      ( Sattelite (span: 123 125)
                        ( Nucleus (leaf: 123) (text: ) (vein: [0, 11, 22, 23, 36, 39, 45, 46, 48, 50, 51, 53, 73, 75, 82, 87, 92, 98, 103, 115, 118, 119, 120, 123, 126]) )
                        ( Sattelite (span: 124 125)
                          ( Nucleus (leaf: 124) (text: ) (vein: [0, 11, 22, 23, 36, 39, 45, 46, 48, 50, 51, 53, 73, 75, 82, 87, 92, 98, 103, 115, 118, 119, 120, 123, 124, 125, 126]) )
                          ( Nucleus (leaf: 125) (text: ) (vein: [0, 11, 22, 23, 36, 39, 45, 46, 48, 50, 51, 53, 73, 75, 82, 87, 92, 98, 103, 115, 118, 119, 120, 123, 124, 125, 126]) )
                        )
                      )
                    )
                  )
                  ( Nucleus (span: 126 127)
                    ( Nucleus (leaf: 126) (text: ) (vein: [0, 11, 22, 23, 36, 39, 45, 46, 48, 50, 51, 53, 73, 75, 82, 87, 92, 98, 103, 110, 115, 117, 118, 119, 126]) )
                    ( Sattelite (leaf: 127) (text: ) (vein: [0, 11, 22, 23, 36, 39, 45, 46, 48, 50, 51, 53, 73, 75, 82, 87, 92, 98, 103, 115, 118, 119, 126, 127]) )
                  )
                )
              )
            )
          )
          ( Sattelite (span: 128 201)
            ( Nucleus (span: 128 133)
              ( Nucleus (span: 128 130)
                ( Nucleus (leaf: 128) (text: ) (vein: [0, 11, 22, 23, 36, 39, 45, 46, 48, 50, 51, 53, 73, 75, 82, 87, 92, 98, 103, 115, 118, 119, 126, 128]) )
                ( Sattelite (span: 129 130)
                  ( Nucleus (leaf: 129) (text: ) (vein: [0, 11, 22, 23, 36, 39, 45, 46, 48, 50, 51, 53, 73, 75, 82, 87, 92, 98, 103, 115, 118, 119, 126, 128, 129, 130]) )
                  ( Nucleus (leaf: 130) (text: ) (vein: [0, 11, 22, 23, 36, 39, 45, 46, 48, 50, 51, 53, 73, 75, 82, 87, 92, 98, 103, 115, 118, 119, 126, 128, 129, 130]) )
                )
              )
              ( Sattelite (span: 131 133)
                ( Nucleus (span: 131 132)
                  ( Nucleus (leaf: 131) (text: ) (vein: [0, 11, 22, 23, 36, 39, 45, 46, 48, 50, 51, 53, 73, 75, 82, 87, 92, 98, 103, 115, 118, 119, 126, 128, 131]) )
                  ( Sattelite (leaf: 132) (text: ) (vein: [0, 11, 22, 23, 36, 39, 45, 46, 48, 50, 51, 53, 73, 75, 82, 87, 92, 98, 103, 115, 118, 119, 126, 128, 131, 132]) )
                )
                ( Sattelite (leaf: 133) (text: ) (vein: [0, 11, 22, 23, 36, 39, 45, 46, 48, 50, 51, 53, 73, 75, 82, 87, 92, 98, 103, 115, 118, 119, 126, 128, 131, 133]) )
              )
            )
            ( Sattelite (span: 134 201)
              ( Nucleus (span: 134 148)
                ( Sattelite (span: 134 135)
                  ( Nucleus (leaf: 134) (text: ) (vein: [0, 11, 22, 23, 36, 39, 45, 46, 48, 50, 51, 53, 73, 75, 82, 87, 92, 98, 103, 115, 118, 119, 126, 128, 134, 140, 141, 146, 147]) )
                  ( Sattelite (leaf: 135) (text: ) (vein: [0, 11, 22, 23, 36, 39, 45, 46, 48, 50, 51, 53, 73, 75, 82, 87, 92, 98, 103, 115, 118, 119, 126, 128, 134, 135, 140, 141, 146, 147]) )
                )
                ( Nucleus (span: 136 148)
                  ( Sattelite (span: 136 139)
                    ( Nucleus (leaf: 136) (text: ) (vein: [0, 11, 22, 23, 36, 39, 45, 46, 48, 50, 51, 53, 73, 75, 82, 87, 92, 98, 103, 115, 118, 119, 126, 128, 134, 136, 140, 141, 146, 147]) )
                    ( Sattelite (span: 137 139)
                      ( Nucleus (leaf: 137) (text: ) (vein: [0, 11, 22, 23, 36, 39, 45, 46, 48, 50, 51, 53, 73, 75, 82, 87, 92, 98, 103, 115, 118, 119, 126, 128, 136, 137, 140, 141, 146, 147]) )
                      ( Sattelite (span: 138 139)
                        ( Nucleus (leaf: 138) (text: ) (vein: [0, 11, 22, 23, 36, 39, 45, 46, 48, 50, 51, 53, 73, 75, 82, 87, 92, 98, 103, 115, 118, 119, 126, 128, 136, 137, 138, 140, 141, 146, 147]) )
                        ( Sattelite (leaf: 139) (text: ) (vein: [0, 11, 22, 23, 36, 39, 45, 46, 48, 50, 51, 53, 73, 75, 82, 87, 92, 98, 103, 115, 118, 119, 126, 128, 136, 137, 138, 139, 140, 141, 146, 147]) )
                      )
                    )
                  )
                  ( Nucleus (span: 140 148)
                    ( Nucleus (span: 140 144)
                      ( Nucleus (span: 140 143)
                        ( Nucleus (leaf: 140) (text: ) (vein: [0, 11, 22, 23, 36, 39, 45, 46, 48, 50, 51, 53, 73, 75, 82, 87, 92, 98, 103, 115, 118, 119, 126, 128, 134, 136, 140, 141, 146, 147]) )
                        ( Nucleus (span: 141 143)
                          ( Nucleus (leaf: 141) (text: ) (vein: [0, 11, 22, 23, 36, 39, 45, 46, 48, 50, 51, 53, 73, 75, 82, 87, 92, 98, 103, 115, 118, 119, 126, 128, 134, 136, 140, 141, 146, 147]) )
                          ( Sattelite (span: 142 143)
                            ( Nucleus (leaf: 142) (text: ) (vein: [0, 11, 22, 23, 36, 39, 45, 46, 48, 50, 51, 53, 73, 75, 82, 87, 92, 98, 103, 115, 118, 119, 126, 128, 140, 141, 142, 146, 147]) )
                            ( Sattelite (leaf: 143) (text: ) (vein: [0, 11, 22, 23, 36, 39, 45, 46, 48, 50, 51, 53, 73, 75, 82, 87, 92, 98, 103, 115, 118, 119, 126, 128, 140, 141, 142, 143, 146, 147]) )
                          )
                        )
                      )
                      ( Sattelite (leaf: 144) (text: ) (vein: [0, 11, 22, 23, 36, 39, 45, 46, 48, 50, 51, 53, 73, 75, 82, 87, 92, 98, 103, 115, 118, 119, 126, 128, 140, 141, 144, 146, 147]) )
                    )
                    ( Nucleus (span: 145 148)
                      ( Nucleus (span: 145 147)
                        ( Sattelite (leaf: 145) (text: ) (vein: [0, 11, 22, 23, 36, 39, 45, 46, 48, 50, 51, 53, 73, 75, 82, 87, 92, 98, 103, 115, 118, 119, 126, 128, 134, 136, 140, 141, 145, 146, 147]) )
                        ( Nucleus (span: 146 147)
                          ( Nucleus (leaf: 146) (text: ) (vein: [0, 11, 22, 23, 36, 39, 45, 46, 48, 50, 51, 53, 73, 75, 82, 87, 92, 98, 103, 115, 118, 119, 126, 128, 134, 136, 140, 141, 145, 146, 147]) )
                          ( Nucleus (leaf: 147) (text: ) (vein: [0, 11, 22, 23, 36, 39, 45, 46, 48, 50, 51, 53, 73, 75, 82, 87, 92, 98, 103, 115, 118, 119, 126, 128, 134, 136, 140, 141, 145, 146, 147]) )
                        )
                      )
                      ( Sattelite (leaf: 148) (text: ) (vein: [0, 11, 22, 23, 36, 39, 45, 46, 48, 50, 51, 53, 73, 75, 82, 87, 92, 98, 103, 115, 118, 119, 126, 128, 140, 141, 146, 147, 148]) )
                    )
                  )
                )
              )
              ( Sattelite (span: 149 201)
                ( Nucleus (span: 149 179)
                  ( Nucleus (leaf: 149) (text: ) (vein: [0, 11, 22, 23, 36, 39, 45, 46, 48, 50, 51, 53, 73, 75, 82, 87, 92, 98, 103, 115, 118, 119, 126, 128, 140, 141, 146, 147, 149, 150, 152, 153, 156, 157, 158, 160, 162, 163, 168, 169, 173]) )
                  ( Nucleus (span: 150 179)
                    ( Nucleus (span: 150 151)
                      ( Nucleus (leaf: 150) (text: ) (vein: [0, 11, 22, 23, 36, 39, 45, 46, 48, 50, 51, 53, 73, 75, 82, 87, 92, 98, 103, 115, 118, 119, 126, 128, 140, 141, 146, 147, 149, 150, 152, 153, 156, 157, 158, 160, 162, 163, 168, 169, 173]) )
                      ( Sattelite (leaf: 151) (text: ) (vein: [0, 11, 22, 23, 36, 39, 45, 46, 48, 50, 51, 53, 73, 75, 82, 87, 92, 98, 103, 115, 118, 119, 126, 128, 140, 141, 146, 147, 149, 150, 151, 152, 153, 156, 157, 158, 160, 162, 163, 168, 169, 173]) )
                    )
                    ( Nucleus (span: 152 179)
                      ( Nucleus (span: 152 155)
                        ( Nucleus (span: 152 153)
                          ( Nucleus (leaf: 152) (text: ) (vein: [0, 11, 22, 23, 36, 39, 45, 46, 48, 50, 51, 53, 73, 75, 82, 87, 92, 98, 103, 115, 118, 119, 126, 128, 140, 141, 146, 147, 149, 150, 152, 153, 156, 157, 158, 160, 162, 163, 168, 169, 173]) )
                          ( Nucleus (leaf: 153) (text: ) (vein: [0, 11, 22, 23, 36, 39, 45, 46, 48, 50, 51, 53, 73, 75, 82, 87, 92, 98, 103, 115, 118, 119, 126, 128, 140, 141, 146, 147, 149, 150, 152, 153, 156, 157, 158, 160, 162, 163, 168, 169, 173]) )
                        )
                        ( Sattelite (span: 154 155)
                          ( Nucleus (leaf: 154) (text: ) (vein: [0, 11, 22, 23, 36, 39, 45, 46, 48, 50, 51, 53, 73, 75, 82, 87, 92, 98, 103, 115, 118, 119, 126, 128, 140, 141, 146, 147, 149, 150, 152, 153, 154, 155, 156, 157, 158, 160, 162, 163, 168, 169, 173]) )
                          ( Nucleus (leaf: 155) (text: ) (vein: [0, 11, 22, 23, 36, 39, 45, 46, 48, 50, 51, 53, 73, 75, 82, 87, 92, 98, 103, 115, 118, 119, 126, 128, 140, 141, 146, 147, 149, 150, 152, 153, 154, 155, 156, 157, 158, 160, 162, 163, 168, 169, 173]) )
                        )
                      )
                      ( Nucleus (span: 156 179)
                        ( Nucleus (span: 156 159)
                          ( Nucleus (span: 156 158)
                            ( Nucleus (leaf: 156) (text: ) (vein: [0, 11, 22, 23, 36, 39, 45, 46, 48, 50, 51, 53, 73, 75, 82, 87, 92, 98, 103, 115, 118, 119, 126, 128, 140, 141, 146, 147, 149, 150, 152, 153, 156, 157, 158, 160, 162, 163, 168, 169, 173]) )
                            ( Nucleus (span: 157 158)
                              ( Nucleus (leaf: 157) (text: ) (vein: [0, 11, 22, 23, 36, 39, 45, 46, 48, 50, 51, 53, 73, 75, 82, 87, 92, 98, 103, 115, 118, 119, 126, 128, 140, 141, 146, 147, 149, 150, 152, 153, 156, 157, 158, 160, 162, 163, 168, 169, 173]) )
                              ( Nucleus (leaf: 158) (text: ) (vein: [0, 11, 22, 23, 36, 39, 45, 46, 48, 50, 51, 53, 73, 75, 82, 87, 92, 98, 103, 115, 118, 119, 126, 128, 140, 141, 146, 147, 149, 150, 152, 153, 156, 157, 158, 160, 162, 163, 168, 169, 173]) )
                            )
                          )
                          ( Sattelite (leaf: 159) (text: ) (vein: [0, 11, 22, 23, 36, 39, 45, 46, 48, 50, 51, 53, 73, 75, 82, 87, 92, 98, 103, 115, 118, 119, 126, 128, 140, 141, 146, 147, 149, 150, 152, 153, 156, 157, 158, 159, 160, 162, 163, 168, 169, 173]) )
                        )
                        ( Nucleus (span: 160 179)
                          ( Nucleus (span: 160 162)
                            ( Nucleus (span: 160 161)
                              ( Nucleus (leaf: 160) (text: ) (vein: [0, 11, 22, 23, 36, 39, 45, 46, 48, 50, 51, 53, 73, 75, 82, 87, 92, 98, 103, 115, 118, 119, 126, 128, 140, 141, 146, 147, 149, 150, 152, 153, 156, 157, 158, 160, 162, 163, 168, 169, 173]) )
                              ( Sattelite (leaf: 161) (text: ) (vein: [0, 11, 22, 23, 36, 39, 45, 46, 48, 50, 51, 53, 73, 75, 82, 87, 92, 98, 103, 115, 118, 119, 126, 128, 140, 141, 146, 147, 149, 150, 152, 153, 156, 157, 158, 160, 161, 162, 163, 168, 169, 173]) )
                            )
                            ( Nucleus (leaf: 162) (text: ) (vein: [0, 11, 22, 23, 36, 39, 45, 46, 48, 50, 51, 53, 73, 75, 82, 87, 92, 98, 103, 115, 118, 119, 126, 128, 140, 141, 146, 147, 149, 150, 152, 153, 156, 157, 158, 160, 162, 163, 168, 169, 173]) )
                          )
                          ( Nucleus (span: 163 179)
                            ( Nucleus (span: 163 167)
                              ( Nucleus (span: 163 164)
                                ( Nucleus (leaf: 163) (text: ) (vein: [0, 11, 22, 23, 36, 39, 45, 46, 48, 50, 51, 53, 73, 75, 82, 87, 92, 98, 103, 115, 118, 119, 126, 128, 140, 141, 146, 147, 149, 150, 152, 153, 156, 157, 158, 160, 162, 163, 168, 169, 173]) )
                                ( Sattelite (leaf: 164) (text: ) (vein: [0, 11, 22, 23, 36, 39, 45, 46, 48, 50, 51, 53, 73, 75, 82, 87, 92, 98, 103, 115, 118, 119, 126, 128, 140, 141, 146, 147, 149, 150, 152, 153, 156, 157, 158, 160, 162, 163, 164, 168, 169, 173]) )
                              )
                              ( Sattelite (span: 165 167)
                                ( Nucleus (leaf: 165) (text: ) (vein: [0, 11, 22, 23, 36, 39, 45, 46, 48, 50, 51, 53, 73, 75, 82, 87, 92, 98, 103, 115, 118, 119, 126, 128, 140, 141, 146, 147, 149, 150, 152, 153, 156, 157, 158, 160, 162, 163, 165, 168, 169, 173]) )
                                ( Sattelite (span: 166 167)
                                  ( Nucleus (leaf: 166) (text: ) (vein: [0, 11, 22, 23, 36, 39, 45, 46, 48, 50, 51, 53, 73, 75, 82, 87, 92, 98, 103, 115, 118, 119, 126, 128, 140, 141, 146, 147, 149, 150, 152, 153, 156, 157, 158, 160, 162, 163, 165, 166, 168, 169, 173]) )
                                  ( Sattelite (leaf: 167) (text: ) (vein: [0, 11, 22, 23, 36, 39, 45, 46, 48, 50, 51, 53, 73, 75, 82, 87, 92, 98, 103, 115, 118, 119, 126, 128, 140, 141, 146, 147, 149, 150, 152, 153, 156, 157, 158, 160, 162, 163, 165, 166, 167, 168, 169, 173]) )
                                )
                              )
                            )
                            ( Nucleus (span: 168 179)
                              ( Nucleus (leaf: 168) (text: ) (vein: [0, 11, 22, 23, 36, 39, 45, 46, 48, 50, 51, 53, 73, 75, 82, 87, 92, 98, 103, 115, 118, 119, 126, 128, 140, 141, 146, 147, 149, 150, 152, 153, 156, 157, 158, 160, 162, 163, 168, 169, 173]) )
                              ( Nucleus (span: 169 179)
                                ( Nucleus (span: 169 172)
                                  ( Nucleus (leaf: 169) (text: ) (vein: [0, 11, 22, 23, 36, 39, 45, 46, 48, 50, 51, 53, 73, 75, 82, 87, 92, 98, 103, 115, 118, 119, 126, 128, 140, 141, 146, 147, 149, 150, 152, 153, 156, 157, 158, 160, 162, 163, 168, 169, 173]) )
                                  ( Sattelite (span: 170 172)
                                    ( Nucleus (leaf: 170) (text: ) (vein: [0, 11, 22, 23, 36, 39, 45, 46, 48, 50, 51, 53, 73, 75, 82, 87, 92, 98, 103, 115, 118, 119, 126, 128, 140, 141, 146, 147, 149, 150, 152, 153, 156, 157, 158, 160, 162, 163, 168, 169, 170, 173]) )
                                    ( Sattelite (span: 171 172)
                                      ( Nucleus (leaf: 171) (text: ) (vein: [0, 11, 22, 23, 36, 39, 45, 46, 48, 50, 51, 53, 73, 75, 82, 87, 92, 98, 103, 115, 118, 119, 126, 128, 140, 141, 146, 147, 149, 150, 152, 153, 156, 157, 158, 160, 162, 163, 168, 169, 170, 171, 172, 173]) )
                                      ( Nucleus (leaf: 172) (text: ) (vein: [0, 11, 22, 23, 36, 39, 45, 46, 48, 50, 51, 53, 73, 75, 82, 87, 92, 98, 103, 115, 118, 119, 126, 128, 140, 141, 146, 147, 149, 150, 152, 153, 156, 157, 158, 160, 162, 163, 168, 169, 170, 171, 172, 173]) )
                                    )
                                  )
                                )
                                ( Nucleus (span: 173 179)
                                  ( Nucleus (span: 173 174)
                                    ( Nucleus (leaf: 173) (text: ) (vein: [0, 11, 22, 23, 36, 39, 45, 46, 48, 50, 51, 53, 73, 75, 82, 87, 92, 98, 103, 115, 118, 119, 126, 128, 140, 141, 146, 147, 149, 150, 152, 153, 156, 157, 158, 160, 162, 163, 168, 169, 173]) )
                                    ( Sattelite (leaf: 174) (text: ) (vein: [0, 11, 22, 23, 36, 39, 45, 46, 48, 50, 51, 53, 73, 75, 82, 87, 92, 98, 103, 115, 118, 119, 126, 128, 140, 141, 146, 147, 149, 150, 152, 153, 156, 157, 158, 160, 162, 163, 168, 169, 173, 174]) )
                                  )
                                  ( Sattelite (span: 175 179)
                                    ( Nucleus (leaf: 175) (text: ) (vein: [0, 11, 22, 23, 36, 39, 45, 46, 48, 50, 51, 53, 73, 75, 82, 87, 92, 98, 103, 115, 118, 119, 126, 128, 140, 141, 146, 147, 149, 150, 152, 153, 156, 157, 158, 160, 162, 163, 168, 169, 173, 175]) )
                                    ( Sattelite (span: 176 179)
                                      ( Nucleus (leaf: 176) (text: ) (vein: [0, 11, 22, 23, 36, 39, 45, 46, 48, 50, 51, 53, 73, 75, 82, 87, 92, 98, 103, 115, 118, 119, 126, 128, 140, 141, 146, 147, 149, 150, 152, 153, 156, 157, 158, 160, 162, 163, 168, 169, 173, 175, 176, 177]) )
                                      ( Nucleus (span: 177 179)
                                        ( Nucleus (leaf: 177) (text: ) (vein: [0, 11, 22, 23, 36, 39, 45, 46, 48, 50, 51, 53, 73, 75, 82, 87, 92, 98, 103, 115, 118, 119, 126, 128, 140, 141, 146, 147, 149, 150, 152, 153, 156, 157, 158, 160, 162, 163, 168, 169, 173, 175, 176, 177]) )
                                        ( Sattelite (span: 178 179)
                                          ( Nucleus (leaf: 178) (text: ) (vein: [0, 11, 22, 23, 36, 39, 45, 46, 48, 50, 51, 53, 73, 75, 82, 87, 92, 98, 103, 115, 118, 119, 126, 128, 140, 141, 146, 147, 149, 150, 152, 153, 156, 157, 158, 160, 162, 163, 168, 169, 173, 175, 176, 177, 178]) )
                                          ( Sattelite (leaf: 179) (text: ) (vein: [0, 11, 22, 23, 36, 39, 45, 46, 48, 50, 51, 53, 73, 75, 82, 87, 92, 98, 103, 115, 118, 119, 126, 128, 140, 141, 146, 147, 149, 150, 152, 153, 156, 157, 158, 160, 162, 163, 168, 169, 173, 175, 176, 177, 178, 179]) )
                                        )
                                      )
                                    )
                                  )
                                )
                              )
                            )
                          )
                        )
                      )
                    )
                  )
                )
                ( Sattelite (span: 180 201)
                  ( Nucleus (span: 180 183)
                    ( Nucleus (span: 180 181)
                      ( Nucleus (leaf: 180) (text: This is to remind skiers how to prepare ) (vein: [0, 11, 22, 23, 36, 39, 45, 46, 48, 50, 51, 53, 73, 75, 82, 87, 92, 98, 103, 115, 118, 119, 126, 128, 140, 141, 146, 147, 149, 150, 152, 153, 156, 157, 158, 160, 162, 163, 168, 169, 173, 180, 184, 185, 194, 199, 200]) )
                      ( Sattelite (leaf: 181) (text: for the ski season and to remind non-skiers why they do not ski . ) (vein: [0, 11, 22, 23, 36, 39, 45, 46, 48, 50, 51, 53, 73, 75, 82, 87, 92, 98, 103, 115, 118, 119, 126, 128, 140, 141, 146, 147, 149, 150, 152, 153, 156, 157, 158, 160, 162, 163, 168, 169, 173, 180, 181, 184, 185, 194, 199, 200]) )
                    )
                    ( Sattelite (span: 182 183)
                      ( Nucleus (leaf: 182) (text: 10 . Visit your local butcher and pay $ 30 to sit in the walk-in freezer for half an hour . ) (vein: [0, 11, 22, 23, 36, 39, 45, 46, 48, 50, 51, 53, 73, 75, 82, 87, 92, 98, 103, 115, 118, 119, 126, 128, 140, 141, 146, 147, 149, 150, 152, 153, 156, 157, 158, 160, 162, 163, 168, 169, 173, 180, 182, 184, 185, 194, 199, 200]) )
                      ( Sattelite (leaf: 183) (text: Afterwards , burn two $ 50 dollar bills to warm up . ) (vein: [0, 11, 22, 23, 36, 39, 45, 46, 48, 50, 51, 53, 73, 75, 82, 87, 92, 98, 103, 115, 118, 119, 126, 128, 140, 141, 146, 147, 149, 150, 152, 153, 156, 157, 158, 160, 162, 163, 168, 169, 173, 180, 182, 183, 184, 185, 194, 199, 200]) )
                    )
                  )
                  ( Nucleus (span: 184 201)
                    ( Nucleus (span: 184 193)
                      ( Nucleus (span: 184 185)
                        ( Nucleus (leaf: 184) (text: 9 . Go to the nearest hockey rink ) (vein: [0, 11, 22, 23, 36, 39, 45, 46, 48, 50, 51, 53, 73, 75, 82, 87, 92, 98, 103, 115, 118, 119, 126, 128, 140, 141, 146, 147, 149, 150, 152, 153, 156, 157, 158, 160, 162, 163, 168, 169, 173, 180, 184, 185, 194, 199, 200]) )
                        ( Nucleus (leaf: 185) (text: and walk across the ice 20 times in your ski boots carrying two pairs of skis , accessory bag and poles . ) (vein: [0, 11, 22, 23, 36, 39, 45, 46, 48, 50, 51, 53, 73, 75, 82, 87, 92, 98, 103, 115, 118, 119, 126, 128, 140, 141, 146, 147, 149, 150, 152, 153, 156, 157, 158, 160, 162, 163, 168, 169, 173, 180, 184, 185, 194, 199, 200]) )
                      )
                      ( Sattelite (span: 186 193)
                        ( Nucleus (leaf: 186) (text: Pretend you are looking for your car . ) (vein: [0, 11, 22, 23, 36, 39, 45, 46, 48, 50, 51, 53, 73, 75, 82, 87, 92, 98, 103, 115, 118, 119, 126, 128, 140, 141, 146, 147, 149, 150, 152, 153, 156, 157, 158, 160, 162, 163, 168, 169, 173, 180, 184, 185, 186, 194, 199, 200]) )
                        ( Sattelite (span: 187 193)
                          ( Nucleus (span: 187 188)
                            ( Nucleus (leaf: 187) (text: 8 . For ski boot simulation at home , put a pebble in your street shoes ) (vein: [0, 11, 22, 23, 36, 39, 45, 46, 48, 50, 51, 53, 73, 75, 82, 87, 92, 98, 103, 115, 118, 119, 126, 128, 140, 141, 146, 147, 149, 150, 152, 153, 156, 157, 158, 160, 162, 163, 168, 169, 173, 180, 184, 185, 186, 187, 188, 194, 199, 200]) )
                            ( Nucleus (leaf: 188) (text: and tighten a C-clamp around your toes . ) (vein: [0, 11, 22, 23, 36, 39, 45, 46, 48, 50, 51, 53, 73, 75, 82, 87, 92, 98, 103, 115, 118, 119, 126, 128, 140, 141, 146, 147, 149, 150, 152, 153, 156, 157, 158, 160, 162, 163, 168, 169, 173, 180, 184, 185, 186, 187, 188, 194, 199, 200]) )
                          )
                          ( Sattelite (span: 189 193)
                            ( Nucleus (span: 189 190)
                              ( Nucleus (leaf: 189) (text: 7 . Buy a pair of gloves ) (vein: [0, 11, 22, 23, 36, 39, 45, 46, 48, 50, 51, 53, 73, 75, 82, 87, 92, 98, 103, 115, 118, 119, 126, 128, 140, 141, 146, 147, 149, 150, 152, 153, 156, 157, 158, 160, 162, 163, 168, 169, 173, 180, 184, 185, 186, 187, 188, 189, 190, 194, 199, 200]) )
                              ( Nucleus (leaf: 190) (text: and immediately throw one away . ) (vein: [0, 11, 22, 23, 36, 39, 45, 46, 48, 50, 51, 53, 73, 75, 82, 87, 92, 98, 103, 115, 118, 119, 126, 128, 140, 141, 146, 147, 149, 150, 152, 153, 156, 157, 158, 160, 162, 163, 168, 169, 173, 180, 184, 185, 186, 187, 188, 189, 190, 194, 199, 200]) )
                            )
                            ( Sattelite (span: 191 193)
                              ( Nucleus (span: 191 192)
                                ( Nucleus (leaf: 191) (text: 6 . Go to McDonald 's ) (vein: [0, 11, 22, 23, 36, 39, 45, 46, 48, 50, 51, 53, 73, 75, 82, 87, 92, 98, 103, 115, 118, 119, 126, 128, 140, 141, 146, 147, 149, 150, 152, 153, 156, 157, 158, 160, 162, 163, 168, 169, 173, 180, 184, 185, 186, 187, 188, 189, 190, 191, 192, 194, 199, 200]) )
                                ( Nucleus (leaf: 192) (text: and insist on paying $ 6.50 for a hamburger . ) (vein: [0, 11, 22, 23, 36, 39, 45, 46, 48, 50, 51, 53, 73, 75, 82, 87, 92, 98, 103, 115, 118, 119, 126, 128, 140, 141, 146, 147, 149, 150, 152, 153, 156, 157, 158, 160, 162, 163, 168, 169, 173, 180, 184, 185, 186, 187, 188, 189, 190, 191, 192, 194, 199, 200]) )
                              )
                              ( Sattelite (leaf: 193) (text: Be sure to wait in the longest line . ) (vein: [0, 11, 22, 23, 36, 39, 45, 46, 48, 50, 51, 53, 73, 75, 82, 87, 92, 98, 103, 115, 118, 119, 126, 128, 140, 141, 146, 147, 149, 150, 152, 153, 156, 157, 158, 160, 162, 163, 168, 169, 173, 180, 184, 185, 186, 187, 188, 189, 190, 191, 192, 193, 194, 199, 200]) )
                            )
                          )
                        )
                      )
                    )
                    ( Nucleus (span: 194 201)
                      ( Nucleus (span: 194 198)
                        ( Nucleus (leaf: 194) (text: 5 . Clip a lift ticket to the zipper of your jacket and ride a motorcycle fast enough to make the ticket lacerate your face . ) (vein: [0, 11, 22, 23, 36, 39, 45, 46, 48, 50, 51, 53, 73, 75, 82, 87, 92, 98, 103, 115, 118, 119, 126, 128, 140, 141, 146, 147, 149, 150, 152, 153, 156, 157, 158, 160, 162, 163, 168, 169, 173, 180, 184, 185, 194, 199, 200]) )
                        ( Sattelite (span: 195 198)
                          ( Nucleus (span: 195 196)
                            ( Nucleus (leaf: 195) (text: 4 . Drive slowly for five hours - anywhere - as long as it 's in a snowstorm ) (vein: [0, 11, 22, 23, 36, 39, 45, 46, 48, 50, 51, 53, 73, 75, 82, 87, 92, 98, 103, 115, 118, 119, 126, 128, 140, 141, 146, 147, 149, 150, 152, 153, 156, 157, 158, 160, 162, 163, 168, 169, 173, 180, 184, 185, 194, 195, 196, 199, 200]) )
                            ( Nucleus (leaf: 196) (text: and you 're following an 18 wheeler . ) (vein: [0, 11, 22, 23, 36, 39, 45, 46, 48, 50, 51, 53, 73, 75, 82, 87, 92, 98, 103, 115, 118, 119, 126, 128, 140, 141, 146, 147, 149, 150, 152, 153, 156, 157, 158, 160, 162, 163, 168, 169, 173, 180, 184, 185, 194, 195, 196, 199, 200]) )
                          )
                          ( Sattelite (span: 197 198)
                            ( Nucleus (leaf: 197) (text: 3 . Fill a blender with ice , hit the pulse button ) (vein: [0, 11, 22, 23, 36, 39, 45, 46, 48, 50, 51, 53, 73, 75, 82, 87, 92, 98, 103, 115, 118, 119, 126, 128, 140, 141, 146, 147, 149, 150, 152, 153, 156, 157, 158, 160, 162, 163, 168, 169, 173, 180, 184, 185, 194, 195, 196, 197, 198, 199, 200]) )
                            ( Nucleus (leaf: 198) (text: and let the spray blast your face . ) (vein: [0, 11, 22, 23, 36, 39, 45, 46, 48, 50, 51, 53, 73, 75, 82, 87, 92, 98, 103, 115, 118, 119, 126, 128, 140, 141, 146, 147, 149, 150, 152, 153, 156, 157, 158, 160, 162, 163, 168, 169, 173, 180, 184, 185, 194, 195, 196, 197, 198, 199, 200]) )
                          )
                        )
                      )
                      ( Nucleus (span: 199 201)
                        ( Nucleus (leaf: 199) (text: You 'd almost believe you 're skiing in front of a snow maker ! ) (vein: [0, 11, 22, 23, 36, 39, 45, 46, 48, 50, 51, 53, 73, 75, 82, 87, 92, 98, 103, 115, 118, 119, 126, 128, 140, 141, 146, 147, 149, 150, 152, 153, 156, 157, 158, 160, 162, 163, 168, 169, 173, 180, 184, 185, 194, 199, 200]) )
                        ( Nucleus (span: 200 201)
                          ( Nucleus (leaf: 200) (text: 2 . Dress up in as many clothes as you can and then proceed to take them off because you have to go to the bathroom . ) (vein: [0, 11, 22, 23, 36, 39, 45, 46, 48, 50, 51, 53, 73, 75, 82, 87, 92, 98, 103, 115, 118, 119, 126, 128, 140, 141, 146, 147, 149, 150, 152, 153, 156, 157, 158, 160, 162, 163, 168, 169, 173, 180, 184, 185, 194, 199, 200]) )
                          ( Sattelite (leaf: 201) (text: 1 . Repeat all of the above every Saturday and Sunday . ) (vein: [0, 11, 22, 23, 36, 39, 45, 46, 48, 50, 51, 53, 73, 75, 82, 87, 92, 98, 103, 115, 118, 119, 126, 128, 140, 141, 146, 147, 149, 150, 152, 153, 156, 157, 158, 160, 162, 163, 168, 169, 173, 180, 184, 185, 194, 199, 200, 201]) )
                        )
                      )
                    )
                  )
                )
              )
            )
          )
        )
      )
    )
  )
)

