( Root (0 173 )
  ( Nucleus (span: 0 14)
    ( Sattelite (span: 0 2)
      ( Nucleus (leaf: 0) (text: ) (vein: [0, 3, 4, 12, 15, 16, 17, 18, 21, 22, 24, 25, 26, 27, 29, 31, 32, 35, 36, 39, 40, 41, 43, 48, 49, 50, 54, 55, 58, 59, 60, 61, 65, 71, 72, 73, 75, 76, 79, 82, 83, 94, 95, 96, 97, 98]) )
      ( Sattelite (span: 1 2)
        ( Nucleus (leaf: 1) (text: ) (vein: [0, 1, 3, 4, 12, 15, 16, 17, 18, 21, 22, 24, 25, 26, 27, 29, 31, 32, 35, 36, 39, 40, 41, 43, 48, 49, 50, 54, 55, 58, 59, 60, 61, 65, 71, 72, 73, 75, 76, 79, 82, 83, 94, 95, 96, 97, 98]) )
        ( Sattelite (leaf: 2) (text: ) (vein: [0, 1, 2, 3, 4, 12, 15, 16, 17, 18, 21, 22, 24, 25, 26, 27, 29, 31, 32, 35, 36, 39, 40, 41, 43, 48, 49, 50, 54, 55, 58, 59, 60, 61, 65, 71, 72, 73, 75, 76, 79, 82, 83, 94, 95, 96, 97, 98]) )
      )
    )
    ( Nucleus (span: 3 14)
      ( Nucleus (span: 3 11)
        ( Nucleus (span: 3 5)
          ( Nucleus (leaf: 3) (text: ) (vein: [0, 3, 4, 12, 15, 16, 17, 18, 21, 22, 24, 25, 26, 27, 29, 31, 32, 35, 36, 39, 40, 41, 43, 48, 49, 50, 54, 55, 58, 59, 60, 61, 65, 71, 72, 73, 75, 76, 79, 82, 83, 94, 95, 96, 97, 98]) )
          ( Nucleus (span: 4 5)
            ( Nucleus (leaf: 4) (text: ) (vein: [0, 3, 4, 12, 15, 16, 17, 18, 21, 22, 24, 25, 26, 27, 29, 31, 32, 35, 36, 39, 40, 41, 43, 48, 49, 50, 54, 55, 58, 59, 60, 61, 65, 71, 72, 73, 75, 76, 79, 82, 83, 94, 95, 96, 97, 98]) )
            ( Sattelite (leaf: 5) (text: ) (vein: [3, 4, 5, 12, 15, 16, 17, 18, 21, 22, 24, 25, 26, 27, 29, 31, 32, 35, 36, 39, 40, 41, 43, 48, 49, 50, 54, 55, 58, 59, 60, 61, 65, 71, 72, 73, 75, 76, 79, 82, 83, 94, 95, 96, 97, 98]) )
          )
        )
        ( Sattelite (span: 6 11)
          ( Nucleus (span: 6 8)
            ( Nucleus (leaf: 6) (text: ) (vein: [3, 4, 6, 7, 12, 15, 16, 17, 18, 21, 22, 24, 25, 26, 27, 29, 31, 32, 35, 36, 39, 40, 41, 43, 48, 49, 50, 54, 55, 58, 59, 60, 61, 65, 71, 72, 73, 75, 76, 79, 82, 83, 94, 95, 96, 97, 98]) )
            ( Nucleus (span: 7 8)
              ( Nucleus (leaf: 7) (text: ) (vein: [3, 4, 6, 7, 12, 15, 16, 17, 18, 21, 22, 24, 25, 26, 27, 29, 31, 32, 35, 36, 39, 40, 41, 43, 48, 49, 50, 54, 55, 58, 59, 60, 61, 65, 71, 72, 73, 75, 76, 79, 82, 83, 94, 95, 96, 97, 98]) )
              ( Sattelite (leaf: 8) (text: ) (vein: [3, 4, 6, 7, 8, 12, 15, 16, 17, 18, 21, 22, 24, 25, 26, 27, 29, 31, 32, 35, 36, 39, 40, 41, 43, 48, 49, 50, 54, 55, 58, 59, 60, 61, 65, 71, 72, 73, 75, 76, 79, 82, 83, 94, 95, 96, 97, 98]) )
            )
          )
          ( Sattelite (span: 9 11)
            ( Nucleus (span: 9 10)
              ( Nucleus (leaf: 9) (text: ) (vein: [3, 4, 6, 7, 9, 10, 12, 15, 16, 17, 18, 21, 22, 24, 25, 26, 27, 29, 31, 32, 35, 36, 39, 40, 41, 43, 48, 49, 50, 54, 55, 58, 59, 60, 61, 65, 71, 72, 73, 75, 76, 79, 82, 83, 94, 95, 96, 97, 98]) )
              ( Nucleus (leaf: 10) (text: ) (vein: [3, 4, 6, 7, 9, 10, 12, 15, 16, 17, 18, 21, 22, 24, 25, 26, 27, 29, 31, 32, 35, 36, 39, 40, 41, 43, 48, 49, 50, 54, 55, 58, 59, 60, 61, 65, 71, 72, 73, 75, 76, 79, 82, 83, 94, 95, 96, 97, 98]) )
            )
            ( Sattelite (leaf: 11) (text: ) (vein: [3, 4, 6, 7, 9, 10, 11, 12, 15, 16, 17, 18, 21, 22, 24, 25, 26, 27, 29, 31, 32, 35, 36, 39, 40, 41, 43, 48, 49, 50, 54, 55, 58, 59, 60, 61, 65, 71, 72, 73, 75, 76, 79, 82, 83, 94, 95, 96, 97, 98]) )
          )
        )
      )
      ( Nucleus (span: 12 14)
        ( Nucleus (leaf: 12) (text: ) (vein: [0, 3, 4, 12, 15, 16, 17, 18, 21, 22, 24, 25, 26, 27, 29, 31, 32, 35, 36, 39, 40, 41, 43, 48, 49, 50, 54, 55, 58, 59, 60, 61, 65, 71, 72, 73, 75, 76, 79, 82, 83, 94, 95, 96, 97, 98]) )
        ( Sattelite (span: 13 14)
          ( Nucleus (leaf: 13) (text: ) (vein: [3, 4, 12, 13, 15, 16, 17, 18, 21, 22, 24, 25, 26, 27, 29, 31, 32, 35, 36, 39, 40, 41, 43, 48, 49, 50, 54, 55, 58, 59, 60, 61, 65, 71, 72, 73, 75, 76, 79, 82, 83, 94, 95, 96, 97, 98]) )
          ( Sattelite (leaf: 14) (text: ) (vein: [3, 4, 12, 13, 14, 15, 16, 17, 18, 21, 22, 24, 25, 26, 27, 29, 31, 32, 35, 36, 39, 40, 41, 43, 48, 49, 50, 54, 55, 58, 59, 60, 61, 65, 71, 72, 73, 75, 76, 79, 82, 83, 94, 95, 96, 97, 98]) )
        )
      )
    )
  )
  ( Nucleus (span: 15 173)
    ( Nucleus (span: 15 98)
      ( Nucleus (leaf: 15) (text: ) (vein: [3, 4, 12, 15, 16, 17, 18, 21, 22, 24, 25, 26, 27, 29, 31, 32, 35, 36, 39, 40, 41, 43, 48, 49, 50, 54, 55, 58, 59, 60, 61, 65, 71, 72, 73, 75, 76, 79, 82, 83, 94, 95, 96, 97, 98]) )
      ( Nucleus (span: 16 98)
        ( Nucleus (span: 16 17)
          ( Nucleus (leaf: 16) (text: ) (vein: [3, 4, 12, 15, 16, 17, 18, 21, 22, 24, 25, 26, 27, 29, 31, 32, 35, 36, 39, 40, 41, 43, 48, 49, 50, 54, 55, 58, 59, 60, 61, 65, 71, 72, 73, 75, 76, 79, 82, 83, 94, 95, 96, 97, 98]) )
          ( Nucleus (leaf: 17) (text: ) (vein: [3, 4, 12, 15, 16, 17, 18, 21, 22, 24, 25, 26, 27, 29, 31, 32, 35, 36, 39, 40, 41, 43, 48, 49, 50, 54, 55, 58, 59, 60, 61, 65, 71, 72, 73, 75, 76, 79, 82, 83, 94, 95, 96, 97, 98]) )
        )
        ( Nucleus (span: 18 98)
          ( Nucleus (span: 18 23)
            ( Nucleus (span: 18 22)
              ( Nucleus (span: 18 19)
                ( Nucleus (leaf: 18) (text: ) (vein: [3, 4, 12, 15, 16, 17, 18, 21, 22, 24, 25, 26, 27, 29, 31, 32, 35, 36, 39, 40, 41, 43, 48, 49, 50, 54, 55, 58, 59, 60, 61, 65, 71, 72, 73, 75, 76, 79, 82, 83, 94, 95, 96, 97, 98]) )
                ( Sattelite (leaf: 19) (text: ) (vein: [3, 4, 12, 15, 16, 17, 18, 19, 21, 22, 24, 25, 26, 27, 29, 31, 32, 35, 36, 39, 40, 41, 43, 48, 49, 50, 54, 55, 58, 59, 60, 61, 65, 71, 72, 73, 75, 76, 79, 82, 83, 94, 95, 96, 97, 98]) )
              )
              ( Nucleus (span: 20 22)
                ( Sattelite (leaf: 20) (text: ) (vein: [3, 4, 12, 15, 16, 17, 18, 20, 21, 22, 24, 25, 26, 27, 29, 31, 32, 35, 36, 39, 40, 41, 43, 48, 49, 50, 54, 55, 58, 59, 60, 61, 65, 71, 72, 73, 75, 76, 79, 82, 83, 94, 95, 96, 97, 98]) )
                ( Nucleus (span: 21 22)
                  ( Nucleus (leaf: 21) (text: ) (vein: [3, 4, 12, 15, 16, 17, 18, 20, 21, 22, 24, 25, 26, 27, 29, 31, 32, 35, 36, 39, 40, 41, 43, 48, 49, 50, 54, 55, 58, 59, 60, 61, 65, 71, 72, 73, 75, 76, 79, 82, 83, 94, 95, 96, 97, 98]) )
                  ( Nucleus (leaf: 22) (text: ) (vein: [3, 4, 12, 15, 16, 17, 18, 20, 21, 22, 24, 25, 26, 27, 29, 31, 32, 35, 36, 39, 40, 41, 43, 48, 49, 50, 54, 55, 58, 59, 60, 61, 65, 71, 72, 73, 75, 76, 79, 82, 83, 94, 95, 96, 97, 98]) )
                )
              )
            )
            ( Sattelite (leaf: 23) (text: ) (vein: [3, 4, 12, 15, 16, 17, 18, 21, 22, 23, 24, 25, 26, 27, 29, 31, 32, 35, 36, 39, 40, 41, 43, 48, 49, 50, 54, 55, 58, 59, 60, 61, 65, 71, 72, 73, 75, 76, 79, 82, 83, 94, 95, 96, 97, 98]) )
          )
          ( Nucleus (span: 24 98)
            ( Nucleus (leaf: 24) (text: ) (vein: [3, 4, 12, 15, 16, 17, 18, 21, 22, 24, 25, 26, 27, 29, 31, 32, 35, 36, 39, 40, 41, 43, 48, 49, 50, 54, 55, 58, 59, 60, 61, 65, 71, 72, 73, 75, 76, 79, 82, 83, 94, 95, 96, 97, 98]) )
            ( Nucleus (span: 25 98)
              ( Nucleus (leaf: 25) (text: ) (vein: [3, 4, 12, 15, 16, 17, 18, 21, 22, 24, 25, 26, 27, 29, 31, 32, 35, 36, 39, 40, 41, 43, 48, 49, 50, 54, 55, 58, 59, 60, 61, 65, 71, 72, 73, 75, 76, 79, 82, 83, 94, 95, 96, 97, 98]) )
              ( Nucleus (span: 26 98)
                ( Nucleus (leaf: 26) (text: ) (vein: [3, 4, 12, 15, 16, 17, 18, 21, 22, 24, 25, 26, 27, 29, 31, 32, 35, 36, 39, 40, 41, 43, 48, 49, 50, 54, 55, 58, 59, 60, 61, 65, 71, 72, 73, 75, 76, 79, 82, 83, 94, 95, 96, 97, 98]) )
                ( Nucleus (span: 27 98)
                  ( Nucleus (span: 27 28)
                    ( Nucleus (leaf: 27) (text: ) (vein: [3, 4, 12, 15, 16, 17, 18, 21, 22, 24, 25, 26, 27, 29, 31, 32, 35, 36, 39, 40, 41, 43, 48, 49, 50, 54, 55, 58, 59, 60, 61, 65, 71, 72, 73, 75, 76, 79, 82, 83, 94, 95, 96, 97, 98]) )
                    ( Sattelite (leaf: 28) (text: ) (vein: [3, 4, 12, 15, 16, 17, 18, 21, 22, 24, 25, 26, 27, 28, 29, 31, 32, 35, 36, 39, 40, 41, 43, 48, 49, 50, 54, 55, 58, 59, 60, 61, 65, 71, 72, 73, 75, 76, 79, 82, 83, 94, 95, 96, 97, 98]) )
                  )
                  ( Nucleus (span: 29 98)
                    ( Nucleus (span: 29 30)
                      ( Nucleus (leaf: 29) (text: ) (vein: [3, 4, 12, 15, 16, 17, 18, 21, 22, 24, 25, 26, 27, 29, 31, 32, 35, 36, 39, 40, 41, 43, 48, 49, 50, 54, 55, 58, 59, 60, 61, 65, 71, 72, 73, 75, 76, 79, 82, 83, 94, 95, 96, 97, 98]) )
                      ( Sattelite (leaf: 30) (text: ) (vein: [3, 4, 12, 15, 16, 17, 18, 21, 22, 24, 25, 26, 27, 29, 30, 31, 32, 35, 36, 39, 40, 41, 43, 48, 49, 50, 54, 55, 58, 59, 60, 61, 65, 71, 72, 73, 75, 76, 79, 82, 83, 94, 95, 96, 97, 98]) )
                    )
                    ( Nucleus (span: 31 98)
                      ( Nucleus (span: 31 34)
                        ( Nucleus (span: 31 32)
                          ( Nucleus (leaf: 31) (text: ) (vein: [3, 4, 12, 15, 16, 17, 18, 21, 22, 24, 25, 26, 27, 29, 31, 32, 35, 36, 39, 40, 41, 43, 48, 49, 50, 54, 55, 58, 59, 60, 61, 65, 71, 72, 73, 75, 76, 79, 82, 83, 94, 95, 96, 97, 98]) )
                          ( Nucleus (leaf: 32) (text: ) (vein: [3, 4, 12, 15, 16, 17, 18, 21, 22, 24, 25, 26, 27, 29, 31, 32, 35, 36, 39, 40, 41, 43, 48, 49, 50, 54, 55, 58, 59, 60, 61, 65, 71, 72, 73, 75, 76, 79, 82, 83, 94, 95, 96, 97, 98]) )
                        )
                        ( Sattelite (span: 33 34)
                          ( Nucleus (leaf: 33) (text: ) (vein: [3, 4, 12, 15, 16, 17, 18, 21, 22, 24, 25, 26, 27, 29, 31, 32, 33, 34, 35, 36, 39, 40, 41, 43, 48, 49, 50, 54, 55, 58, 59, 60, 61, 65, 71, 72, 73, 75, 76, 79, 82, 83, 94, 95, 96, 97, 98]) )
                          ( Nucleus (leaf: 34) (text: ) (vein: [3, 4, 12, 15, 16, 17, 18, 21, 22, 24, 25, 26, 27, 29, 31, 32, 33, 34, 35, 36, 39, 40, 41, 43, 48, 49, 50, 54, 55, 58, 59, 60, 61, 65, 71, 72, 73, 75, 76, 79, 82, 83, 94, 95, 96, 97, 98]) )
                        )
                      )
                      ( Nucleus (span: 35 98)
                        ( Nucleus (span: 35 38)
                          ( Nucleus (span: 35 36)
                            ( Nucleus (leaf: 35) (text: ) (vein: [3, 4, 12, 15, 16, 17, 18, 21, 22, 24, 25, 26, 27, 29, 31, 32, 35, 36, 39, 40, 41, 43, 48, 49, 50, 54, 55, 58, 59, 60, 61, 65, 71, 72, 73, 75, 76, 79, 82, 83, 94, 95, 96, 97, 98]) )
                            ( Nucleus (leaf: 36) (text: ) (vein: [3, 4, 12, 15, 16, 17, 18, 21, 22, 24, 25, 26, 27, 29, 31, 32, 35, 36, 39, 40, 41, 43, 48, 49, 50, 54, 55, 58, 59, 60, 61, 65, 71, 72, 73, 75, 76, 79, 82, 83, 94, 95, 96, 97, 98]) )
                          )
                          ( Sattelite (span: 37 38)
                            ( Nucleus (leaf: 37) (text: ) (vein: [3, 4, 12, 15, 16, 17, 18, 21, 22, 24, 25, 26, 27, 29, 31, 32, 35, 36, 37, 39, 40, 41, 43, 48, 49, 50, 54, 55, 58, 59, 60, 61, 65, 71, 72, 73, 75, 76, 79, 82, 83, 94, 95, 96, 97, 98]) )
                            ( Sattelite (leaf: 38) (text: ) (vein: [3, 4, 12, 15, 16, 17, 18, 21, 22, 24, 25, 26, 27, 29, 31, 32, 35, 36, 37, 38, 39, 40, 41, 43, 48, 49, 50, 54, 55, 58, 59, 60, 61, 65, 71, 72, 73, 75, 76, 79, 82, 83, 94, 95, 96, 97, 98]) )
                          )
                        )
                        ( Nucleus (span: 39 98)
                          ( Nucleus (leaf: 39) (text: ) (vein: [3, 4, 12, 15, 16, 17, 18, 21, 22, 24, 25, 26, 27, 29, 31, 32, 35, 36, 39, 40, 41, 43, 48, 49, 50, 54, 55, 58, 59, 60, 61, 65, 71, 72, 73, 75, 76, 79, 82, 83, 94, 95, 96, 97, 98]) )
                          ( Nucleus (span: 40 98)
                            ( Nucleus (leaf: 40) (text: ) (vein: [3, 4, 12, 15, 16, 17, 18, 21, 22, 24, 25, 26, 27, 29, 31, 32, 35, 36, 39, 40, 41, 43, 48, 49, 50, 54, 55, 58, 59, 60, 61, 65, 71, 72, 73, 75, 76, 79, 82, 83, 94, 95, 96, 97, 98]) )
                            ( Nucleus (span: 41 98)
                              ( Nucleus (span: 41 42)
                                ( Nucleus (leaf: 41) (text: ) (vein: [3, 4, 12, 15, 16, 17, 18, 21, 22, 24, 25, 26, 27, 29, 31, 32, 35, 36, 39, 40, 41, 43, 48, 49, 50, 54, 55, 58, 59, 60, 61, 65, 71, 72, 73, 75, 76, 79, 82, 83, 94, 95, 96, 97, 98]) )
                                ( Sattelite (leaf: 42) (text: ) (vein: [3, 4, 12, 15, 16, 17, 18, 21, 22, 24, 25, 26, 27, 29, 31, 32, 35, 36, 39, 40, 41, 42, 43, 48, 49, 50, 54, 55, 58, 59, 60, 61, 65, 71, 72, 73, 75, 76, 79, 82, 83, 94, 95, 96, 97, 98]) )
                              )
                              ( Nucleus (span: 43 98)
                                ( Nucleus (span: 43 46)
                                  ( Nucleus (leaf: 43) (text: ) (vein: [3, 4, 12, 15, 16, 17, 18, 21, 22, 24, 25, 26, 27, 29, 31, 32, 35, 36, 39, 40, 41, 43, 48, 49, 50, 54, 55, 58, 59, 60, 61, 65, 71, 72, 73, 75, 76, 79, 82, 83, 94, 95, 96, 97, 98]) )
                                  ( Sattelite (span: 44 46)
                                    ( Nucleus (leaf: 44) (text: ) (vein: [3, 4, 12, 15, 16, 17, 18, 21, 22, 24, 25, 26, 27, 29, 31, 32, 35, 36, 39, 40, 41, 43, 44, 48, 49, 50, 54, 55, 58, 59, 60, 61, 65, 71, 72, 73, 75, 76, 79, 82, 83, 94, 95, 96, 97, 98]) )
                                    ( Sattelite (span: 45 46)
                                      ( Nucleus (leaf: 45) (text: ) (vein: [3, 4, 12, 15, 16, 17, 18, 21, 22, 24, 25, 26, 27, 29, 31, 32, 35, 36, 39, 40, 41, 43, 44, 45, 46, 48, 49, 50, 54, 55, 58, 59, 60, 61, 65, 71, 72, 73, 75, 76, 79, 82, 83, 94, 95, 96, 97, 98]) )
                                      ( Nucleus (leaf: 46) (text: ) (vein: [3, 4, 12, 15, 16, 17, 18, 21, 22, 24, 25, 26, 27, 29, 31, 32, 35, 36, 39, 40, 41, 43, 44, 45, 46, 48, 49, 50, 54, 55, 58, 59, 60, 61, 65, 71, 72, 73, 75, 76, 79, 82, 83, 94, 95, 96, 97, 98]) )
                                    )
                                  )
                                )
                                ( Nucleus (span: 47 98)
                                  ( Nucleus (span: 47 53)
                                    ( Nucleus (span: 47 50)
                                      ( Sattelite (leaf: 47) (text: ) (vein: [3, 4, 12, 15, 16, 17, 18, 21, 22, 24, 25, 26, 27, 29, 31, 32, 35, 36, 39, 40, 41, 43, 47, 48, 49, 50, 54, 55, 58, 59, 60, 61, 65, 71, 72, 73, 75, 76, 79, 82, 83, 94, 95, 96, 97, 98]) )
                                      ( Nucleus (span: 48 50)
                                        ( Nucleus (leaf: 48) (text: ) (vein: [3, 4, 12, 15, 16, 17, 18, 21, 22, 24, 25, 26, 27, 29, 31, 32, 35, 36, 39, 40, 41, 43, 47, 48, 49, 50, 54, 55, 58, 59, 60, 61, 65, 71, 72, 73, 75, 76, 79, 82, 83, 94, 95, 96, 97, 98]) )
                                        ( Nucleus (span: 49 50)
                                          ( Nucleus (leaf: 49) (text: ) (vein: [3, 4, 12, 15, 16, 17, 18, 21, 22, 24, 25, 26, 27, 29, 31, 32, 35, 36, 39, 40, 41, 43, 47, 48, 49, 50, 54, 55, 58, 59, 60, 61, 65, 71, 72, 73, 75, 76, 79, 82, 83, 94, 95, 96, 97, 98]) )
                                          ( Nucleus (leaf: 50) (text: ) (vein: [3, 4, 12, 15, 16, 17, 18, 21, 22, 24, 25, 26, 27, 29, 31, 32, 35, 36, 39, 40, 41, 43, 47, 48, 49, 50, 54, 55, 58, 59, 60, 61, 65, 71, 72, 73, 75, 76, 79, 82, 83, 94, 95, 96, 97, 98]) )
                                        )
                                      )
                                    )
                                    ( Sattelite (span: 51 53)
                                      ( Nucleus (leaf: 51) (text: ) (vein: [3, 4, 12, 15, 16, 17, 18, 21, 22, 24, 25, 26, 27, 29, 31, 32, 35, 36, 39, 40, 41, 43, 48, 49, 50, 51, 52, 54, 55, 58, 59, 60, 61, 65, 71, 72, 73, 75, 76, 79, 82, 83, 94, 95, 96, 97, 98]) )
                                      ( Nucleus (span: 52 53)
                                        ( Nucleus (leaf: 52) (text: ) (vein: [3, 4, 12, 15, 16, 17, 18, 21, 22, 24, 25, 26, 27, 29, 31, 32, 35, 36, 39, 40, 41, 43, 48, 49, 50, 51, 52, 54, 55, 58, 59, 60, 61, 65, 71, 72, 73, 75, 76, 79, 82, 83, 94, 95, 96, 97, 98]) )
                                        ( Sattelite (leaf: 53) (text: ) (vein: [3, 4, 12, 15, 16, 17, 18, 21, 22, 24, 25, 26, 27, 29, 31, 32, 35, 36, 39, 40, 41, 43, 48, 49, 50, 51, 52, 53, 54, 55, 58, 59, 60, 61, 65, 71, 72, 73, 75, 76, 79, 82, 83, 94, 95, 96, 97, 98]) )
                                      )
                                    )
                                  )
                                  ( Nucleus (span: 54 98)
                                    ( Nucleus (span: 54 56)
                                      ( Nucleus (leaf: 54) (text: ) (vein: [3, 4, 12, 15, 16, 17, 18, 21, 22, 24, 25, 26, 27, 29, 31, 32, 35, 36, 39, 40, 41, 43, 48, 49, 50, 54, 55, 58, 59, 60, 61, 65, 71, 72, 73, 75, 76, 79, 82, 83, 94, 95, 96, 97, 98]) )
                                      ( Nucleus (span: 55 56)
                                        ( Nucleus (leaf: 55) (text: ) (vein: [3, 4, 12, 15, 16, 17, 18, 21, 22, 24, 25, 26, 27, 29, 31, 32, 35, 36, 39, 40, 41, 43, 48, 49, 50, 54, 55, 58, 59, 60, 61, 65, 71, 72, 73, 75, 76, 79, 82, 83, 94, 95, 96, 97, 98]) )
                                        ( Sattelite (leaf: 56) (text: ) (vein: [3, 4, 12, 15, 16, 17, 18, 21, 22, 24, 25, 26, 27, 29, 31, 32, 35, 36, 39, 40, 41, 43, 48, 49, 50, 54, 55, 56, 58, 59, 60, 61, 65, 71, 72, 73, 75, 76, 79, 82, 83, 94, 95, 96, 97, 98]) )
                                      )
                                    )
                                    ( Nucleus (span: 57 98)
                                      ( Nucleus (span: 57 59)
                                        ( Sattelite (leaf: 57) (text: ) (vein: [3, 4, 12, 15, 16, 17, 18, 21, 22, 24, 25, 26, 27, 29, 31, 32, 35, 36, 39, 40, 41, 43, 48, 49, 50, 54, 55, 57, 58, 59, 60, 61, 65, 71, 72, 73, 75, 76, 79, 82, 83, 94, 95, 96, 97, 98]) )
                                        ( Nucleus (span: 58 59)
                                          ( Nucleus (leaf: 58) (text: ) (vein: [3, 4, 12, 15, 16, 17, 18, 21, 22, 24, 25, 26, 27, 29, 31, 32, 35, 36, 39, 40, 41, 43, 48, 49, 50, 54, 55, 57, 58, 59, 60, 61, 65, 71, 72, 73, 75, 76, 79, 82, 83, 94, 95, 96, 97, 98]) )
                                          ( Nucleus (leaf: 59) (text: ) (vein: [3, 4, 12, 15, 16, 17, 18, 21, 22, 24, 25, 26, 27, 29, 31, 32, 35, 36, 39, 40, 41, 43, 48, 49, 50, 54, 55, 57, 58, 59, 60, 61, 65, 71, 72, 73, 75, 76, 79, 82, 83, 94, 95, 96, 97, 98]) )
                                        )
                                      )
                                      ( Nucleus (span: 60 98)
                                        ( Nucleus (leaf: 60) (text: ) (vein: [3, 4, 12, 15, 16, 17, 18, 21, 22, 24, 25, 26, 27, 29, 31, 32, 35, 36, 39, 40, 41, 43, 48, 49, 50, 54, 55, 58, 59, 60, 61, 65, 71, 72, 73, 75, 76, 79, 82, 83, 94, 95, 96, 97, 98]) )
                                        ( Nucleus (span: 61 98)
                                          ( Nucleus (span: 61 64)
                                            ( Nucleus (leaf: 61) (text: ) (vein: [3, 4, 12, 15, 16, 17, 18, 21, 22, 24, 25, 26, 27, 29, 31, 32, 35, 36, 39, 40, 41, 43, 48, 49, 50, 54, 55, 58, 59, 60, 61, 65, 71, 72, 73, 75, 76, 79, 82, 83, 94, 95, 96, 97, 98]) )
                                            ( Sattelite (span: 62 64)
                                              ( Nucleus (leaf: 62) (text: ) (vein: [3, 4, 12, 15, 16, 17, 18, 21, 22, 24, 25, 26, 27, 29, 31, 32, 35, 36, 39, 40, 41, 43, 48, 49, 50, 54, 55, 58, 59, 60, 61, 62, 63, 65, 71, 72, 73, 75, 76, 79, 82, 83, 94, 95, 96, 97, 98]) )
                                              ( Nucleus (span: 63 64)
                                                ( Nucleus (leaf: 63) (text: ) (vein: [3, 4, 12, 15, 16, 17, 18, 21, 22, 24, 25, 26, 27, 29, 31, 32, 35, 36, 39, 40, 41, 43, 48, 49, 50, 54, 55, 58, 59, 60, 61, 62, 63, 65, 71, 72, 73, 75, 76, 79, 82, 83, 94, 95, 96, 97, 98]) )
                                                ( Sattelite (leaf: 64) (text: ) (vein: [3, 4, 12, 15, 16, 17, 18, 21, 22, 24, 25, 26, 27, 29, 31, 32, 35, 36, 39, 40, 41, 43, 48, 49, 50, 54, 55, 58, 59, 60, 61, 62, 63, 64, 65, 71, 72, 73, 75, 76, 79, 82, 83, 94, 95, 96, 97, 98]) )
                                              )
                                            )
                                          )
                                          ( Nucleus (span: 65 98)
                                            ( Nucleus (span: 65 70)
                                              ( Nucleus (span: 65 66)
                                                ( Nucleus (leaf: 65) (text: ) (vein: [3, 4, 12, 15, 16, 17, 18, 21, 22, 24, 25, 26, 27, 29, 31, 32, 35, 36, 39, 40, 41, 43, 48, 49, 50, 54, 55, 58, 59, 60, 61, 65, 71, 72, 73, 75, 76, 79, 82, 83, 94, 95, 96, 97, 98]) )
                                                ( Sattelite (leaf: 66) (text: ) (vein: [3, 4, 12, 15, 16, 17, 18, 21, 22, 24, 25, 26, 27, 29, 31, 32, 35, 36, 39, 40, 41, 43, 48, 49, 50, 54, 55, 58, 59, 60, 61, 65, 66, 71, 72, 73, 75, 76, 79, 82, 83, 94, 95, 96, 97, 98]) )
                                              )
                                              ( Sattelite (span: 67 70)
                                                ( Nucleus (span: 67 68)
                                                  ( Nucleus (leaf: 67) (text: ) (vein: [3, 4, 12, 15, 16, 17, 18, 21, 22, 24, 25, 26, 27, 29, 31, 32, 35, 36, 39, 40, 41, 43, 48, 49, 50, 54, 55, 58, 59, 60, 61, 65, 67, 71, 72, 73, 75, 76, 79, 82, 83, 94, 95, 96, 97, 98]) )
                                                  ( Sattelite (leaf: 68) (text: ) (vein: [3, 4, 12, 15, 16, 17, 18, 21, 22, 24, 25, 26, 27, 29, 31, 32, 35, 36, 39, 40, 41, 43, 48, 49, 50, 54, 55, 58, 59, 60, 61, 65, 67, 68, 71, 72, 73, 75, 76, 79, 82, 83, 94, 95, 96, 97, 98]) )
                                                )
                                                ( Sattelite (span: 69 70)
                                                  ( Nucleus (leaf: 69) (text: ) (vein: [3, 4, 12, 15, 16, 17, 18, 21, 22, 24, 25, 26, 27, 29, 31, 32, 35, 36, 39, 40, 41, 43, 48, 49, 50, 54, 55, 58, 59, 60, 61, 65, 67, 69, 71, 72, 73, 75, 76, 79, 82, 83, 94, 95, 96, 97, 98]) )
                                                  ( Sattelite (leaf: 70) (text: ) (vein: [3, 4, 12, 15, 16, 17, 18, 21, 22, 24, 25, 26, 27, 29, 31, 32, 35, 36, 39, 40, 41, 43, 48, 49, 50, 54, 55, 58, 59, 60, 61, 65, 67, 69, 70, 71, 72, 73, 75, 76, 79, 82, 83, 94, 95, 96, 97, 98]) )
                                                )
                                              )
                                            )
                                            ( Nucleus (span: 71 98)
                                              ( Nucleus (leaf: 71) (text: ) (vein: [3, 4, 12, 15, 16, 17, 18, 21, 22, 24, 25, 26, 27, 29, 31, 32, 35, 36, 39, 40, 41, 43, 48, 49, 50, 54, 55, 58, 59, 60, 61, 65, 71, 72, 73, 75, 76, 79, 82, 83, 94, 95, 96, 97, 98]) )
                                              ( Nucleus (span: 72 98)
                                                ( Nucleus (span: 72 75)
                                                  ( Nucleus (leaf: 72) (text: ) (vein: [3, 4, 12, 15, 16, 17, 18, 21, 22, 24, 25, 26, 27, 29, 31, 32, 35, 36, 39, 40, 41, 43, 48, 49, 50, 54, 55, 58, 59, 60, 61, 65, 71, 72, 73, 75, 76, 79, 82, 83, 94, 95, 96, 97, 98]) )
                                                  ( Nucleus (span: 73 75)
                                                    ( Nucleus (leaf: 73) (text: ) (vein: [3, 4, 12, 15, 16, 17, 18, 21, 22, 24, 25, 26, 27, 29, 31, 32, 35, 36, 39, 40, 41, 43, 48, 49, 50, 54, 55, 58, 59, 60, 61, 65, 71, 72, 73, 75, 76, 79, 82, 83, 94, 95, 96, 97, 98]) )
                                                    ( Nucleus (span: 74 75)
                                                      ( Sattelite (leaf: 74) (text: ) (vein: [3, 4, 12, 15, 16, 17, 18, 21, 22, 24, 25, 26, 27, 29, 31, 32, 35, 36, 39, 40, 41, 43, 48, 49, 50, 54, 55, 58, 59, 60, 61, 65, 71, 72, 73, 74, 75, 76, 79, 82, 83, 94, 95, 96, 97, 98]) )
                                                      ( Nucleus (leaf: 75) (text: ) (vein: [3, 4, 12, 15, 16, 17, 18, 21, 22, 24, 25, 26, 27, 29, 31, 32, 35, 36, 39, 40, 41, 43, 48, 49, 50, 54, 55, 58, 59, 60, 61, 65, 71, 72, 73, 74, 75, 76, 79, 82, 83, 94, 95, 96, 97, 98]) )
                                                    )
                                                  )
                                                )
                                                ( Nucleus (span: 76 98)
                                                  ( Nucleus (span: 76 81)
                                                    ( Nucleus (leaf: 76) (text: ) (vein: [3, 4, 12, 15, 16, 17, 18, 21, 22, 24, 25, 26, 27, 29, 31, 32, 35, 36, 39, 40, 41, 43, 48, 49, 50, 54, 55, 58, 59, 60, 61, 65, 71, 72, 73, 75, 76, 79, 82, 83, 94, 95, 96, 97, 98]) )
                                                    ( Nucleus (span: 77 81)
                                                      ( Sattelite (span: 77 78)
                                                        ( Nucleus (leaf: 77) (text: ) (vein: [3, 4, 12, 15, 16, 17, 18, 21, 22, 24, 25, 26, 27, 29, 31, 32, 35, 36, 39, 40, 41, 43, 48, 49, 50, 54, 55, 58, 59, 60, 61, 65, 71, 72, 73, 75, 76, 77, 79, 82, 83, 94, 95, 96, 97, 98]) )
                                                        ( Sattelite (leaf: 78) (text: ) (vein: [3, 4, 12, 15, 16, 17, 18, 21, 22, 24, 25, 26, 27, 29, 31, 32, 35, 36, 39, 40, 41, 43, 48, 49, 50, 54, 55, 58, 59, 60, 61, 65, 71, 72, 73, 75, 76, 77, 78, 79, 82, 83, 94, 95, 96, 97, 98]) )
                                                      )
                                                      ( Nucleus (span: 79 81)
                                                        ( Nucleus (leaf: 79) (text: ) (vein: [3, 4, 12, 15, 16, 17, 18, 21, 22, 24, 25, 26, 27, 29, 31, 32, 35, 36, 39, 40, 41, 43, 48, 49, 50, 54, 55, 58, 59, 60, 61, 65, 71, 72, 73, 75, 76, 77, 79, 82, 83, 94, 95, 96, 97, 98]) )
                                                        ( Sattelite (span: 80 81)
                                                          ( Nucleus (leaf: 80) (text: ) (vein: [3, 4, 12, 15, 16, 17, 18, 21, 22, 24, 25, 26, 27, 29, 31, 32, 35, 36, 39, 40, 41, 43, 48, 49, 50, 54, 55, 58, 59, 60, 61, 65, 71, 72, 73, 75, 76, 79, 80, 81, 82, 83, 94, 95, 96, 97, 98]) )
                                                          ( Nucleus (leaf: 81) (text: ) (vein: [3, 4, 12, 15, 16, 17, 18, 21, 22, 24, 25, 26, 27, 29, 31, 32, 35, 36, 39, 40, 41, 43, 48, 49, 50, 54, 55, 58, 59, 60, 61, 65, 71, 72, 73, 75, 76, 79, 80, 81, 82, 83, 94, 95, 96, 97, 98]) )
                                                        )
                                                      )
                                                    )
                                                  )
                                                  ( Nucleus (span: 82 98)
                                                    ( Nucleus (span: 82 93)
                                                      ( Nucleus (span: 82 83)
                                                        ( Nucleus (leaf: 82) (text: ) (vein: [3, 4, 12, 15, 16, 17, 18, 21, 22, 24, 25, 26, 27, 29, 31, 32, 35, 36, 39, 40, 41, 43, 48, 49, 50, 54, 55, 58, 59, 60, 61, 65, 71, 72, 73, 75, 76, 79, 82, 83, 94, 95, 96, 97, 98]) )
                                                        ( Nucleus (leaf: 83) (text: ) (vein: [3, 4, 12, 15, 16, 17, 18, 21, 22, 24, 25, 26, 27, 29, 31, 32, 35, 36, 39, 40, 41, 43, 48, 49, 50, 54, 55, 58, 59, 60, 61, 65, 71, 72, 73, 75, 76, 79, 82, 83, 94, 95, 96, 97, 98]) )
                                                      )
                                                      ( Sattelite (span: 84 93)
                                                        ( Nucleus (span: 84 86)
                                                          ( Nucleus (leaf: 84) (text: ) (vein: [3, 4, 12, 15, 16, 17, 18, 21, 22, 24, 25, 26, 27, 29, 31, 32, 35, 36, 39, 40, 41, 43, 48, 49, 50, 54, 55, 58, 59, 60, 61, 65, 71, 72, 73, 75, 76, 79, 82, 83, 84, 85, 94, 95, 96, 97, 98]) )
                                                          ( Nucleus (span: 85 86)
                                                            ( Nucleus (leaf: 85) (text: ) (vein: [3, 4, 12, 15, 16, 17, 18, 21, 22, 24, 25, 26, 27, 29, 31, 32, 35, 36, 39, 40, 41, 43, 48, 49, 50, 54, 55, 58, 59, 60, 61, 65, 71, 72, 73, 75, 76, 79, 82, 83, 84, 85, 94, 95, 96, 97, 98]) )
                                                            ( Sattelite (leaf: 86) (text: ) (vein: [3, 4, 12, 15, 16, 17, 18, 21, 22, 24, 25, 26, 27, 29, 31, 32, 35, 36, 39, 40, 41, 43, 48, 49, 50, 54, 55, 58, 59, 60, 61, 65, 71, 72, 73, 75, 76, 79, 82, 83, 84, 85, 86, 94, 95, 96, 97, 98]) )
                                                          )
                                                        )
                                                        ( Sattelite (span: 87 93)
                                                          ( Nucleus (span: 87 88)
                                                            ( Nucleus (leaf: 87) (text: ) (vein: [3, 4, 12, 15, 16, 17, 18, 21, 22, 24, 25, 26, 27, 29, 31, 32, 35, 36, 39, 40, 41, 43, 48, 49, 50, 54, 55, 58, 59, 60, 61, 65, 71, 72, 73, 75, 76, 79, 82, 83, 84, 85, 87, 88, 94, 95, 96, 97, 98]) )
                                                            ( Nucleus (leaf: 88) (text: ) (vein: [3, 4, 12, 15, 16, 17, 18, 21, 22, 24, 25, 26, 27, 29, 31, 32, 35, 36, 39, 40, 41, 43, 48, 49, 50, 54, 55, 58, 59, 60, 61, 65, 71, 72, 73, 75, 76, 79, 82, 83, 84, 85, 87, 88, 94, 95, 96, 97, 98]) )
                                                          )
                                                          ( Sattelite (span: 89 93)
                                                            ( Nucleus (leaf: 89) (text: ) (vein: [3, 4, 12, 15, 16, 17, 18, 21, 22, 24, 25, 26, 27, 29, 31, 32, 35, 36, 39, 40, 41, 43, 48, 49, 50, 54, 55, 58, 59, 60, 61, 65, 71, 72, 73, 75, 76, 79, 82, 83, 84, 85, 87, 88, 89, 94, 95, 96, 97, 98]) )
                                                            ( Sattelite (span: 90 93)
                                                              ( Nucleus (span: 90 92)
                                                                ( Nucleus (leaf: 90) (text: ) (vein: [3, 4, 12, 15, 16, 17, 18, 21, 22, 24, 25, 26, 27, 29, 31, 32, 35, 36, 39, 40, 41, 43, 48, 49, 50, 54, 55, 58, 59, 60, 61, 65, 71, 72, 73, 75, 76, 79, 82, 83, 84, 85, 87, 88, 89, 90, 94, 95, 96, 97, 98]) )
                                                                ( Sattelite (span: 91 92)
                                                                  ( Nucleus (leaf: 91) (text: ) (vein: [3, 4, 12, 15, 16, 17, 18, 21, 22, 24, 25, 26, 27, 29, 31, 32, 35, 36, 39, 40, 41, 43, 48, 49, 50, 54, 55, 58, 59, 60, 61, 65, 71, 72, 73, 75, 76, 79, 82, 83, 84, 85, 87, 88, 89, 90, 91, 94, 95, 96, 97, 98]) )
                                                                  ( Sattelite (leaf: 92) (text: ) (vein: [3, 4, 12, 15, 16, 17, 18, 21, 22, 24, 25, 26, 27, 29, 31, 32, 35, 36, 39, 40, 41, 43, 48, 49, 50, 54, 55, 58, 59, 60, 61, 65, 71, 72, 73, 75, 76, 79, 82, 83, 84, 85, 87, 88, 89, 90, 91, 92, 94, 95, 96, 97, 98]) )
                                                                )
                                                              )
                                                              ( Sattelite (leaf: 93) (text: ) (vein: [3, 4, 12, 15, 16, 17, 18, 21, 22, 24, 25, 26, 27, 29, 31, 32, 35, 36, 39, 40, 41, 43, 48, 49, 50, 54, 55, 58, 59, 60, 61, 65, 71, 72, 73, 75, 76, 79, 82, 83, 84, 85, 87, 88, 89, 90, 93, 94, 95, 96, 97, 98]) )
                                                            )
                                                          )
                                                        )
                                                      )
                                                    )
                                                    ( Nucleus (span: 94 98)
                                                      ( Nucleus (span: 94 95)
                                                        ( Nucleus (leaf: 94) (text: ) (vein: [3, 4, 12, 15, 16, 17, 18, 21, 22, 24, 25, 26, 27, 29, 31, 32, 35, 36, 39, 40, 41, 43, 48, 49, 50, 54, 55, 58, 59, 60, 61, 65, 71, 72, 73, 75, 76, 79, 82, 83, 94, 95, 96, 97, 98]) )
                                                        ( Nucleus (leaf: 95) (text: ) (vein: [3, 4, 12, 15, 16, 17, 18, 21, 22, 24, 25, 26, 27, 29, 31, 32, 35, 36, 39, 40, 41, 43, 48, 49, 50, 54, 55, 58, 59, 60, 61, 65, 71, 72, 73, 75, 76, 79, 82, 83, 94, 95, 96, 97, 98]) )
                                                      )
                                                      ( Nucleus (span: 96 98)
                                                        ( Nucleus (span: 96 97)
                                                          ( Nucleus (leaf: 96) (text: ) (vein: [3, 4, 12, 15, 16, 17, 18, 21, 22, 24, 25, 26, 27, 29, 31, 32, 35, 36, 39, 40, 41, 43, 48, 49, 50, 54, 55, 58, 59, 60, 61, 65, 71, 72, 73, 75, 76, 79, 82, 83, 94, 95, 96, 97, 98]) )
                                                          ( Nucleus (leaf: 97) (text: ) (vein: [3, 4, 12, 15, 16, 17, 18, 21, 22, 24, 25, 26, 27, 29, 31, 32, 35, 36, 39, 40, 41, 43, 48, 49, 50, 54, 55, 58, 59, 60, 61, 65, 71, 72, 73, 75, 76, 79, 82, 83, 94, 95, 96, 97, 98]) )
                                                        )
                                                        ( Nucleus (leaf: 98) (text: ) (vein: [3, 4, 12, 15, 16, 17, 18, 21, 22, 24, 25, 26, 27, 29, 31, 32, 35, 36, 39, 40, 41, 43, 48, 49, 50, 54, 55, 58, 59, 60, 61, 65, 71, 72, 73, 75, 76, 79, 82, 83, 94, 95, 96, 97, 98]) )
                                                      )
                                                    )
                                                  )
                                                )
                                              )
                                            )
                                          )
                                        )
                                      )
                                    )
                                  )
                                )
                              )
                            )
                          )
                        )
                      )
                    )
                  )
                )
              )
            )
          )
        )
      )
    )
    ( Sattelite (span: 99 173)
      ( Nucleus (span: 99 114)
        ( Nucleus (leaf: 99) (text: ) (vein: [3, 4, 12, 15, 16, 17, 18, 21, 22, 24, 25, 26, 27, 29, 31, 32, 35, 36, 39, 40, 41, 43, 48, 49, 50, 54, 55, 58, 59, 60, 61, 65, 71, 72, 73, 75, 76, 79, 82, 83, 94, 95, 96, 97, 98, 99, 100, 102, 105, 107, 108, 109, 112]) )
        ( Nucleus (span: 100 114)
          ( Nucleus (span: 100 101)
            ( Nucleus (leaf: 100) (text: ) (vein: [3, 4, 12, 15, 16, 17, 18, 21, 22, 24, 25, 26, 27, 29, 31, 32, 35, 36, 39, 40, 41, 43, 48, 49, 50, 54, 55, 58, 59, 60, 61, 65, 71, 72, 73, 75, 76, 79, 82, 83, 94, 95, 96, 97, 98, 99, 100, 102, 105, 107, 108, 109, 112]) )
            ( Sattelite (leaf: 101) (text: ) (vein: [3, 4, 12, 15, 16, 17, 18, 21, 22, 24, 25, 26, 27, 29, 31, 32, 35, 36, 39, 40, 41, 43, 48, 49, 50, 54, 55, 58, 59, 60, 61, 65, 71, 72, 73, 75, 76, 79, 82, 83, 94, 95, 96, 97, 98, 99, 100, 101, 102, 105, 107, 108, 109, 112]) )
          )
          ( Nucleus (span: 102 114)
            ( Nucleus (span: 102 104)
              ( Nucleus (leaf: 102) (text: ) (vein: [3, 4, 12, 15, 16, 17, 18, 21, 22, 24, 25, 26, 27, 29, 31, 32, 35, 36, 39, 40, 41, 43, 48, 49, 50, 54, 55, 58, 59, 60, 61, 65, 71, 72, 73, 75, 76, 79, 82, 83, 94, 95, 96, 97, 98, 99, 100, 102, 105, 107, 108, 109, 112]) )
              ( Sattelite (span: 103 104)
                ( Nucleus (leaf: 103) (text: ) (vein: [3, 4, 12, 15, 16, 17, 18, 21, 22, 24, 25, 26, 27, 29, 31, 32, 35, 36, 39, 40, 41, 43, 48, 49, 50, 54, 55, 58, 59, 60, 61, 65, 71, 72, 73, 75, 76, 79, 82, 83, 94, 95, 96, 97, 98, 99, 100, 102, 103, 105, 107, 108, 109, 112]) )
                ( Sattelite (leaf: 104) (text: ) (vein: [3, 4, 12, 15, 16, 17, 18, 21, 22, 24, 25, 26, 27, 29, 31, 32, 35, 36, 39, 40, 41, 43, 48, 49, 50, 54, 55, 58, 59, 60, 61, 65, 71, 72, 73, 75, 76, 79, 82, 83, 94, 95, 96, 97, 98, 99, 100, 102, 103, 104, 105, 107, 108, 109, 112]) )
              )
            )
            ( Nucleus (span: 105 114)
              ( Nucleus (span: 105 106)
                ( Nucleus (leaf: 105) (text: ) (vein: [3, 4, 12, 15, 16, 17, 18, 21, 22, 24, 25, 26, 27, 29, 31, 32, 35, 36, 39, 40, 41, 43, 48, 49, 50, 54, 55, 58, 59, 60, 61, 65, 71, 72, 73, 75, 76, 79, 82, 83, 94, 95, 96, 97, 98, 99, 100, 102, 105, 107, 108, 109, 112]) )
                ( Sattelite (leaf: 106) (text: ) (vein: [3, 4, 12, 15, 16, 17, 18, 21, 22, 24, 25, 26, 27, 29, 31, 32, 35, 36, 39, 40, 41, 43, 48, 49, 50, 54, 55, 58, 59, 60, 61, 65, 71, 72, 73, 75, 76, 79, 82, 83, 94, 95, 96, 97, 98, 99, 100, 102, 105, 106, 107, 108, 109, 112]) )
              )
              ( Nucleus (span: 107 114)
                ( Nucleus (leaf: 107) (text: ) (vein: [3, 4, 12, 15, 16, 17, 18, 21, 22, 24, 25, 26, 27, 29, 31, 32, 35, 36, 39, 40, 41, 43, 48, 49, 50, 54, 55, 58, 59, 60, 61, 65, 71, 72, 73, 75, 76, 79, 82, 83, 94, 95, 96, 97, 98, 99, 100, 102, 105, 107, 108, 109, 112]) )
                ( Nucleus (span: 108 114)
                  ( Nucleus (leaf: 108) (text: ) (vein: [3, 4, 12, 15, 16, 17, 18, 21, 22, 24, 25, 26, 27, 29, 31, 32, 35, 36, 39, 40, 41, 43, 48, 49, 50, 54, 55, 58, 59, 60, 61, 65, 71, 72, 73, 75, 76, 79, 82, 83, 94, 95, 96, 97, 98, 99, 100, 102, 105, 107, 108, 109, 112]) )
                  ( Nucleus (span: 109 114)
                    ( Nucleus (span: 109 111)
                      ( Nucleus (leaf: 109) (text: ) (vein: [3, 4, 12, 15, 16, 17, 18, 21, 22, 24, 25, 26, 27, 29, 31, 32, 35, 36, 39, 40, 41, 43, 48, 49, 50, 54, 55, 58, 59, 60, 61, 65, 71, 72, 73, 75, 76, 79, 82, 83, 94, 95, 96, 97, 98, 99, 100, 102, 105, 107, 108, 109, 112]) )
                      ( Sattelite (span: 110 111)
                        ( Nucleus (leaf: 110) (text: ) (vein: [3, 4, 12, 15, 16, 17, 18, 21, 22, 24, 25, 26, 27, 29, 31, 32, 35, 36, 39, 40, 41, 43, 48, 49, 50, 54, 55, 58, 59, 60, 61, 65, 71, 72, 73, 75, 76, 79, 82, 83, 94, 95, 96, 97, 98, 99, 100, 102, 105, 107, 108, 109, 110, 112]) )
                        ( Sattelite (leaf: 111) (text: ) (vein: [3, 4, 12, 15, 16, 17, 18, 21, 22, 24, 25, 26, 27, 29, 31, 32, 35, 36, 39, 40, 41, 43, 48, 49, 50, 54, 55, 58, 59, 60, 61, 65, 71, 72, 73, 75, 76, 79, 82, 83, 94, 95, 96, 97, 98, 99, 100, 102, 105, 107, 108, 109, 110, 111, 112]) )
                      )
                    )
                    ( Nucleus (span: 112 114)
                      ( Nucleus (leaf: 112) (text: ) (vein: [3, 4, 12, 15, 16, 17, 18, 21, 22, 24, 25, 26, 27, 29, 31, 32, 35, 36, 39, 40, 41, 43, 48, 49, 50, 54, 55, 58, 59, 60, 61, 65, 71, 72, 73, 75, 76, 79, 82, 83, 94, 95, 96, 97, 98, 99, 100, 102, 105, 107, 108, 109, 112]) )
                      ( Sattelite (span: 113 114)
                        ( Nucleus (leaf: 113) (text: ) (vein: [3, 4, 12, 15, 16, 17, 18, 21, 22, 24, 25, 26, 27, 29, 31, 32, 35, 36, 39, 40, 41, 43, 48, 49, 50, 54, 55, 58, 59, 60, 61, 65, 71, 72, 73, 75, 76, 79, 82, 83, 94, 95, 96, 97, 98, 99, 100, 102, 105, 107, 108, 109, 112, 113, 114]) )
                        ( Nucleus (leaf: 114) (text: ) (vein: [3, 4, 12, 15, 16, 17, 18, 21, 22, 24, 25, 26, 27, 29, 31, 32, 35, 36, 39, 40, 41, 43, 48, 49, 50, 54, 55, 58, 59, 60, 61, 65, 71, 72, 73, 75, 76, 79, 82, 83, 94, 95, 96, 97, 98, 99, 100, 102, 105, 107, 108, 109, 112, 113, 114]) )
                      )
                    )
                  )
                )
              )
            )
          )
        )
      )
      ( Sattelite (span: 115 173)
        ( Nucleus (span: 115 123)
          ( Sattelite (span: 115 116)
            ( Nucleus (leaf: 115) (text: ) (vein: [3, 4, 12, 15, 16, 17, 18, 21, 22, 24, 25, 26, 27, 29, 31, 32, 35, 36, 39, 40, 41, 43, 48, 49, 50, 54, 55, 58, 59, 60, 61, 65, 71, 72, 73, 75, 76, 79, 82, 83, 94, 95, 96, 97, 98, 99, 100, 102, 105, 107, 108, 109, 112, 115, 116, 117, 118, 119, 122]) )
            ( Nucleus (leaf: 116) (text: ) (vein: [3, 4, 12, 15, 16, 17, 18, 21, 22, 24, 25, 26, 27, 29, 31, 32, 35, 36, 39, 40, 41, 43, 48, 49, 50, 54, 55, 58, 59, 60, 61, 65, 71, 72, 73, 75, 76, 79, 82, 83, 94, 95, 96, 97, 98, 99, 100, 102, 105, 107, 108, 109, 112, 115, 116, 117, 118, 119, 122]) )
          )
          ( Nucleus (span: 117 123)
            ( Nucleus (span: 117 118)
              ( Nucleus (leaf: 117) (text: ) (vein: [3, 4, 12, 15, 16, 17, 18, 21, 22, 24, 25, 26, 27, 29, 31, 32, 35, 36, 39, 40, 41, 43, 48, 49, 50, 54, 55, 58, 59, 60, 61, 65, 71, 72, 73, 75, 76, 79, 82, 83, 94, 95, 96, 97, 98, 99, 100, 102, 105, 107, 108, 109, 112, 115, 116, 117, 118, 119, 122]) )
              ( Nucleus (leaf: 118) (text: ) (vein: [3, 4, 12, 15, 16, 17, 18, 21, 22, 24, 25, 26, 27, 29, 31, 32, 35, 36, 39, 40, 41, 43, 48, 49, 50, 54, 55, 58, 59, 60, 61, 65, 71, 72, 73, 75, 76, 79, 82, 83, 94, 95, 96, 97, 98, 99, 100, 102, 105, 107, 108, 109, 112, 115, 116, 117, 118, 119, 122]) )
            )
            ( Nucleus (span: 119 123)
              ( Nucleus (span: 119 121)
                ( Nucleus (leaf: 119) (text: ) (vein: [3, 4, 12, 15, 16, 17, 18, 21, 22, 24, 25, 26, 27, 29, 31, 32, 35, 36, 39, 40, 41, 43, 48, 49, 50, 54, 55, 58, 59, 60, 61, 65, 71, 72, 73, 75, 76, 79, 82, 83, 94, 95, 96, 97, 98, 99, 100, 102, 105, 107, 108, 109, 112, 115, 116, 117, 118, 119, 122]) )
                ( Sattelite (span: 120 121)
                  ( Nucleus (leaf: 120) (text: ) (vein: [3, 4, 12, 15, 16, 17, 18, 21, 22, 24, 25, 26, 27, 29, 31, 32, 35, 36, 39, 40, 41, 43, 48, 49, 50, 54, 55, 58, 59, 60, 61, 65, 71, 72, 73, 75, 76, 79, 82, 83, 94, 95, 96, 97, 98, 99, 100, 102, 105, 107, 108, 109, 112, 117, 118, 119, 120, 122]) )
                  ( Sattelite (leaf: 121) (text: ) (vein: [3, 4, 12, 15, 16, 17, 18, 21, 22, 24, 25, 26, 27, 29, 31, 32, 35, 36, 39, 40, 41, 43, 48, 49, 50, 54, 55, 58, 59, 60, 61, 65, 71, 72, 73, 75, 76, 79, 82, 83, 94, 95, 96, 97, 98, 99, 100, 102, 105, 107, 108, 109, 112, 117, 118, 119, 120, 121, 122]) )
                )
              )
              ( Nucleus (span: 122 123)
                ( Nucleus (leaf: 122) (text: ) (vein: [3, 4, 12, 15, 16, 17, 18, 21, 22, 24, 25, 26, 27, 29, 31, 32, 35, 36, 39, 40, 41, 43, 48, 49, 50, 54, 55, 58, 59, 60, 61, 65, 71, 72, 73, 75, 76, 79, 82, 83, 94, 95, 96, 97, 98, 99, 100, 102, 105, 107, 108, 109, 112, 115, 116, 117, 118, 119, 122]) )
                ( Sattelite (leaf: 123) (text: ) (vein: [3, 4, 12, 15, 16, 17, 18, 21, 22, 24, 25, 26, 27, 29, 31, 32, 35, 36, 39, 40, 41, 43, 48, 49, 50, 54, 55, 58, 59, 60, 61, 65, 71, 72, 73, 75, 76, 79, 82, 83, 94, 95, 96, 97, 98, 99, 100, 102, 105, 107, 108, 109, 112, 117, 118, 119, 122, 123]) )
              )
            )
          )
        )
        ( Sattelite (span: 124 173)
          ( Nucleus (span: 124 139)
            ( Nucleus (span: 124 130)
              ( Nucleus (span: 124 126)
                ( Sattelite (span: 124 125)
                  ( Nucleus (leaf: 124) (text: ) (vein: [3, 4, 12, 15, 16, 17, 18, 21, 22, 24, 25, 26, 27, 29, 31, 32, 35, 36, 39, 40, 41, 43, 48, 49, 50, 54, 55, 58, 59, 60, 61, 65, 71, 72, 73, 75, 76, 79, 82, 83, 94, 95, 96, 97, 98, 99, 100, 102, 105, 107, 108, 109, 112, 117, 118, 119, 122, 124, 126, 131, 133, 134, 135]) )
                  ( Sattelite (leaf: 125) (text: ) (vein: [3, 4, 12, 15, 16, 17, 18, 21, 22, 24, 25, 26, 27, 29, 31, 32, 35, 36, 39, 40, 41, 43, 48, 49, 50, 54, 55, 58, 59, 60, 61, 65, 71, 72, 73, 75, 76, 79, 82, 83, 94, 95, 96, 97, 98, 99, 100, 102, 105, 107, 108, 109, 112, 117, 118, 119, 122, 124, 125, 126, 131, 133, 134, 135]) )
                )
                ( Nucleus (leaf: 126) (text: ) (vein: [3, 4, 12, 15, 16, 17, 18, 21, 22, 24, 25, 26, 27, 29, 31, 32, 35, 36, 39, 40, 41, 43, 48, 49, 50, 54, 55, 58, 59, 60, 61, 65, 71, 72, 73, 75, 76, 79, 82, 83, 94, 95, 96, 97, 98, 99, 100, 102, 105, 107, 108, 109, 112, 117, 118, 119, 122, 124, 126, 131, 133, 134, 135]) )
              )
              ( Sattelite (span: 127 130)
                ( Nucleus (leaf: 127) (text: ) (vein: [3, 4, 12, 15, 16, 17, 18, 21, 22, 24, 25, 26, 27, 29, 31, 32, 35, 36, 39, 40, 41, 43, 48, 49, 50, 54, 55, 58, 59, 60, 61, 65, 71, 72, 73, 75, 76, 79, 82, 83, 94, 95, 96, 97, 98, 99, 100, 102, 105, 107, 108, 109, 112, 117, 118, 119, 122, 126, 127, 131, 133, 134, 135]) )
                ( Sattelite (span: 128 130)
                  ( Nucleus (span: 128 129)
                    ( Nucleus (leaf: 128) (text: ) (vein: [3, 4, 12, 15, 16, 17, 18, 21, 22, 24, 25, 26, 27, 29, 31, 32, 35, 36, 39, 40, 41, 43, 48, 49, 50, 54, 55, 58, 59, 60, 61, 65, 71, 72, 73, 75, 76, 79, 82, 83, 94, 95, 96, 97, 98, 99, 100, 102, 105, 107, 108, 109, 112, 117, 118, 119, 122, 126, 127, 128, 131, 133, 134, 135]) )
                    ( Sattelite (leaf: 129) (text: ) (vein: [3, 4, 12, 15, 16, 17, 18, 21, 22, 24, 25, 26, 27, 29, 31, 32, 35, 36, 39, 40, 41, 43, 48, 49, 50, 54, 55, 58, 59, 60, 61, 65, 71, 72, 73, 75, 76, 79, 82, 83, 94, 95, 96, 97, 98, 99, 100, 102, 105, 107, 108, 109, 112, 117, 118, 119, 122, 126, 127, 128, 129, 131, 133, 134, 135]) )
                  )
                  ( Sattelite (leaf: 130) (text: ) (vein: [3, 4, 12, 15, 16, 17, 18, 21, 22, 24, 25, 26, 27, 29, 31, 32, 35, 36, 39, 40, 41, 43, 48, 49, 50, 54, 55, 58, 59, 60, 61, 65, 71, 72, 73, 75, 76, 79, 82, 83, 94, 95, 96, 97, 98, 99, 100, 102, 105, 107, 108, 109, 112, 117, 118, 119, 122, 126, 127, 128, 130, 131, 133, 134, 135]) )
                )
              )
            )
            ( Nucleus (span: 131 139)
              ( Nucleus (leaf: 131) (text: ) (vein: [3, 4, 12, 15, 16, 17, 18, 21, 22, 24, 25, 26, 27, 29, 31, 32, 35, 36, 39, 40, 41, 43, 48, 49, 50, 54, 55, 58, 59, 60, 61, 65, 71, 72, 73, 75, 76, 79, 82, 83, 94, 95, 96, 97, 98, 99, 100, 102, 105, 107, 108, 109, 112, 117, 118, 119, 122, 126, 131, 133, 134, 135]) )
              ( Nucleus (span: 132 139)
                ( Sattelite (leaf: 132) (text: ) (vein: [3, 4, 12, 15, 16, 17, 18, 21, 22, 24, 25, 26, 27, 29, 31, 32, 35, 36, 39, 40, 41, 43, 48, 49, 50, 54, 55, 58, 59, 60, 61, 65, 71, 72, 73, 75, 76, 79, 82, 83, 94, 95, 96, 97, 98, 99, 100, 102, 105, 107, 108, 109, 112, 117, 118, 119, 122, 126, 131, 132, 133, 134, 135]) )
                ( Nucleus (span: 133 139)
                  ( Nucleus (leaf: 133) (text: ) (vein: [3, 4, 12, 15, 16, 17, 18, 21, 22, 24, 25, 26, 27, 29, 31, 32, 35, 36, 39, 40, 41, 43, 48, 49, 50, 54, 55, 58, 59, 60, 61, 65, 71, 72, 73, 75, 76, 79, 82, 83, 94, 95, 96, 97, 98, 99, 100, 102, 105, 107, 108, 109, 112, 117, 118, 119, 122, 126, 131, 132, 133, 134, 135]) )
                  ( Nucleus (span: 134 139)
                    ( Nucleus (span: 134 135)
                      ( Nucleus (leaf: 134) (text: ) (vein: [3, 4, 12, 15, 16, 17, 18, 21, 22, 24, 25, 26, 27, 29, 31, 32, 35, 36, 39, 40, 41, 43, 48, 49, 50, 54, 55, 58, 59, 60, 61, 65, 71, 72, 73, 75, 76, 79, 82, 83, 94, 95, 96, 97, 98, 99, 100, 102, 105, 107, 108, 109, 112, 117, 118, 119, 122, 126, 131, 132, 133, 134, 135]) )
                      ( Nucleus (leaf: 135) (text: ) (vein: [3, 4, 12, 15, 16, 17, 18, 21, 22, 24, 25, 26, 27, 29, 31, 32, 35, 36, 39, 40, 41, 43, 48, 49, 50, 54, 55, 58, 59, 60, 61, 65, 71, 72, 73, 75, 76, 79, 82, 83, 94, 95, 96, 97, 98, 99, 100, 102, 105, 107, 108, 109, 112, 117, 118, 119, 122, 126, 131, 132, 133, 134, 135]) )
                    )
                    ( Sattelite (span: 136 139)
                      ( Nucleus (leaf: 136) (text: ) (vein: [3, 4, 12, 15, 16, 17, 18, 21, 22, 24, 25, 26, 27, 29, 31, 32, 35, 36, 39, 40, 41, 43, 48, 49, 50, 54, 55, 58, 59, 60, 61, 65, 71, 72, 73, 75, 76, 79, 82, 83, 94, 95, 96, 97, 98, 99, 100, 102, 105, 107, 108, 109, 112, 117, 118, 119, 122, 126, 131, 133, 134, 135, 136]) )
                      ( Sattelite (span: 137 139)
                        ( Nucleus (leaf: 137) (text: ) (vein: [3, 4, 12, 15, 16, 17, 18, 21, 22, 24, 25, 26, 27, 29, 31, 32, 35, 36, 39, 40, 41, 43, 48, 49, 50, 54, 55, 58, 59, 60, 61, 65, 71, 72, 73, 75, 76, 79, 82, 83, 94, 95, 96, 97, 98, 99, 100, 102, 105, 107, 108, 109, 112, 117, 118, 119, 122, 126, 131, 133, 134, 135, 136, 137]) )
                        ( Sattelite (span: 138 139)
                          ( Nucleus (leaf: 138) (text: ) (vein: [3, 4, 12, 15, 16, 17, 18, 21, 22, 24, 25, 26, 27, 29, 31, 32, 35, 36, 39, 40, 41, 43, 48, 49, 50, 54, 55, 58, 59, 60, 61, 65, 71, 72, 73, 75, 76, 79, 82, 83, 94, 95, 96, 97, 98, 99, 100, 102, 105, 107, 108, 109, 112, 117, 118, 119, 122, 126, 131, 133, 134, 135, 136, 137, 138]) )
                          ( Sattelite (leaf: 139) (text: ) (vein: [3, 4, 12, 15, 16, 17, 18, 21, 22, 24, 25, 26, 27, 29, 31, 32, 35, 36, 39, 40, 41, 43, 48, 49, 50, 54, 55, 58, 59, 60, 61, 65, 71, 72, 73, 75, 76, 79, 82, 83, 94, 95, 96, 97, 98, 99, 100, 102, 105, 107, 108, 109, 112, 117, 118, 119, 122, 126, 131, 133, 134, 135, 136, 137, 138, 139]) )
                        )
                      )
                    )
                  )
                )
              )
            )
          )
          ( Sattelite (span: 140 173)
            ( Nucleus (span: 140 153)
              ( Nucleus (leaf: 140) (text: ) (vein: [3, 4, 12, 15, 16, 17, 18, 21, 22, 24, 25, 26, 27, 29, 31, 32, 35, 36, 39, 40, 41, 43, 48, 49, 50, 54, 55, 58, 59, 60, 61, 65, 71, 72, 73, 75, 76, 79, 82, 83, 94, 95, 96, 97, 98, 99, 100, 102, 105, 107, 108, 109, 112, 117, 118, 119, 122, 126, 131, 133, 134, 135, 140, 141, 146, 151]) )
              ( Nucleus (span: 141 153)
                ( Nucleus (span: 141 144)
                  ( Nucleus (leaf: 141) (text: ) (vein: [3, 4, 12, 15, 16, 17, 18, 21, 22, 24, 25, 26, 27, 29, 31, 32, 35, 36, 39, 40, 41, 43, 48, 49, 50, 54, 55, 58, 59, 60, 61, 65, 71, 72, 73, 75, 76, 79, 82, 83, 94, 95, 96, 97, 98, 99, 100, 102, 105, 107, 108, 109, 112, 117, 118, 119, 122, 126, 131, 133, 134, 135, 140, 141, 146, 151]) )
                  ( Sattelite (span: 142 144)
                    ( Nucleus (leaf: 142) (text: ) (vein: [3, 4, 12, 15, 16, 17, 18, 21, 22, 24, 25, 26, 27, 29, 31, 32, 35, 36, 39, 40, 41, 43, 48, 49, 50, 54, 55, 58, 59, 60, 61, 65, 71, 72, 73, 75, 76, 79, 82, 83, 94, 95, 96, 97, 98, 99, 100, 102, 105, 107, 108, 109, 112, 117, 118, 119, 122, 126, 131, 133, 134, 135, 140, 141, 142, 146, 151]) )
                    ( Sattelite (span: 143 144)
                      ( Nucleus (leaf: 143) (text: ) (vein: [3, 4, 12, 15, 16, 17, 18, 21, 22, 24, 25, 26, 27, 29, 31, 32, 35, 36, 39, 40, 41, 43, 48, 49, 50, 54, 55, 58, 59, 60, 61, 65, 71, 72, 73, 75, 76, 79, 82, 83, 94, 95, 96, 97, 98, 99, 100, 102, 105, 107, 108, 109, 112, 117, 118, 119, 122, 126, 131, 133, 134, 135, 140, 141, 142, 143, 144, 146, 151]) )
                      ( Nucleus (leaf: 144) (text: ) (vein: [3, 4, 12, 15, 16, 17, 18, 21, 22, 24, 25, 26, 27, 29, 31, 32, 35, 36, 39, 40, 41, 43, 48, 49, 50, 54, 55, 58, 59, 60, 61, 65, 71, 72, 73, 75, 76, 79, 82, 83, 94, 95, 96, 97, 98, 99, 100, 102, 105, 107, 108, 109, 112, 117, 118, 119, 122, 126, 131, 133, 134, 135, 140, 141, 142, 143, 144, 146, 151]) )
                    )
                  )
                )
                ( Nucleus (span: 145 153)
                  ( Sattelite (leaf: 145) (text: ) (vein: [3, 4, 12, 15, 16, 17, 18, 21, 22, 24, 25, 26, 27, 29, 31, 32, 35, 36, 39, 40, 41, 43, 48, 49, 50, 54, 55, 58, 59, 60, 61, 65, 71, 72, 73, 75, 76, 79, 82, 83, 94, 95, 96, 97, 98, 99, 100, 102, 105, 107, 108, 109, 112, 117, 118, 119, 122, 126, 131, 133, 134, 135, 140, 141, 145, 146, 151]) )
                  ( Nucleus (span: 146 153)
                    ( Nucleus (leaf: 146) (text: ) (vein: [3, 4, 12, 15, 16, 17, 18, 21, 22, 24, 25, 26, 27, 29, 31, 32, 35, 36, 39, 40, 41, 43, 48, 49, 50, 54, 55, 58, 59, 60, 61, 65, 71, 72, 73, 75, 76, 79, 82, 83, 94, 95, 96, 97, 98, 99, 100, 102, 105, 107, 108, 109, 112, 117, 118, 119, 122, 126, 131, 133, 134, 135, 140, 141, 145, 146, 151]) )
                    ( Nucleus (span: 147 153)
                      ( Sattelite (span: 147 148)
                        ( Nucleus (leaf: 147) (text: ) (vein: [3, 4, 12, 15, 16, 17, 18, 21, 22, 24, 25, 26, 27, 29, 31, 32, 35, 36, 39, 40, 41, 43, 48, 49, 50, 54, 55, 58, 59, 60, 61, 65, 71, 72, 73, 75, 76, 79, 82, 83, 94, 95, 96, 97, 98, 99, 100, 102, 105, 107, 108, 109, 112, 117, 118, 119, 122, 126, 131, 133, 134, 135, 140, 141, 145, 146, 147, 148, 151]) )
                        ( Nucleus (leaf: 148) (text: ) (vein: [3, 4, 12, 15, 16, 17, 18, 21, 22, 24, 25, 26, 27, 29, 31, 32, 35, 36, 39, 40, 41, 43, 48, 49, 50, 54, 55, 58, 59, 60, 61, 65, 71, 72, 73, 75, 76, 79, 82, 83, 94, 95, 96, 97, 98, 99, 100, 102, 105, 107, 108, 109, 112, 117, 118, 119, 122, 126, 131, 133, 134, 135, 140, 141, 145, 146, 147, 148, 151]) )
                      )
                      ( Nucleus (span: 149 153)
                        ( Nucleus (span: 149 151)
                          ( Sattelite (leaf: 149) (text: ) (vein: [3, 4, 12, 15, 16, 17, 18, 21, 22, 24, 25, 26, 27, 29, 31, 32, 35, 36, 39, 40, 41, 43, 48, 49, 50, 54, 55, 58, 59, 60, 61, 65, 71, 72, 73, 75, 76, 79, 82, 83, 94, 95, 96, 97, 98, 99, 100, 102, 105, 107, 108, 109, 112, 117, 118, 119, 122, 126, 131, 133, 134, 135, 140, 141, 145, 146, 147, 148, 149, 151]) )
                          ( Nucleus (span: 150 151)
                            ( Sattelite (leaf: 150) (text: ) (vein: [3, 4, 12, 15, 16, 17, 18, 21, 22, 24, 25, 26, 27, 29, 31, 32, 35, 36, 39, 40, 41, 43, 48, 49, 50, 54, 55, 58, 59, 60, 61, 65, 71, 72, 73, 75, 76, 79, 82, 83, 94, 95, 96, 97, 98, 99, 100, 102, 105, 107, 108, 109, 112, 117, 118, 119, 122, 126, 131, 133, 134, 135, 140, 141, 145, 146, 147, 148, 149, 150, 151]) )
                            ( Nucleus (leaf: 151) (text: ) (vein: [3, 4, 12, 15, 16, 17, 18, 21, 22, 24, 25, 26, 27, 29, 31, 32, 35, 36, 39, 40, 41, 43, 48, 49, 50, 54, 55, 58, 59, 60, 61, 65, 71, 72, 73, 75, 76, 79, 82, 83, 94, 95, 96, 97, 98, 99, 100, 102, 105, 107, 108, 109, 112, 117, 118, 119, 122, 126, 131, 133, 134, 135, 140, 141, 145, 146, 147, 148, 149, 150, 151]) )
                          )
                        )
                        ( Sattelite (span: 152 153)
                          ( Nucleus (leaf: 152) (text: ) (vein: [3, 4, 12, 15, 16, 17, 18, 21, 22, 24, 25, 26, 27, 29, 31, 32, 35, 36, 39, 40, 41, 43, 48, 49, 50, 54, 55, 58, 59, 60, 61, 65, 71, 72, 73, 75, 76, 79, 82, 83, 94, 95, 96, 97, 98, 99, 100, 102, 105, 107, 108, 109, 112, 117, 118, 119, 122, 126, 131, 133, 134, 135, 140, 141, 146, 151, 152]) )
                          ( Sattelite (leaf: 153) (text: ) (vein: [3, 4, 12, 15, 16, 17, 18, 21, 22, 24, 25, 26, 27, 29, 31, 32, 35, 36, 39, 40, 41, 43, 48, 49, 50, 54, 55, 58, 59, 60, 61, 65, 71, 72, 73, 75, 76, 79, 82, 83, 94, 95, 96, 97, 98, 99, 100, 102, 105, 107, 108, 109, 112, 117, 118, 119, 122, 126, 131, 133, 134, 135, 140, 141, 146, 151, 152, 153]) )
                        )
                      )
                    )
                  )
                )
              )
            )
            ( Sattelite (span: 154 173)
              ( Nucleus (leaf: 154) (text: In front of a delicatessen , an art connoisseur noticed a mangy little kitten lapping up milk from a saucer . ) (vein: [3, 4, 12, 15, 16, 17, 18, 21, 22, 24, 25, 26, 27, 29, 31, 32, 35, 36, 39, 40, 41, 43, 48, 49, 50, 54, 55, 58, 59, 60, 61, 65, 71, 72, 73, 75, 76, 79, 82, 83, 94, 95, 96, 97, 98, 99, 100, 102, 105, 107, 108, 109, 112, 117, 118, 119, 122, 126, 131, 133, 134, 135, 140, 141, 146, 151, 154, 155, 157, 159, 172]) )
              ( Nucleus (span: 155 173)
                ( Nucleus (span: 155 156)
                  ( Nucleus (leaf: 155) (text: The saucer , he realized with a start , ) (vein: [3, 4, 12, 15, 16, 17, 18, 21, 22, 24, 25, 26, 27, 29, 31, 32, 35, 36, 39, 40, 41, 43, 48, 49, 50, 54, 55, 58, 59, 60, 61, 65, 71, 72, 73, 75, 76, 79, 82, 83, 94, 95, 96, 97, 98, 99, 100, 102, 105, 107, 108, 109, 112, 117, 118, 119, 122, 126, 131, 133, 134, 135, 140, 141, 146, 151, 154, 155, 157, 159, 172]) )
                  ( Sattelite (leaf: 156) (text: was a rare and precious piece of pottery . ) (vein: [3, 4, 12, 15, 16, 17, 18, 21, 22, 24, 25, 26, 27, 29, 31, 32, 35, 36, 39, 40, 41, 43, 48, 49, 50, 54, 55, 58, 59, 60, 61, 65, 71, 72, 73, 75, 76, 79, 82, 83, 94, 95, 96, 97, 98, 99, 100, 102, 105, 107, 108, 109, 112, 117, 118, 119, 122, 126, 131, 133, 134, 135, 140, 141, 146, 151, 154, 155, 156, 157, 159, 172]) )
                )
                ( Nucleus (span: 157 173)
                  ( Nucleus (leaf: 157) (text: He strolled into the store and offered two dollars for the cat . ) (vein: [3, 4, 12, 15, 16, 17, 18, 21, 22, 24, 25, 26, 27, 29, 31, 32, 35, 36, 39, 40, 41, 43, 48, 49, 50, 54, 55, 58, 59, 60, 61, 65, 71, 72, 73, 75, 76, 79, 82, 83, 94, 95, 96, 97, 98, 99, 100, 102, 105, 107, 108, 109, 112, 117, 118, 119, 122, 126, 131, 133, 134, 135, 140, 141, 146, 151, 154, 155, 157, 159, 172]) )
                  ( Nucleus (span: 158 173)
                    ( Nucleus (span: 158 171)
                      ( Nucleus (span: 158 159)
                        ( Sattelite (leaf: 158) (text: " It 's not for sale , ) (vein: [3, 4, 12, 15, 16, 17, 18, 21, 22, 24, 25, 26, 27, 29, 31, 32, 35, 36, 39, 40, 41, 43, 48, 49, 50, 54, 55, 58, 59, 60, 61, 65, 71, 72, 73, 75, 76, 79, 82, 83, 94, 95, 96, 97, 98, 99, 100, 102, 105, 107, 108, 109, 112, 117, 118, 119, 122, 126, 131, 133, 134, 135, 140, 141, 146, 151, 154, 155, 157, 158, 159, 172]) )
                        ( Nucleus (leaf: 159) (text: " said the proprietor . ) (vein: [3, 4, 12, 15, 16, 17, 18, 21, 22, 24, 25, 26, 27, 29, 31, 32, 35, 36, 39, 40, 41, 43, 48, 49, 50, 54, 55, 58, 59, 60, 61, 65, 71, 72, 73, 75, 76, 79, 82, 83, 94, 95, 96, 97, 98, 99, 100, 102, 105, 107, 108, 109, 112, 117, 118, 119, 122, 126, 131, 133, 134, 135, 140, 141, 146, 151, 154, 155, 157, 158, 159, 172]) )
                      )
                      ( Sattelite (span: 160 171)
                        ( Nucleus (span: 160 163)
                          ( Nucleus (leaf: 160) (text: " Look , ) (vein: [3, 4, 12, 15, 16, 17, 18, 21, 22, 24, 25, 26, 27, 29, 31, 32, 35, 36, 39, 40, 41, 43, 48, 49, 50, 54, 55, 58, 59, 60, 61, 65, 71, 72, 73, 75, 76, 79, 82, 83, 94, 95, 96, 97, 98, 99, 100, 102, 105, 107, 108, 109, 112, 117, 118, 119, 122, 126, 131, 133, 134, 135, 140, 141, 146, 151, 154, 155, 157, 159, 160, 172]) )
                          ( Sattelite (span: 161 163)
                            ( Nucleus (leaf: 161) (text: " said the collector , ) (vein: [3, 4, 12, 15, 16, 17, 18, 21, 22, 24, 25, 26, 27, 29, 31, 32, 35, 36, 39, 40, 41, 43, 48, 49, 50, 54, 55, 58, 59, 60, 61, 65, 71, 72, 73, 75, 76, 79, 82, 83, 94, 95, 96, 97, 98, 99, 100, 102, 105, 107, 108, 109, 112, 117, 118, 119, 122, 126, 131, 133, 134, 135, 140, 141, 146, 151, 154, 155, 157, 159, 160, 161, 172]) )
                            ( Sattelite (span: 162 163)
                              ( Nucleus (leaf: 162) (text: " that cat is dirty and undesirable , ) (vein: [3, 4, 12, 15, 16, 17, 18, 21, 22, 24, 25, 26, 27, 29, 31, 32, 35, 36, 39, 40, 41, 43, 48, 49, 50, 54, 55, 58, 59, 60, 61, 65, 71, 72, 73, 75, 76, 79, 82, 83, 94, 95, 96, 97, 98, 99, 100, 102, 105, 107, 108, 109, 112, 117, 118, 119, 122, 126, 131, 133, 134, 135, 140, 141, 146, 151, 154, 155, 157, 159, 160, 161, 162, 172]) )
                              ( Sattelite (leaf: 163) (text: but I 'm eccentric . ) (vein: [3, 4, 12, 15, 16, 17, 18, 21, 22, 24, 25, 26, 27, 29, 31, 32, 35, 36, 39, 40, 41, 43, 48, 49, 50, 54, 55, 58, 59, 60, 61, 65, 71, 72, 73, 75, 76, 79, 82, 83, 94, 95, 96, 97, 98, 99, 100, 102, 105, 107, 108, 109, 112, 117, 118, 119, 122, 126, 131, 133, 134, 135, 140, 141, 146, 151, 154, 155, 157, 159, 160, 161, 162, 163, 172]) )
                            )
                          )
                        )
                        ( Sattelite (span: 164 171)
                          ( Nucleus (leaf: 164) (text: I like cats that way . ) (vein: [3, 4, 12, 15, 16, 17, 18, 21, 22, 24, 25, 26, 27, 29, 31, 32, 35, 36, 39, 40, 41, 43, 48, 49, 50, 54, 55, 58, 59, 60, 61, 65, 71, 72, 73, 75, 76, 79, 82, 83, 94, 95, 96, 97, 98, 99, 100, 102, 105, 107, 108, 109, 112, 117, 118, 119, 122, 126, 131, 133, 134, 135, 140, 141, 146, 151, 154, 155, 157, 159, 160, 164, 172]) )
                          ( Sattelite (span: 165 171)
                            ( Nucleus (leaf: 165) (text: I 'll raise my offer to ten dollars . " ) (vein: [3, 4, 12, 15, 16, 17, 18, 21, 22, 24, 25, 26, 27, 29, 31, 32, 35, 36, 39, 40, 41, 43, 48, 49, 50, 54, 55, 58, 59, 60, 61, 65, 71, 72, 73, 75, 76, 79, 82, 83, 94, 95, 96, 97, 98, 99, 100, 102, 105, 107, 108, 109, 112, 117, 118, 119, 122, 126, 131, 133, 134, 135, 140, 141, 146, 151, 154, 155, 157, 159, 160, 164, 165, 172]) )
                            ( Sattelite (span: 166 171)
                              ( Nucleus (span: 166 167)
                                ( Nucleus (leaf: 166) (text: " It 's a deal , ) (vein: [3, 4, 12, 15, 16, 17, 18, 21, 22, 24, 25, 26, 27, 29, 31, 32, 35, 36, 39, 40, 41, 43, 48, 49, 50, 54, 55, 58, 59, 60, 61, 65, 71, 72, 73, 75, 76, 79, 82, 83, 94, 95, 96, 97, 98, 99, 100, 102, 105, 107, 108, 109, 112, 117, 118, 119, 122, 126, 131, 133, 134, 135, 140, 141, 146, 151, 154, 155, 157, 159, 160, 164, 165, 166, 172]) )
                                ( Sattelite (leaf: 167) (text: " said the proprietor , and pocketed the ten on the spot . ) (vein: [3, 4, 12, 15, 16, 17, 18, 21, 22, 24, 25, 26, 27, 29, 31, 32, 35, 36, 39, 40, 41, 43, 48, 49, 50, 54, 55, 58, 59, 60, 61, 65, 71, 72, 73, 75, 76, 79, 82, 83, 94, 95, 96, 97, 98, 99, 100, 102, 105, 107, 108, 109, 112, 117, 118, 119, 122, 126, 131, 133, 134, 135, 140, 141, 146, 151, 154, 155, 157, 159, 160, 164, 165, 166, 167, 172]) )
                              )
                              ( Sattelite (span: 168 171)
                                ( Nucleus (span: 168 169)
                                  ( Nucleus (leaf: 168) (text: " For that sum I 'm sure you wo n't mind throwing in the saucer , ) (vein: [3, 4, 12, 15, 16, 17, 18, 21, 22, 24, 25, 26, 27, 29, 31, 32, 35, 36, 39, 40, 41, 43, 48, 49, 50, 54, 55, 58, 59, 60, 61, 65, 71, 72, 73, 75, 76, 79, 82, 83, 94, 95, 96, 97, 98, 99, 100, 102, 105, 107, 108, 109, 112, 117, 118, 119, 122, 126, 131, 133, 134, 135, 140, 141, 146, 151, 154, 155, 157, 159, 160, 164, 165, 166, 168, 172]) )
                                  ( Sattelite (leaf: 169) (text: " said the connoisseur . ) (vein: [3, 4, 12, 15, 16, 17, 18, 21, 22, 24, 25, 26, 27, 29, 31, 32, 35, 36, 39, 40, 41, 43, 48, 49, 50, 54, 55, 58, 59, 60, 61, 65, 71, 72, 73, 75, 76, 79, 82, 83, 94, 95, 96, 97, 98, 99, 100, 102, 105, 107, 108, 109, 112, 117, 118, 119, 122, 126, 131, 133, 134, 135, 140, 141, 146, 151, 154, 155, 157, 159, 160, 164, 165, 166, 168, 169, 172]) )
                                )
                                ( Sattelite (span: 170 171)
                                  ( Nucleus (leaf: 170) (text: " The kitten seems so happy drinking from it . " ) (vein: [3, 4, 12, 15, 16, 17, 18, 21, 22, 24, 25, 26, 27, 29, 31, 32, 35, 36, 39, 40, 41, 43, 48, 49, 50, 54, 55, 58, 59, 60, 61, 65, 71, 72, 73, 75, 76, 79, 82, 83, 94, 95, 96, 97, 98, 99, 100, 102, 105, 107, 108, 109, 112, 117, 118, 119, 122, 126, 131, 133, 134, 135, 140, 141, 146, 151, 154, 155, 157, 159, 160, 164, 165, 166, 168, 170, 172]) )
                                  ( Sattelite (leaf: 171) (text: " Nothing doing , " said the proprietor firmly . ) (vein: [3, 4, 12, 15, 16, 17, 18, 21, 22, 24, 25, 26, 27, 29, 31, 32, 35, 36, 39, 40, 41, 43, 48, 49, 50, 54, 55, 58, 59, 60, 61, 65, 71, 72, 73, 75, 76, 79, 82, 83, 94, 95, 96, 97, 98, 99, 100, 102, 105, 107, 108, 109, 112, 117, 118, 119, 122, 126, 131, 133, 134, 135, 140, 141, 146, 151, 154, 155, 157, 159, 160, 164, 165, 166, 168, 170, 171, 172]) )
                                )
                              )
                            )
                          )
                        )
                      )
                    )
                    ( Nucleus (span: 172 173)
                      ( Nucleus (leaf: 172) (text: " That 's my lucky saucer . ) (vein: [3, 4, 12, 15, 16, 17, 18, 21, 22, 24, 25, 26, 27, 29, 31, 32, 35, 36, 39, 40, 41, 43, 48, 49, 50, 54, 55, 58, 59, 60, 61, 65, 71, 72, 73, 75, 76, 79, 82, 83, 94, 95, 96, 97, 98, 99, 100, 102, 105, 107, 108, 109, 112, 117, 118, 119, 122, 126, 131, 133, 134, 135, 140, 141, 146, 151, 154, 155, 157, 159, 172]) )
                      ( Sattelite (leaf: 173) (text: From that saucer , so far this week I 've sold 34 cats . " ) (vein: [3, 4, 12, 15, 16, 17, 18, 21, 22, 24, 25, 26, 27, 29, 31, 32, 35, 36, 39, 40, 41, 43, 48, 49, 50, 54, 55, 58, 59, 60, 61, 65, 71, 72, 73, 75, 76, 79, 82, 83, 94, 95, 96, 97, 98, 99, 100, 102, 105, 107, 108, 109, 112, 117, 118, 119, 122, 126, 131, 133, 134, 135, 140, 141, 146, 151, 154, 155, 157, 159, 172, 173]) )
                    )
                  )
                )
              )
            )
          )
        )
      )
    )
  )
)

