( Root (0 93 )
  ( Nucleus (span: 0 57)
    ( Nucleus (leaf: 0) (text: ) (vein: [0, 3, 4, 7, 11, 17, 18, 20, 35, 41, 42, 44, 45, 58, 59, 63, 66, 67, 68]) )
    ( Nucleus (span: 1 57)
      ( Nucleus (span: 1 4)
        ( Sattelite (leaf: 1) (text: ) (vein: [0, 1, 3, 4, 7, 11, 17, 18, 20, 35, 41, 42, 44, 45, 58, 59, 63, 66, 67, 68]) )
        ( Nucleus (span: 2 4)
          ( Sattelite (leaf: 2) (text: ) (vein: [0, 1, 2, 3, 4, 7, 11, 17, 18, 20, 35, 41, 42, 44, 45, 58, 59, 63, 66, 67, 68]) )
          ( Nucleus (span: 3 4)
            ( Nucleus (leaf: 3) (text: ) (vein: [0, 1, 2, 3, 4, 7, 11, 17, 18, 20, 35, 41, 42, 44, 45, 58, 59, 63, 66, 67, 68]) )
            ( Nucleus (leaf: 4) (text: ) (vein: [0, 1, 2, 3, 4, 7, 11, 17, 18, 20, 35, 41, 42, 44, 45, 58, 59, 63, 66, 67, 68]) )
          )
        )
      )
      ( Nucleus (span: 5 57)
        ( Sattelite (span: 5 6)
          ( Nucleus (leaf: 5) (text: ) (vein: [0, 3, 4, 5, 7, 11, 17, 18, 20, 35, 41, 42, 44, 45, 58, 59, 63, 66, 67, 68]) )
          ( Sattelite (leaf: 6) (text: ) (vein: [0, 3, 4, 5, 6, 7, 11, 17, 18, 20, 35, 41, 42, 44, 45, 58, 59, 63, 66, 67, 68]) )
        )
        ( Nucleus (span: 7 57)
          ( Nucleus (span: 7 9)
            ( Nucleus (leaf: 7) (text: ) (vein: [0, 3, 4, 5, 7, 11, 17, 18, 20, 35, 41, 42, 44, 45, 58, 59, 63, 66, 67, 68]) )
            ( Sattelite (span: 8 9)
              ( Nucleus (leaf: 8) (text: ) (vein: [0, 3, 4, 7, 8, 11, 17, 18, 20, 35, 41, 42, 44, 45, 58, 59, 63, 66, 67, 68]) )
              ( Sattelite (leaf: 9) (text: ) (vein: [0, 3, 4, 7, 8, 9, 11, 17, 18, 20, 35, 41, 42, 44, 45, 58, 59, 63, 66, 67, 68]) )
            )
          )
          ( Nucleus (span: 10 57)
            ( Sattelite (leaf: 10) (text: ) (vein: [0, 3, 4, 5, 7, 10, 11, 17, 18, 20, 35, 41, 42, 44, 45, 58, 59, 63, 66, 67, 68]) )
            ( Nucleus (span: 11 57)
              ( Nucleus (span: 11 16)
                ( Nucleus (span: 11 12)
                  ( Nucleus (leaf: 11) (text: ) (vein: [0, 3, 4, 5, 7, 10, 11, 17, 18, 20, 35, 41, 42, 44, 45, 58, 59, 63, 66, 67, 68]) )
                  ( Sattelite (leaf: 12) (text: ) (vein: [0, 3, 4, 7, 11, 12, 17, 18, 20, 35, 41, 42, 44, 45, 58, 59, 63, 66, 67, 68]) )
                )
                ( Sattelite (span: 13 16)
                  ( Nucleus (leaf: 13) (text: ) (vein: [0, 3, 4, 7, 11, 13, 17, 18, 20, 35, 41, 42, 44, 45, 58, 59, 63, 66, 67, 68]) )
                  ( Sattelite (span: 14 16)
                    ( Nucleus (leaf: 14) (text: ) (vein: [0, 3, 4, 7, 11, 13, 14, 17, 18, 20, 35, 41, 42, 44, 45, 58, 59, 63, 66, 67, 68]) )
                    ( Sattelite (span: 15 16)
                      ( Nucleus (leaf: 15) (text: ) (vein: [0, 3, 4, 7, 11, 13, 14, 15, 17, 18, 20, 35, 41, 42, 44, 45, 58, 59, 63, 66, 67, 68]) )
                      ( Sattelite (leaf: 16) (text: ) (vein: [0, 3, 4, 7, 11, 13, 14, 15, 16, 17, 18, 20, 35, 41, 42, 44, 45, 58, 59, 63, 66, 67, 68]) )
                    )
                  )
                )
              )
              ( Nucleus (span: 17 57)
                ( Nucleus (leaf: 17) (text: ) (vein: [0, 3, 4, 5, 7, 10, 11, 17, 18, 20, 35, 41, 42, 44, 45, 58, 59, 63, 66, 67, 68]) )
                ( Nucleus (span: 18 57)
                  ( Nucleus (leaf: 18) (text: ) (vein: [0, 3, 4, 5, 7, 10, 11, 17, 18, 20, 35, 41, 42, 44, 45, 58, 59, 63, 66, 67, 68]) )
                  ( Nucleus (span: 19 57)
                    ( Sattelite (leaf: 19) (text: ) (vein: [0, 3, 4, 5, 7, 10, 11, 17, 18, 19, 20, 35, 41, 42, 44, 45, 58, 59, 63, 66, 67, 68]) )
                    ( Nucleus (span: 20 57)
                      ( Nucleus (span: 20 34)
                        ( Nucleus (leaf: 20) (text: ) (vein: [0, 3, 4, 5, 7, 10, 11, 17, 18, 19, 20, 35, 41, 42, 44, 45, 58, 59, 63, 66, 67, 68]) )
                        ( Sattelite (span: 21 34)
                          ( Nucleus (leaf: 21) (text: ) (vein: [0, 3, 4, 7, 11, 17, 18, 20, 21, 35, 41, 42, 44, 45, 58, 59, 63, 66, 67, 68]) )
                          ( Sattelite (span: 22 34)
                            ( Nucleus (leaf: 22) (text: ) (vein: [0, 3, 4, 7, 11, 17, 18, 20, 21, 22, 35, 41, 42, 44, 45, 58, 59, 63, 66, 67, 68]) )
                            ( Sattelite (span: 23 34)
                              ( Nucleus (leaf: 23) (text: ) (vein: [0, 3, 4, 7, 11, 17, 18, 20, 21, 22, 23, 35, 41, 42, 44, 45, 58, 59, 63, 66, 67, 68]) )
                              ( Sattelite (span: 24 34)
                                ( Nucleus (leaf: 24) (text: ) (vein: [0, 3, 4, 7, 11, 17, 18, 20, 21, 22, 23, 24, 35, 41, 42, 44, 45, 58, 59, 63, 66, 67, 68]) )
                                ( Sattelite (span: 25 34)
                                  ( Nucleus (leaf: 25) (text: ) (vein: [0, 3, 4, 7, 11, 17, 18, 20, 21, 22, 23, 24, 25, 35, 41, 42, 44, 45, 58, 59, 63, 66, 67, 68]) )
                                  ( Sattelite (span: 26 34)
                                    ( Nucleus (leaf: 26) (text: ) (vein: [0, 3, 4, 7, 11, 17, 18, 20, 21, 22, 23, 24, 25, 26, 35, 41, 42, 44, 45, 58, 59, 63, 66, 67, 68]) )
                                    ( Sattelite (span: 27 34)
                                      ( Nucleus (leaf: 27) (text: ) (vein: [0, 3, 4, 7, 11, 17, 18, 20, 21, 22, 23, 24, 25, 26, 27, 35, 41, 42, 44, 45, 58, 59, 63, 66, 67, 68]) )
                                      ( Sattelite (span: 28 34)
                                        ( Nucleus (leaf: 28) (text: ) (vein: [0, 3, 4, 7, 11, 17, 18, 20, 21, 22, 23, 24, 25, 26, 27, 28, 35, 41, 42, 44, 45, 58, 59, 63, 66, 67, 68]) )
                                        ( Sattelite (span: 29 34)
                                          ( Nucleus (leaf: 29) (text: ) (vein: [0, 3, 4, 7, 11, 17, 18, 20, 21, 22, 23, 24, 25, 26, 27, 28, 29, 35, 41, 42, 44, 45, 58, 59, 63, 66, 67, 68]) )
                                          ( Sattelite (span: 30 34)
                                            ( Nucleus (leaf: 30) (text: ) (vein: [0, 3, 4, 7, 11, 17, 18, 20, 21, 22, 23, 24, 25, 26, 27, 28, 29, 30, 35, 41, 42, 44, 45, 58, 59, 63, 66, 67, 68]) )
                                            ( Sattelite (span: 31 34)
                                              ( Nucleus (leaf: 31) (text: ) (vein: [0, 3, 4, 7, 11, 17, 18, 20, 21, 22, 23, 24, 25, 26, 27, 28, 29, 30, 31, 35, 41, 42, 44, 45, 58, 59, 63, 66, 67, 68]) )
                                              ( Sattelite (span: 32 34)
                                                ( Nucleus (leaf: 32) (text: ) (vein: [0, 3, 4, 7, 11, 17, 18, 20, 21, 22, 23, 24, 25, 26, 27, 28, 29, 30, 31, 32, 35, 41, 42, 44, 45, 58, 59, 63, 66, 67, 68]) )
                                                ( Sattelite (span: 33 34)
                                                  ( Nucleus (leaf: 33) (text: ) (vein: [0, 3, 4, 7, 11, 17, 18, 20, 21, 22, 23, 24, 25, 26, 27, 28, 29, 30, 31, 32, 33, 35, 41, 42, 44, 45, 58, 59, 63, 66, 67, 68]) )
                                                  ( Sattelite (leaf: 34) (text: ) (vein: [0, 3, 4, 7, 11, 17, 18, 20, 21, 22, 23, 24, 25, 26, 27, 28, 29, 30, 31, 32, 33, 34, 35, 41, 42, 44, 45, 58, 59, 63, 66, 67, 68]) )
                                                )
                                              )
                                            )
                                          )
                                        )
                                      )
                                    )
                                  )
                                )
                              )
                            )
                          )
                        )
                      )
                      ( Nucleus (span: 35 57)
                        ( Nucleus (span: 35 40)
                          ( Nucleus (leaf: 35) (text: ) (vein: [0, 3, 4, 5, 7, 10, 11, 17, 18, 19, 20, 35, 41, 42, 44, 45, 58, 59, 63, 66, 67, 68]) )
                          ( Sattelite (span: 36 40)
                            ( Nucleus (leaf: 36) (text: ) (vein: [0, 3, 4, 7, 11, 17, 18, 20, 35, 36, 41, 42, 44, 45, 58, 59, 63, 66, 67, 68]) )
                            ( Sattelite (span: 37 40)
                              ( Nucleus (leaf: 37) (text: ) (vein: [0, 3, 4, 7, 11, 17, 18, 20, 35, 36, 37, 41, 42, 44, 45, 58, 59, 63, 66, 67, 68]) )
                              ( Sattelite (span: 38 40)
                                ( Nucleus (leaf: 38) (text: ) (vein: [0, 3, 4, 7, 11, 17, 18, 20, 35, 36, 37, 38, 41, 42, 44, 45, 58, 59, 63, 66, 67, 68]) )
                                ( Sattelite (span: 39 40)
                                  ( Nucleus (leaf: 39) (text: ) (vein: [0, 3, 4, 7, 11, 17, 18, 20, 35, 36, 37, 38, 39, 41, 42, 44, 45, 58, 59, 63, 66, 67, 68]) )
                                  ( Sattelite (leaf: 40) (text: ) (vein: [0, 3, 4, 7, 11, 17, 18, 20, 35, 36, 37, 38, 39, 40, 41, 42, 44, 45, 58, 59, 63, 66, 67, 68]) )
                                )
                              )
                            )
                          )
                        )
                        ( Nucleus (span: 41 57)
                          ( Nucleus (leaf: 41) (text: ) (vein: [0, 3, 4, 5, 7, 10, 11, 17, 18, 19, 20, 35, 41, 42, 44, 45, 58, 59, 63, 66, 67, 68]) )
                          ( Nucleus (span: 42 57)
                            ( Nucleus (leaf: 42) (text: ) (vein: [0, 3, 4, 5, 7, 10, 11, 17, 18, 19, 20, 35, 41, 42, 44, 45, 58, 59, 63, 66, 67, 68]) )
                            ( Nucleus (span: 43 57)
                              ( Sattelite (leaf: 43) (text: ) (vein: [0, 3, 4, 5, 7, 10, 11, 17, 18, 19, 20, 35, 41, 42, 43, 44, 45, 58, 59, 63, 66, 67, 68]) )
                              ( Nucleus (span: 44 57)
                                ( Nucleus (leaf: 44) (text: ) (vein: [0, 3, 4, 5, 7, 10, 11, 17, 18, 19, 20, 35, 41, 42, 43, 44, 45, 58, 59, 63, 66, 67, 68]) )
                                ( Nucleus (span: 45 57)
                                  ( Nucleus (leaf: 45) (text: ) (vein: [0, 3, 4, 5, 7, 10, 11, 17, 18, 19, 20, 35, 41, 42, 43, 44, 45, 58, 59, 63, 66, 67, 68]) )
                                  ( Sattelite (span: 46 57)
                                    ( Nucleus (leaf: 46) (text: ) (vein: [0, 3, 4, 7, 11, 17, 18, 20, 35, 41, 42, 44, 45, 46, 58, 59, 63, 66, 67, 68]) )
                                    ( Sattelite (span: 47 57)
                                      ( Nucleus (leaf: 47) (text: ) (vein: [0, 3, 4, 7, 11, 17, 18, 20, 35, 41, 42, 44, 45, 46, 47, 58, 59, 63, 66, 67, 68]) )
                                      ( Sattelite (span: 48 57)
                                        ( Nucleus (leaf: 48) (text: ) (vein: [0, 3, 4, 7, 11, 17, 18, 20, 35, 41, 42, 44, 45, 46, 47, 48, 58, 59, 63, 66, 67, 68]) )
                                        ( Sattelite (span: 49 57)
                                          ( Nucleus (leaf: 49) (text: ) (vein: [0, 3, 4, 7, 11, 17, 18, 20, 35, 41, 42, 44, 45, 46, 47, 48, 49, 58, 59, 63, 66, 67, 68]) )
                                          ( Sattelite (span: 50 57)
                                            ( Nucleus (span: 50 51)
                                              ( Nucleus (leaf: 50) (text: ) (vein: [0, 3, 4, 7, 11, 17, 18, 20, 35, 41, 42, 44, 45, 46, 47, 48, 49, 50, 58, 59, 63, 66, 67, 68]) )
                                              ( Sattelite (leaf: 51) (text: ) (vein: [0, 3, 4, 7, 11, 17, 18, 20, 35, 41, 42, 44, 45, 46, 47, 48, 49, 50, 51, 58, 59, 63, 66, 67, 68]) )
                                            )
                                            ( Sattelite (span: 52 57)
                                              ( Nucleus (leaf: 52) (text: ) (vein: [0, 3, 4, 7, 11, 17, 18, 20, 35, 41, 42, 44, 45, 46, 47, 48, 49, 50, 52, 58, 59, 63, 66, 67, 68]) )
                                              ( Sattelite (span: 53 57)
                                                ( Nucleus (leaf: 53) (text: ) (vein: [0, 3, 4, 7, 11, 17, 18, 20, 35, 41, 42, 44, 45, 46, 47, 48, 49, 50, 52, 53, 58, 59, 63, 66, 67, 68]) )
                                                ( Sattelite (span: 54 57)
                                                  ( Nucleus (leaf: 54) (text: ) (vein: [0, 3, 4, 7, 11, 17, 18, 20, 35, 41, 42, 44, 45, 46, 47, 48, 49, 50, 52, 53, 54, 58, 59, 63, 66, 67, 68]) )
                                                  ( Sattelite (span: 55 57)
                                                    ( Nucleus (leaf: 55) (text: ) (vein: [0, 3, 4, 7, 11, 17, 18, 20, 35, 41, 42, 44, 45, 46, 47, 48, 49, 50, 52, 53, 54, 55, 58, 59, 63, 66, 67, 68]) )
                                                    ( Sattelite (span: 56 57)
                                                      ( Nucleus (leaf: 56) (text: ) (vein: [0, 3, 4, 7, 11, 17, 18, 20, 35, 41, 42, 44, 45, 46, 47, 48, 49, 50, 52, 53, 54, 55, 56, 58, 59, 63, 66, 67, 68]) )
                                                      ( Sattelite (leaf: 57) (text: ) (vein: [0, 3, 4, 7, 11, 17, 18, 20, 35, 41, 42, 44, 45, 46, 47, 48, 49, 50, 52, 53, 54, 55, 56, 57, 58, 59, 63, 66, 67, 68]) )
                                                    )
                                                  )
                                                )
                                              )
                                            )
                                          )
                                        )
                                      )
                                    )
                                  )
                                )
                              )
                            )
                          )
                        )
                      )
                    )
                  )
                )
              )
            )
          )
        )
      )
    )
  )
  ( Nucleus (span: 58 93)
    ( Nucleus (span: 58 68)
      ( Nucleus (leaf: 58) (text: ) (vein: [0, 3, 4, 7, 11, 17, 18, 20, 35, 41, 42, 44, 45, 58, 59, 63, 66, 67, 68]) )
      ( Nucleus (span: 59 68)
        ( Nucleus (span: 59 62)
          ( Nucleus (leaf: 59) (text: ) (vein: [0, 3, 4, 7, 11, 17, 18, 20, 35, 41, 42, 44, 45, 58, 59, 63, 66, 67, 68]) )
          ( Sattelite (span: 60 62)
            ( Nucleus (leaf: 60) (text: ) (vein: [0, 3, 4, 7, 11, 17, 18, 20, 35, 41, 42, 44, 45, 58, 59, 60, 63, 66, 67, 68]) )
            ( Sattelite (span: 61 62)
              ( Nucleus (leaf: 61) (text: ) (vein: [0, 3, 4, 7, 11, 17, 18, 20, 35, 41, 42, 44, 45, 58, 59, 60, 61, 63, 66, 67, 68]) )
              ( Sattelite (leaf: 62) (text: ) (vein: [0, 3, 4, 7, 11, 17, 18, 20, 35, 41, 42, 44, 45, 58, 59, 60, 61, 62, 63, 66, 67, 68]) )
            )
          )
        )
        ( Nucleus (span: 63 68)
          ( Nucleus (span: 63 65)
            ( Nucleus (leaf: 63) (text: ) (vein: [0, 3, 4, 7, 11, 17, 18, 20, 35, 41, 42, 44, 45, 58, 59, 63, 66, 67, 68]) )
            ( Sattelite (span: 64 65)
              ( Nucleus (leaf: 64) (text: ) (vein: [0, 3, 4, 7, 11, 17, 18, 20, 35, 41, 42, 44, 45, 58, 59, 63, 64, 66, 67, 68]) )
              ( Sattelite (leaf: 65) (text: ) (vein: [0, 3, 4, 7, 11, 17, 18, 20, 35, 41, 42, 44, 45, 58, 59, 63, 64, 65, 66, 67, 68]) )
            )
          )
          ( Nucleus (span: 66 68)
            ( Nucleus (leaf: 66) (text: ) (vein: [0, 3, 4, 7, 11, 17, 18, 20, 35, 41, 42, 44, 45, 58, 59, 63, 66, 67, 68]) )
            ( Nucleus (span: 67 68)
              ( Nucleus (leaf: 67) (text: ) (vein: [0, 3, 4, 7, 11, 17, 18, 20, 35, 41, 42, 44, 45, 58, 59, 63, 66, 67, 68]) )
              ( Nucleus (leaf: 68) (text: ) (vein: [0, 3, 4, 7, 11, 17, 18, 20, 35, 41, 42, 44, 45, 58, 59, 63, 66, 67, 68]) )
            )
          )
        )
      )
    )
    ( Sattelite (span: 69 93)
      ( Nucleus (span: 69 74)
        ( Sattelite (leaf: 69) (text: ) (vein: [0, 3, 4, 7, 11, 17, 18, 20, 35, 41, 42, 44, 45, 58, 59, 63, 66, 67, 68, 69, 70, 71, 73, 74]) )
        ( Nucleus (span: 70 74)
          ( Nucleus (leaf: 70) (text: ) (vein: [0, 3, 4, 7, 11, 17, 18, 20, 35, 41, 42, 44, 45, 58, 59, 63, 66, 67, 68, 69, 70, 71, 73, 74]) )
          ( Nucleus (span: 71 74)
            ( Nucleus (span: 71 72)
              ( Nucleus (leaf: 71) (text: ) (vein: [0, 3, 4, 7, 11, 17, 18, 20, 35, 41, 42, 44, 45, 58, 59, 63, 66, 67, 68, 69, 70, 71, 73, 74]) )
              ( Sattelite (leaf: 72) (text: ) (vein: [0, 3, 4, 7, 11, 17, 18, 20, 35, 41, 42, 44, 45, 58, 59, 63, 66, 67, 68, 70, 71, 72, 73, 74]) )
            )
            ( Nucleus (span: 73 74)
              ( Nucleus (leaf: 73) (text: ) (vein: [0, 3, 4, 7, 11, 17, 18, 20, 35, 41, 42, 44, 45, 58, 59, 63, 66, 67, 68, 69, 70, 71, 73, 74]) )
              ( Nucleus (leaf: 74) (text: ) (vein: [0, 3, 4, 7, 11, 17, 18, 20, 35, 41, 42, 44, 45, 58, 59, 63, 66, 67, 68, 69, 70, 71, 73, 74]) )
            )
          )
        )
      )
      ( Sattelite (span: 75 93)
        ( Nucleus (span: 75 86)
          ( Nucleus (leaf: 75) (text: ) (vein: [0, 3, 4, 7, 11, 17, 18, 20, 35, 41, 42, 44, 45, 58, 59, 63, 66, 67, 68, 70, 71, 73, 74, 75, 76, 80, 84]) )
          ( Nucleus (span: 76 86)
            ( Nucleus (span: 76 79)
              ( Nucleus (leaf: 76) (text: ) (vein: [0, 3, 4, 7, 11, 17, 18, 20, 35, 41, 42, 44, 45, 58, 59, 63, 66, 67, 68, 70, 71, 73, 74, 75, 76, 80, 84]) )
              ( Sattelite (span: 77 79)
                ( Nucleus (leaf: 77) (text: ) (vein: [0, 3, 4, 7, 11, 17, 18, 20, 35, 41, 42, 44, 45, 58, 59, 63, 66, 67, 68, 70, 71, 73, 74, 75, 76, 77, 80, 84]) )
                ( Sattelite (span: 78 79)
                  ( Nucleus (leaf: 78) (text: ) (vein: [0, 3, 4, 7, 11, 17, 18, 20, 35, 41, 42, 44, 45, 58, 59, 63, 66, 67, 68, 70, 71, 73, 74, 75, 76, 77, 78, 80, 84]) )
                  ( Sattelite (leaf: 79) (text: ) (vein: [0, 3, 4, 7, 11, 17, 18, 20, 35, 41, 42, 44, 45, 58, 59, 63, 66, 67, 68, 70, 71, 73, 74, 75, 76, 77, 78, 79, 80, 84]) )
                )
              )
            )
            ( Nucleus (span: 80 86)
              ( Nucleus (span: 80 83)
                ( Nucleus (leaf: 80) (text: ) (vein: [0, 3, 4, 7, 11, 17, 18, 20, 35, 41, 42, 44, 45, 58, 59, 63, 66, 67, 68, 70, 71, 73, 74, 75, 76, 80, 84]) )
                ( Sattelite (span: 81 83)
                  ( Nucleus (leaf: 81) (text: ) (vein: [0, 3, 4, 7, 11, 17, 18, 20, 35, 41, 42, 44, 45, 58, 59, 63, 66, 67, 68, 70, 71, 73, 74, 75, 76, 80, 81, 84]) )
                  ( Sattelite (span: 82 83)
                    ( Nucleus (leaf: 82) (text: ) (vein: [0, 3, 4, 7, 11, 17, 18, 20, 35, 41, 42, 44, 45, 58, 59, 63, 66, 67, 68, 70, 71, 73, 74, 75, 76, 80, 81, 82, 84]) )
                    ( Sattelite (leaf: 83) (text: ) (vein: [0, 3, 4, 7, 11, 17, 18, 20, 35, 41, 42, 44, 45, 58, 59, 63, 66, 67, 68, 70, 71, 73, 74, 75, 76, 80, 81, 82, 83, 84]) )
                  )
                )
              )
              ( Nucleus (span: 84 86)
                ( Nucleus (leaf: 84) (text: ) (vein: [0, 3, 4, 7, 11, 17, 18, 20, 35, 41, 42, 44, 45, 58, 59, 63, 66, 67, 68, 70, 71, 73, 74, 75, 76, 80, 84]) )
                ( Sattelite (span: 85 86)
                  ( Nucleus (leaf: 85) (text: ) (vein: [0, 3, 4, 7, 11, 17, 18, 20, 35, 41, 42, 44, 45, 58, 59, 63, 66, 67, 68, 70, 71, 73, 74, 75, 76, 80, 84, 85]) )
                  ( Sattelite (leaf: 86) (text: ) (vein: [0, 3, 4, 7, 11, 17, 18, 20, 35, 41, 42, 44, 45, 58, 59, 63, 66, 67, 68, 70, 71, 73, 74, 75, 76, 80, 84, 85, 86]) )
                )
              )
            )
          )
        )
        ( Sattelite (span: 87 93)
          ( Sattelite (leaf: 87) (text: THREE PROOFS THAT JESUS WAS A WOMAN ... ) (vein: [0, 3, 4, 7, 11, 17, 18, 20, 35, 41, 42, 44, 45, 58, 59, 63, 66, 67, 68, 70, 71, 73, 74, 75, 76, 80, 84, 87, 88]) )
          ( Nucleus (span: 88 93)
            ( Nucleus (span: 88 89)
              ( Nucleus (leaf: 88) (text: 1 . He had to feed a crowd at a moment 's notice ) (vein: [0, 3, 4, 7, 11, 17, 18, 20, 35, 41, 42, 44, 45, 58, 59, 63, 66, 67, 68, 70, 71, 73, 74, 75, 76, 80, 84, 87, 88]) )
              ( Sattelite (leaf: 89) (text: when there was no food ) (vein: [0, 3, 4, 7, 11, 17, 18, 20, 35, 41, 42, 44, 45, 58, 59, 63, 66, 67, 68, 70, 71, 73, 74, 75, 76, 80, 84, 88, 89]) )
            )
            ( Sattelite (span: 90 93)
              ( Nucleus (leaf: 90) (text: 2 . He kept trying to get the message across to a bunch of men who JUST DID N'T GET IT . ) (vein: [0, 3, 4, 7, 11, 17, 18, 20, 35, 41, 42, 44, 45, 58, 59, 63, 66, 67, 68, 70, 71, 73, 74, 75, 76, 80, 84, 88, 90]) )
              ( Sattelite (span: 91 93)
                ( Nucleus (leaf: 91) (text: 3 . Even when He was dead , ) (vein: [0, 3, 4, 7, 11, 17, 18, 20, 35, 41, 42, 44, 45, 58, 59, 63, 66, 67, 68, 70, 71, 73, 74, 75, 76, 80, 84, 88, 90, 91]) )
                ( Sattelite (span: 92 93)
                  ( Nucleus (leaf: 92) (text: He had to get up because there was more work ) (vein: [0, 3, 4, 7, 11, 17, 18, 20, 35, 41, 42, 44, 45, 58, 59, 63, 66, 67, 68, 70, 71, 73, 74, 75, 76, 80, 84, 88, 90, 91, 92]) )
                  ( Sattelite (leaf: 93) (text: for him to do ) (vein: [0, 3, 4, 7, 11, 17, 18, 20, 35, 41, 42, 44, 45, 58, 59, 63, 66, 67, 68, 70, 71, 73, 74, 75, 76, 80, 84, 88, 90, 91, 92, 93]) )
                )
              )
            )
          )
        )
      )
    )
  )
)

