( Root (0 141 )
  ( Nucleus (span: 0 13)
    ( Nucleus (span: 0 2)
      ( Nucleus (leaf: 0) (text: ) (vein: [0, 1, 11, 14, 15, 16, 17, 20, 22, 23, 24, 26, 27, 31, 39, 42, 44, 50, 51]) )
      ( Nucleus (span: 1 2)
        ( Nucleus (leaf: 1) (text: ) (vein: [0, 1, 11, 14, 15, 16, 17, 20, 22, 23, 24, 26, 27, 31, 39, 42, 44, 50, 51]) )
        ( Sattelite (leaf: 2) (text: ) (vein: [0, 1, 2, 11, 14, 15, 16, 17, 20, 22, 23, 24, 26, 27, 31, 39, 42, 44, 50, 51]) )
      )
    )
    ( Nucleus (span: 3 13)
      ( Sattelite (span: 3 9)
        ( Nucleus (leaf: 3) (text: ) (vein: [0, 1, 3, 11, 14, 15, 16, 17, 20, 22, 23, 24, 26, 27, 31, 39, 42, 44, 50, 51]) )
        ( Sattelite (span: 4 9)
          ( Nucleus (leaf: 4) (text: ) (vein: [0, 1, 3, 4, 11, 14, 15, 16, 17, 20, 22, 23, 24, 26, 27, 31, 39, 42, 44, 50, 51]) )
          ( Sattelite (span: 5 9)
            ( Nucleus (leaf: 5) (text: ) (vein: [0, 1, 3, 4, 5, 6, 11, 14, 15, 16, 17, 20, 22, 23, 24, 26, 27, 31, 39, 42, 44, 50, 51]) )
            ( Nucleus (span: 6 9)
              ( Nucleus (leaf: 6) (text: ) (vein: [0, 1, 3, 4, 5, 6, 11, 14, 15, 16, 17, 20, 22, 23, 24, 26, 27, 31, 39, 42, 44, 50, 51]) )
              ( Sattelite (span: 7 9)
                ( Nucleus (leaf: 7) (text: ) (vein: [0, 1, 3, 4, 5, 6, 7, 8, 11, 14, 15, 16, 17, 20, 22, 23, 24, 26, 27, 31, 39, 42, 44, 50, 51]) )
                ( Nucleus (span: 8 9)
                  ( Nucleus (leaf: 8) (text: ) (vein: [0, 1, 3, 4, 5, 6, 7, 8, 11, 14, 15, 16, 17, 20, 22, 23, 24, 26, 27, 31, 39, 42, 44, 50, 51]) )
                  ( Sattelite (leaf: 9) (text: ) (vein: [0, 1, 3, 4, 5, 6, 7, 8, 9, 11, 14, 15, 16, 17, 20, 22, 23, 24, 26, 27, 31, 39, 42, 44, 50, 51]) )
                )
              )
            )
          )
        )
      )
      ( Nucleus (span: 10 13)
        ( Nucleus (span: 10 11)
          ( Sattelite (leaf: 10) (text: ) (vein: [0, 1, 3, 10, 11, 14, 15, 16, 17, 20, 22, 23, 24, 26, 27, 31, 39, 42, 44, 50, 51]) )
          ( Nucleus (leaf: 11) (text: ) (vein: [0, 1, 3, 10, 11, 14, 15, 16, 17, 20, 22, 23, 24, 26, 27, 31, 39, 42, 44, 50, 51]) )
        )
        ( Sattelite (span: 12 13)
          ( Nucleus (leaf: 12) (text: ) (vein: [0, 1, 11, 12, 14, 15, 16, 17, 20, 22, 23, 24, 26, 27, 31, 39, 42, 44, 50, 51]) )
          ( Sattelite (leaf: 13) (text: ) (vein: [0, 1, 11, 12, 13, 14, 15, 16, 17, 20, 22, 23, 24, 26, 27, 31, 39, 42, 44, 50, 51]) )
        )
      )
    )
  )
  ( Nucleus (span: 14 141)
    ( Nucleus (span: 14 54)
      ( Nucleus (span: 14 15)
        ( Nucleus (leaf: 14) (text: ) (vein: [0, 1, 11, 14, 15, 16, 17, 20, 22, 23, 24, 26, 27, 31, 39, 42, 44, 50, 51]) )
        ( Nucleus (leaf: 15) (text: ) (vein: [0, 1, 11, 14, 15, 16, 17, 20, 22, 23, 24, 26, 27, 31, 39, 42, 44, 50, 51]) )
      )
      ( Nucleus (span: 16 54)
        ( Nucleus (span: 16 19)
          ( Nucleus (span: 16 17)
            ( Nucleus (leaf: 16) (text: ) (vein: [0, 1, 11, 14, 15, 16, 17, 20, 22, 23, 24, 26, 27, 31, 39, 42, 44, 50, 51]) )
            ( Nucleus (leaf: 17) (text: ) (vein: [0, 1, 11, 14, 15, 16, 17, 20, 22, 23, 24, 26, 27, 31, 39, 42, 44, 50, 51]) )
          )
          ( Sattelite (span: 18 19)
            ( Nucleus (leaf: 18) (text: ) (vein: [0, 1, 11, 14, 15, 16, 17, 18, 20, 22, 23, 24, 26, 27, 31, 39, 42, 44, 50, 51]) )
            ( Sattelite (leaf: 19) (text: ) (vein: [0, 1, 11, 14, 15, 16, 17, 18, 19, 20, 22, 23, 24, 26, 27, 31, 39, 42, 44, 50, 51]) )
          )
        )
        ( Nucleus (span: 20 54)
          ( Nucleus (span: 20 21)
            ( Nucleus (leaf: 20) (text: ) (vein: [0, 1, 11, 14, 15, 16, 17, 20, 22, 23, 24, 26, 27, 31, 39, 42, 44, 50, 51]) )
            ( Sattelite (leaf: 21) (text: ) (vein: [0, 1, 11, 14, 15, 16, 17, 20, 21, 22, 23, 24, 26, 27, 31, 39, 42, 44, 50, 51]) )
          )
          ( Nucleus (span: 22 54)
            ( Nucleus (leaf: 22) (text: ) (vein: [0, 1, 11, 14, 15, 16, 17, 20, 22, 23, 24, 26, 27, 31, 39, 42, 44, 50, 51]) )
            ( Nucleus (span: 23 54)
              ( Nucleus (leaf: 23) (text: ) (vein: [0, 1, 11, 14, 15, 16, 17, 20, 22, 23, 24, 26, 27, 31, 39, 42, 44, 50, 51]) )
              ( Nucleus (span: 24 54)
                ( Nucleus (span: 24 30)
                  ( Nucleus (span: 24 27)
                    ( Nucleus (leaf: 24) (text: ) (vein: [0, 1, 11, 14, 15, 16, 17, 20, 22, 23, 24, 26, 27, 31, 39, 42, 44, 50, 51]) )
                    ( Nucleus (span: 25 27)
                      ( Sattelite (leaf: 25) (text: ) (vein: [0, 1, 11, 14, 15, 16, 17, 20, 22, 23, 24, 25, 26, 27, 31, 39, 42, 44, 50, 51]) )
                      ( Nucleus (span: 26 27)
                        ( Nucleus (leaf: 26) (text: ) (vein: [0, 1, 11, 14, 15, 16, 17, 20, 22, 23, 24, 25, 26, 27, 31, 39, 42, 44, 50, 51]) )
                        ( Nucleus (leaf: 27) (text: ) (vein: [0, 1, 11, 14, 15, 16, 17, 20, 22, 23, 24, 25, 26, 27, 31, 39, 42, 44, 50, 51]) )
                      )
                    )
                  )
                  ( Sattelite (span: 28 30)
                    ( Nucleus (leaf: 28) (text: ) (vein: [0, 1, 11, 14, 15, 16, 17, 20, 22, 23, 24, 26, 27, 28, 31, 39, 42, 44, 50, 51]) )
                    ( Sattelite (span: 29 30)
                      ( Nucleus (leaf: 29) (text: ) (vein: [0, 1, 11, 14, 15, 16, 17, 20, 22, 23, 24, 26, 27, 28, 29, 31, 39, 42, 44, 50, 51]) )
                      ( Sattelite (leaf: 30) (text: ) (vein: [0, 1, 11, 14, 15, 16, 17, 20, 22, 23, 24, 26, 27, 28, 29, 30, 31, 39, 42, 44, 50, 51]) )
                    )
                  )
                )
                ( Nucleus (span: 31 54)
                  ( Nucleus (span: 31 38)
                    ( Nucleus (leaf: 31) (text: ) (vein: [0, 1, 11, 14, 15, 16, 17, 20, 22, 23, 24, 26, 27, 31, 39, 42, 44, 50, 51]) )
                    ( Sattelite (span: 32 38)
                      ( Nucleus (leaf: 32) (text: ) (vein: [0, 1, 11, 14, 15, 16, 17, 20, 22, 23, 24, 26, 27, 31, 32, 39, 42, 44, 50, 51]) )
                      ( Sattelite (span: 33 38)
                        ( Nucleus (span: 33 36)
                          ( Nucleus (leaf: 33) (text: ) (vein: [0, 1, 11, 14, 15, 16, 17, 20, 22, 23, 24, 26, 27, 31, 32, 33, 39, 42, 44, 50, 51]) )
                          ( Sattelite (span: 34 36)
                            ( Nucleus (leaf: 34) (text: ) (vein: [0, 1, 11, 14, 15, 16, 17, 20, 22, 23, 24, 26, 27, 31, 32, 33, 34, 39, 42, 44, 50, 51]) )
                            ( Sattelite (span: 35 36)
                              ( Nucleus (leaf: 35) (text: ) (vein: [0, 1, 11, 14, 15, 16, 17, 20, 22, 23, 24, 26, 27, 31, 32, 33, 34, 35, 39, 42, 44, 50, 51]) )
                              ( Sattelite (leaf: 36) (text: ) (vein: [0, 1, 11, 14, 15, 16, 17, 20, 22, 23, 24, 26, 27, 31, 32, 33, 34, 35, 36, 39, 42, 44, 50, 51]) )
                            )
                          )
                        )
                        ( Sattelite (span: 37 38)
                          ( Nucleus (leaf: 37) (text: ) (vein: [0, 1, 11, 14, 15, 16, 17, 20, 22, 23, 24, 26, 27, 31, 32, 33, 37, 39, 42, 44, 50, 51]) )
                          ( Sattelite (leaf: 38) (text: ) (vein: [0, 1, 11, 14, 15, 16, 17, 20, 22, 23, 24, 26, 27, 31, 32, 33, 37, 38, 39, 42, 44, 50, 51]) )
                        )
                      )
                    )
                  )
                  ( Nucleus (span: 39 54)
                    ( Nucleus (span: 39 41)
                      ( Nucleus (leaf: 39) (text: ) (vein: [0, 1, 11, 14, 15, 16, 17, 20, 22, 23, 24, 26, 27, 31, 39, 42, 44, 50, 51]) )
                      ( Sattelite (span: 40 41)
                        ( Nucleus (leaf: 40) (text: ) (vein: [0, 1, 11, 14, 15, 16, 17, 20, 22, 23, 24, 26, 27, 31, 39, 40, 41, 42, 44, 50, 51]) )
                        ( Nucleus (leaf: 41) (text: ) (vein: [0, 1, 11, 14, 15, 16, 17, 20, 22, 23, 24, 26, 27, 31, 39, 40, 41, 42, 44, 50, 51]) )
                      )
                    )
                    ( Nucleus (span: 42 54)
                      ( Nucleus (span: 42 43)
                        ( Nucleus (leaf: 42) (text: ) (vein: [0, 1, 11, 14, 15, 16, 17, 20, 22, 23, 24, 26, 27, 31, 39, 42, 44, 50, 51]) )
                        ( Sattelite (leaf: 43) (text: ) (vein: [0, 1, 11, 14, 15, 16, 17, 20, 22, 23, 24, 26, 27, 31, 39, 42, 43, 44, 50, 51]) )
                      )
                      ( Nucleus (span: 44 54)
                        ( Nucleus (span: 44 49)
                          ( Nucleus (leaf: 44) (text: ) (vein: [0, 1, 11, 14, 15, 16, 17, 20, 22, 23, 24, 26, 27, 31, 39, 42, 44, 50, 51]) )
                          ( Sattelite (span: 45 49)
                            ( Nucleus (leaf: 45) (text: ) (vein: [0, 1, 11, 14, 15, 16, 17, 20, 22, 23, 24, 26, 27, 31, 39, 42, 44, 45, 50, 51]) )
                            ( Sattelite (span: 46 49)
                              ( Nucleus (leaf: 46) (text: ) (vein: [0, 1, 11, 14, 15, 16, 17, 20, 22, 23, 24, 26, 27, 31, 39, 42, 44, 45, 46, 50, 51]) )
                              ( Sattelite (span: 47 49)
                                ( Nucleus (leaf: 47) (text: ) (vein: [0, 1, 11, 14, 15, 16, 17, 20, 22, 23, 24, 26, 27, 31, 39, 42, 44, 45, 46, 47, 50, 51]) )
                                ( Sattelite (span: 48 49)
                                  ( Nucleus (leaf: 48) (text: ) (vein: [0, 1, 11, 14, 15, 16, 17, 20, 22, 23, 24, 26, 27, 31, 39, 42, 44, 45, 46, 47, 48, 50, 51]) )
                                  ( Sattelite (leaf: 49) (text: ) (vein: [0, 1, 11, 14, 15, 16, 17, 20, 22, 23, 24, 26, 27, 31, 39, 42, 44, 45, 46, 47, 48, 49, 50, 51]) )
                                )
                              )
                            )
                          )
                        )
                        ( Nucleus (span: 50 54)
                          ( Nucleus (leaf: 50) (text: ) (vein: [0, 1, 11, 14, 15, 16, 17, 20, 22, 23, 24, 26, 27, 31, 39, 42, 44, 50, 51]) )
                          ( Nucleus (span: 51 54)
                            ( Nucleus (leaf: 51) (text: ) (vein: [0, 1, 11, 14, 15, 16, 17, 20, 22, 23, 24, 26, 27, 31, 39, 42, 44, 50, 51]) )
                            ( Sattelite (span: 52 54)
                              ( Nucleus (leaf: 52) (text: ) (vein: [0, 1, 11, 14, 15, 16, 17, 20, 22, 23, 24, 26, 27, 31, 39, 42, 44, 50, 51, 52]) )
                              ( Sattelite (span: 53 54)
                                ( Nucleus (leaf: 53) (text: ) (vein: [0, 1, 11, 14, 15, 16, 17, 20, 22, 23, 24, 26, 27, 31, 39, 42, 44, 50, 51, 52, 53, 54]) )
                                ( Nucleus (leaf: 54) (text: ) (vein: [0, 1, 11, 14, 15, 16, 17, 20, 22, 23, 24, 26, 27, 31, 39, 42, 44, 50, 51, 52, 53, 54]) )
                              )
                            )
                          )
                        )
                      )
                    )
                  )
                )
              )
            )
          )
        )
      )
    )
    ( Sattelite (span: 55 141)
      ( Nucleus (span: 55 81)
        ( Nucleus (span: 55 58)
          ( Nucleus (span: 55 56)
            ( Nucleus (leaf: 55) (text: ) (vein: [0, 1, 11, 14, 15, 16, 17, 20, 22, 23, 24, 26, 27, 31, 39, 42, 44, 50, 51, 55, 60, 63, 66, 68, 69, 70, 71, 75, 77]) )
            ( Sattelite (leaf: 56) (text: ) (vein: [0, 1, 11, 14, 15, 16, 17, 20, 22, 23, 24, 26, 27, 31, 39, 42, 44, 50, 51, 55, 56, 60, 63, 66, 68, 69, 70, 71, 75, 77]) )
          )
          ( Sattelite (span: 57 58)
            ( Nucleus (leaf: 57) (text: ) (vein: [0, 1, 11, 14, 15, 16, 17, 20, 22, 23, 24, 26, 27, 31, 39, 42, 44, 50, 51, 55, 57, 60, 63, 66, 68, 69, 70, 71, 75, 77]) )
            ( Sattelite (leaf: 58) (text: ) (vein: [0, 1, 11, 14, 15, 16, 17, 20, 22, 23, 24, 26, 27, 31, 39, 42, 44, 50, 51, 55, 57, 58, 60, 63, 66, 68, 69, 70, 71, 75, 77]) )
          )
        )
        ( Nucleus (span: 59 81)
          ( Nucleus (span: 59 60)
            ( Sattelite (leaf: 59) (text: ) (vein: [0, 1, 11, 14, 15, 16, 17, 20, 22, 23, 24, 26, 27, 31, 39, 42, 44, 50, 51, 55, 59, 60, 63, 66, 68, 69, 70, 71, 75, 77]) )
            ( Nucleus (leaf: 60) (text: ) (vein: [0, 1, 11, 14, 15, 16, 17, 20, 22, 23, 24, 26, 27, 31, 39, 42, 44, 50, 51, 55, 59, 60, 63, 66, 68, 69, 70, 71, 75, 77]) )
          )
          ( Nucleus (span: 61 81)
            ( Sattelite (span: 61 62)
              ( Nucleus (leaf: 61) (text: ) (vein: [0, 1, 11, 14, 15, 16, 17, 20, 22, 23, 24, 26, 27, 31, 39, 42, 44, 50, 51, 55, 60, 61, 62, 63, 66, 68, 69, 70, 71, 75, 77]) )
              ( Nucleus (leaf: 62) (text: ) (vein: [0, 1, 11, 14, 15, 16, 17, 20, 22, 23, 24, 26, 27, 31, 39, 42, 44, 50, 51, 55, 60, 61, 62, 63, 66, 68, 69, 70, 71, 75, 77]) )
            )
            ( Nucleus (span: 63 81)
              ( Nucleus (span: 63 64)
                ( Nucleus (leaf: 63) (text: ) (vein: [0, 1, 11, 14, 15, 16, 17, 20, 22, 23, 24, 26, 27, 31, 39, 42, 44, 50, 51, 55, 60, 61, 62, 63, 66, 68, 69, 70, 71, 75, 77]) )
                ( Sattelite (leaf: 64) (text: ) (vein: [0, 1, 11, 14, 15, 16, 17, 20, 22, 23, 24, 26, 27, 31, 39, 42, 44, 50, 51, 55, 60, 63, 64, 66, 68, 69, 70, 71, 75, 77]) )
              )
              ( Nucleus (span: 65 81)
                ( Sattelite (leaf: 65) (text: ) (vein: [0, 1, 11, 14, 15, 16, 17, 20, 22, 23, 24, 26, 27, 31, 39, 42, 44, 50, 51, 55, 60, 61, 62, 63, 65, 66, 68, 69, 70, 71, 75, 77]) )
                ( Nucleus (span: 66 81)
                  ( Nucleus (leaf: 66) (text: ) (vein: [0, 1, 11, 14, 15, 16, 17, 20, 22, 23, 24, 26, 27, 31, 39, 42, 44, 50, 51, 55, 60, 61, 62, 63, 65, 66, 68, 69, 70, 71, 75, 77]) )
                  ( Nucleus (span: 67 81)
                    ( Sattelite (leaf: 67) (text: ) (vein: [0, 1, 11, 14, 15, 16, 17, 20, 22, 23, 24, 26, 27, 31, 39, 42, 44, 50, 51, 55, 60, 61, 62, 63, 65, 66, 67, 68, 69, 70, 71, 75, 77]) )
                    ( Nucleus (span: 68 81)
                      ( Nucleus (leaf: 68) (text: ) (vein: [0, 1, 11, 14, 15, 16, 17, 20, 22, 23, 24, 26, 27, 31, 39, 42, 44, 50, 51, 55, 60, 61, 62, 63, 65, 66, 67, 68, 69, 70, 71, 75, 77]) )
                      ( Nucleus (span: 69 81)
                        ( Nucleus (span: 69 74)
                          ( Nucleus (span: 69 71)
                            ( Nucleus (leaf: 69) (text: ) (vein: [0, 1, 11, 14, 15, 16, 17, 20, 22, 23, 24, 26, 27, 31, 39, 42, 44, 50, 51, 55, 60, 61, 62, 63, 65, 66, 67, 68, 69, 70, 71, 75, 77]) )
                            ( Nucleus (span: 70 71)
                              ( Nucleus (leaf: 70) (text: ) (vein: [0, 1, 11, 14, 15, 16, 17, 20, 22, 23, 24, 26, 27, 31, 39, 42, 44, 50, 51, 55, 60, 61, 62, 63, 65, 66, 67, 68, 69, 70, 71, 75, 77]) )
                              ( Nucleus (leaf: 71) (text: ) (vein: [0, 1, 11, 14, 15, 16, 17, 20, 22, 23, 24, 26, 27, 31, 39, 42, 44, 50, 51, 55, 60, 61, 62, 63, 65, 66, 67, 68, 69, 70, 71, 75, 77]) )
                            )
                          )
                          ( Sattelite (span: 72 74)
                            ( Nucleus (leaf: 72) (text: ) (vein: [0, 1, 11, 14, 15, 16, 17, 20, 22, 23, 24, 26, 27, 31, 39, 42, 44, 50, 51, 55, 60, 63, 66, 68, 69, 70, 71, 72, 75, 77]) )
                            ( Sattelite (span: 73 74)
                              ( Nucleus (leaf: 73) (text: ) (vein: [0, 1, 11, 14, 15, 16, 17, 20, 22, 23, 24, 26, 27, 31, 39, 42, 44, 50, 51, 55, 60, 63, 66, 68, 69, 70, 71, 72, 73, 75, 77]) )
                              ( Sattelite (leaf: 74) (text: ) (vein: [0, 1, 11, 14, 15, 16, 17, 20, 22, 23, 24, 26, 27, 31, 39, 42, 44, 50, 51, 55, 60, 63, 66, 68, 69, 70, 71, 72, 73, 74, 75, 77]) )
                            )
                          )
                        )
                        ( Nucleus (span: 75 81)
                          ( Nucleus (span: 75 76)
                            ( Nucleus (leaf: 75) (text: ) (vein: [0, 1, 11, 14, 15, 16, 17, 20, 22, 23, 24, 26, 27, 31, 39, 42, 44, 50, 51, 55, 60, 61, 62, 63, 65, 66, 67, 68, 69, 70, 71, 75, 77]) )
                            ( Sattelite (leaf: 76) (text: ) (vein: [0, 1, 11, 14, 15, 16, 17, 20, 22, 23, 24, 26, 27, 31, 39, 42, 44, 50, 51, 55, 60, 63, 66, 68, 69, 70, 71, 75, 76, 77]) )
                          )
                          ( Nucleus (span: 77 81)
                            ( Nucleus (leaf: 77) (text: ) (vein: [0, 1, 11, 14, 15, 16, 17, 20, 22, 23, 24, 26, 27, 31, 39, 42, 44, 50, 51, 55, 60, 61, 62, 63, 65, 66, 67, 68, 69, 70, 71, 75, 77]) )
                            ( Sattelite (span: 78 81)
                              ( Nucleus (leaf: 78) (text: ) (vein: [0, 1, 11, 14, 15, 16, 17, 20, 22, 23, 24, 26, 27, 31, 39, 42, 44, 50, 51, 55, 60, 63, 66, 68, 69, 70, 71, 75, 77, 78, 79]) )
                              ( Nucleus (span: 79 81)
                                ( Nucleus (leaf: 79) (text: ) (vein: [0, 1, 11, 14, 15, 16, 17, 20, 22, 23, 24, 26, 27, 31, 39, 42, 44, 50, 51, 55, 60, 63, 66, 68, 69, 70, 71, 75, 77, 78, 79]) )
                                ( Sattelite (span: 80 81)
                                  ( Nucleus (leaf: 80) (text: ) (vein: [0, 1, 11, 14, 15, 16, 17, 20, 22, 23, 24, 26, 27, 31, 39, 42, 44, 50, 51, 55, 60, 63, 66, 68, 69, 70, 71, 75, 77, 78, 79, 80]) )
                                  ( Sattelite (leaf: 81) (text: ) (vein: [0, 1, 11, 14, 15, 16, 17, 20, 22, 23, 24, 26, 27, 31, 39, 42, 44, 50, 51, 55, 60, 63, 66, 68, 69, 70, 71, 75, 77, 78, 79, 80, 81]) )
                                )
                              )
                            )
                          )
                        )
                      )
                    )
                  )
                )
              )
            )
          )
        )
      )
      ( Sattelite (span: 82 141)
        ( Nucleus (span: 82 100)
          ( Sattelite (leaf: 82) (text: ) (vein: [0, 1, 11, 14, 15, 16, 17, 20, 22, 23, 24, 26, 27, 31, 39, 42, 44, 50, 51, 55, 60, 63, 66, 68, 69, 70, 71, 75, 77, 82, 83, 85, 86, 91, 92, 93, 99]) )
          ( Nucleus (span: 83 100)
            ( Nucleus (leaf: 83) (text: ) (vein: [0, 1, 11, 14, 15, 16, 17, 20, 22, 23, 24, 26, 27, 31, 39, 42, 44, 50, 51, 55, 60, 63, 66, 68, 69, 70, 71, 75, 77, 82, 83, 85, 86, 91, 92, 93, 99]) )
            ( Nucleus (span: 84 100)
              ( Sattelite (leaf: 84) (text: ) (vein: [0, 1, 11, 14, 15, 16, 17, 20, 22, 23, 24, 26, 27, 31, 39, 42, 44, 50, 51, 55, 60, 63, 66, 68, 69, 70, 71, 75, 77, 82, 83, 84, 85, 86, 91, 92, 93, 99]) )
              ( Nucleus (span: 85 100)
                ( Nucleus (leaf: 85) (text: ) (vein: [0, 1, 11, 14, 15, 16, 17, 20, 22, 23, 24, 26, 27, 31, 39, 42, 44, 50, 51, 55, 60, 63, 66, 68, 69, 70, 71, 75, 77, 82, 83, 84, 85, 86, 91, 92, 93, 99]) )
                ( Nucleus (span: 86 100)
                  ( Nucleus (span: 86 90)
                    ( Nucleus (leaf: 86) (text: ) (vein: [0, 1, 11, 14, 15, 16, 17, 20, 22, 23, 24, 26, 27, 31, 39, 42, 44, 50, 51, 55, 60, 63, 66, 68, 69, 70, 71, 75, 77, 82, 83, 84, 85, 86, 91, 92, 93, 99]) )
                    ( Sattelite (span: 87 90)
                      ( Nucleus (leaf: 87) (text: ) (vein: [0, 1, 11, 14, 15, 16, 17, 20, 22, 23, 24, 26, 27, 31, 39, 42, 44, 50, 51, 55, 60, 63, 66, 68, 69, 70, 71, 75, 77, 83, 85, 86, 87, 91, 92, 93, 99]) )
                      ( Sattelite (span: 88 90)
                        ( Nucleus (leaf: 88) (text: ) (vein: [0, 1, 11, 14, 15, 16, 17, 20, 22, 23, 24, 26, 27, 31, 39, 42, 44, 50, 51, 55, 60, 63, 66, 68, 69, 70, 71, 75, 77, 83, 85, 86, 87, 88, 91, 92, 93, 99]) )
                        ( Sattelite (span: 89 90)
                          ( Nucleus (leaf: 89) (text: ) (vein: [0, 1, 11, 14, 15, 16, 17, 20, 22, 23, 24, 26, 27, 31, 39, 42, 44, 50, 51, 55, 60, 63, 66, 68, 69, 70, 71, 75, 77, 83, 85, 86, 87, 88, 89, 91, 92, 93, 99]) )
                          ( Sattelite (leaf: 90) (text: ) (vein: [0, 1, 11, 14, 15, 16, 17, 20, 22, 23, 24, 26, 27, 31, 39, 42, 44, 50, 51, 55, 60, 63, 66, 68, 69, 70, 71, 75, 77, 83, 85, 86, 87, 88, 89, 90, 91, 92, 93, 99]) )
                        )
                      )
                    )
                  )
                  ( Nucleus (span: 91 100)
                    ( Nucleus (leaf: 91) (text: ) (vein: [0, 1, 11, 14, 15, 16, 17, 20, 22, 23, 24, 26, 27, 31, 39, 42, 44, 50, 51, 55, 60, 63, 66, 68, 69, 70, 71, 75, 77, 82, 83, 84, 85, 86, 91, 92, 93, 99]) )
                    ( Nucleus (span: 92 100)
                      ( Nucleus (leaf: 92) (text: ) (vein: [0, 1, 11, 14, 15, 16, 17, 20, 22, 23, 24, 26, 27, 31, 39, 42, 44, 50, 51, 55, 60, 63, 66, 68, 69, 70, 71, 75, 77, 82, 83, 84, 85, 86, 91, 92, 93, 99]) )
                      ( Nucleus (span: 93 100)
                        ( Nucleus (span: 93 98)
                          ( Nucleus (leaf: 93) (text: ) (vein: [0, 1, 11, 14, 15, 16, 17, 20, 22, 23, 24, 26, 27, 31, 39, 42, 44, 50, 51, 55, 60, 63, 66, 68, 69, 70, 71, 75, 77, 82, 83, 84, 85, 86, 91, 92, 93, 99]) )
                          ( Sattelite (span: 94 98)
                            ( Nucleus (span: 94 95)
                              ( Nucleus (leaf: 94) (text: ) (vein: [0, 1, 11, 14, 15, 16, 17, 20, 22, 23, 24, 26, 27, 31, 39, 42, 44, 50, 51, 55, 60, 63, 66, 68, 69, 70, 71, 75, 77, 83, 85, 86, 91, 92, 93, 94, 99]) )
                              ( Sattelite (leaf: 95) (text: ) (vein: [0, 1, 11, 14, 15, 16, 17, 20, 22, 23, 24, 26, 27, 31, 39, 42, 44, 50, 51, 55, 60, 63, 66, 68, 69, 70, 71, 75, 77, 83, 85, 86, 91, 92, 93, 94, 95, 99]) )
                            )
                            ( Sattelite (span: 96 98)
                              ( Nucleus (leaf: 96) (text: ) (vein: [0, 1, 11, 14, 15, 16, 17, 20, 22, 23, 24, 26, 27, 31, 39, 42, 44, 50, 51, 55, 60, 63, 66, 68, 69, 70, 71, 75, 77, 83, 85, 86, 91, 92, 93, 94, 96, 99]) )
                              ( Sattelite (span: 97 98)
                                ( Nucleus (leaf: 97) (text: ) (vein: [0, 1, 11, 14, 15, 16, 17, 20, 22, 23, 24, 26, 27, 31, 39, 42, 44, 50, 51, 55, 60, 63, 66, 68, 69, 70, 71, 75, 77, 83, 85, 86, 91, 92, 93, 94, 96, 97, 99]) )
                                ( Sattelite (leaf: 98) (text: ) (vein: [0, 1, 11, 14, 15, 16, 17, 20, 22, 23, 24, 26, 27, 31, 39, 42, 44, 50, 51, 55, 60, 63, 66, 68, 69, 70, 71, 75, 77, 83, 85, 86, 91, 92, 93, 94, 96, 97, 98, 99]) )
                              )
                            )
                          )
                        )
                        ( Nucleus (span: 99 100)
                          ( Nucleus (leaf: 99) (text: ) (vein: [0, 1, 11, 14, 15, 16, 17, 20, 22, 23, 24, 26, 27, 31, 39, 42, 44, 50, 51, 55, 60, 63, 66, 68, 69, 70, 71, 75, 77, 82, 83, 84, 85, 86, 91, 92, 93, 99]) )
                          ( Sattelite (leaf: 100) (text: ) (vein: [0, 1, 11, 14, 15, 16, 17, 20, 22, 23, 24, 26, 27, 31, 39, 42, 44, 50, 51, 55, 60, 63, 66, 68, 69, 70, 71, 75, 77, 83, 85, 86, 91, 92, 93, 99, 100]) )
                        )
                      )
                    )
                  )
                )
              )
            )
          )
        )
        ( Sattelite (span: 101 141)
          ( Nucleus (span: 101 109)
            ( Nucleus (span: 101 103)
              ( Sattelite (leaf: 101) (text: ) (vein: [0, 1, 11, 14, 15, 16, 17, 20, 22, 23, 24, 26, 27, 31, 39, 42, 44, 50, 51, 55, 60, 63, 66, 68, 69, 70, 71, 75, 77, 83, 85, 86, 91, 92, 93, 99, 101, 103]) )
              ( Nucleus (span: 102 103)
                ( Sattelite (leaf: 102) (text: ) (vein: [0, 1, 11, 14, 15, 16, 17, 20, 22, 23, 24, 26, 27, 31, 39, 42, 44, 50, 51, 55, 60, 63, 66, 68, 69, 70, 71, 75, 77, 83, 85, 86, 91, 92, 93, 99, 101, 102, 103]) )
                ( Nucleus (leaf: 103) (text: ) (vein: [0, 1, 11, 14, 15, 16, 17, 20, 22, 23, 24, 26, 27, 31, 39, 42, 44, 50, 51, 55, 60, 63, 66, 68, 69, 70, 71, 75, 77, 83, 85, 86, 91, 92, 93, 99, 101, 102, 103]) )
              )
            )
            ( Sattelite (span: 104 109)
              ( Nucleus (leaf: 104) (text: ) (vein: [0, 1, 11, 14, 15, 16, 17, 20, 22, 23, 24, 26, 27, 31, 39, 42, 44, 50, 51, 55, 60, 63, 66, 68, 69, 70, 71, 75, 77, 83, 85, 86, 91, 92, 93, 99, 103, 104]) )
              ( Sattelite (span: 105 109)
                ( Nucleus (leaf: 105) (text: ) (vein: [0, 1, 11, 14, 15, 16, 17, 20, 22, 23, 24, 26, 27, 31, 39, 42, 44, 50, 51, 55, 60, 63, 66, 68, 69, 70, 71, 75, 77, 83, 85, 86, 91, 92, 93, 99, 103, 104, 105, 106]) )
                ( Nucleus (span: 106 109)
                  ( Nucleus (leaf: 106) (text: ) (vein: [0, 1, 11, 14, 15, 16, 17, 20, 22, 23, 24, 26, 27, 31, 39, 42, 44, 50, 51, 55, 60, 63, 66, 68, 69, 70, 71, 75, 77, 83, 85, 86, 91, 92, 93, 99, 103, 104, 105, 106]) )
                  ( Sattelite (span: 107 109)
                    ( Nucleus (leaf: 107) (text: ) (vein: [0, 1, 11, 14, 15, 16, 17, 20, 22, 23, 24, 26, 27, 31, 39, 42, 44, 50, 51, 55, 60, 63, 66, 68, 69, 70, 71, 75, 77, 83, 85, 86, 91, 92, 93, 99, 103, 104, 105, 106, 107]) )
                    ( Sattelite (span: 108 109)
                      ( Nucleus (leaf: 108) (text: ) (vein: [0, 1, 11, 14, 15, 16, 17, 20, 22, 23, 24, 26, 27, 31, 39, 42, 44, 50, 51, 55, 60, 63, 66, 68, 69, 70, 71, 75, 77, 83, 85, 86, 91, 92, 93, 99, 103, 104, 105, 106, 107, 108, 109]) )
                      ( Nucleus (leaf: 109) (text: ) (vein: [0, 1, 11, 14, 15, 16, 17, 20, 22, 23, 24, 26, 27, 31, 39, 42, 44, 50, 51, 55, 60, 63, 66, 68, 69, 70, 71, 75, 77, 83, 85, 86, 91, 92, 93, 99, 103, 104, 105, 106, 107, 108, 109]) )
                    )
                  )
                )
              )
            )
          )
          ( Sattelite (span: 110 141)
            ( Nucleus (span: 110 118)
              ( Nucleus (span: 110 114)
                ( Nucleus (leaf: 110) (text: ) (vein: [0, 1, 11, 14, 15, 16, 17, 20, 22, 23, 24, 26, 27, 31, 39, 42, 44, 50, 51, 55, 60, 63, 66, 68, 69, 70, 71, 75, 77, 83, 85, 86, 91, 92, 93, 99, 103, 110, 115, 117]) )
                ( Sattelite (span: 111 114)
                  ( Nucleus (span: 111 113)
                    ( Nucleus (leaf: 111) (text: ) (vein: [0, 1, 11, 14, 15, 16, 17, 20, 22, 23, 24, 26, 27, 31, 39, 42, 44, 50, 51, 55, 60, 63, 66, 68, 69, 70, 71, 75, 77, 83, 85, 86, 91, 92, 93, 99, 103, 110, 111, 115, 117]) )
                    ( Sattelite (span: 112 113)
                      ( Nucleus (leaf: 112) (text: ) (vein: [0, 1, 11, 14, 15, 16, 17, 20, 22, 23, 24, 26, 27, 31, 39, 42, 44, 50, 51, 55, 60, 63, 66, 68, 69, 70, 71, 75, 77, 83, 85, 86, 91, 92, 93, 99, 103, 110, 111, 112, 115, 117]) )
                      ( Sattelite (leaf: 113) (text: ) (vein: [0, 1, 11, 14, 15, 16, 17, 20, 22, 23, 24, 26, 27, 31, 39, 42, 44, 50, 51, 55, 60, 63, 66, 68, 69, 70, 71, 75, 77, 83, 85, 86, 91, 92, 93, 99, 103, 110, 111, 112, 113, 115, 117]) )
                    )
                  )
                  ( Sattelite (leaf: 114) (text: ) (vein: [0, 1, 11, 14, 15, 16, 17, 20, 22, 23, 24, 26, 27, 31, 39, 42, 44, 50, 51, 55, 60, 63, 66, 68, 69, 70, 71, 75, 77, 83, 85, 86, 91, 92, 93, 99, 103, 110, 111, 114, 115, 117]) )
                )
              )
              ( Nucleus (span: 115 118)
                ( Nucleus (span: 115 116)
                  ( Nucleus (leaf: 115) (text: ) (vein: [0, 1, 11, 14, 15, 16, 17, 20, 22, 23, 24, 26, 27, 31, 39, 42, 44, 50, 51, 55, 60, 63, 66, 68, 69, 70, 71, 75, 77, 83, 85, 86, 91, 92, 93, 99, 103, 110, 115, 117]) )
                  ( Sattelite (leaf: 116) (text: ) (vein: [0, 1, 11, 14, 15, 16, 17, 20, 22, 23, 24, 26, 27, 31, 39, 42, 44, 50, 51, 55, 60, 63, 66, 68, 69, 70, 71, 75, 77, 83, 85, 86, 91, 92, 93, 99, 103, 110, 115, 116, 117]) )
                )
                ( Nucleus (span: 117 118)
                  ( Nucleus (leaf: 117) (text: ) (vein: [0, 1, 11, 14, 15, 16, 17, 20, 22, 23, 24, 26, 27, 31, 39, 42, 44, 50, 51, 55, 60, 63, 66, 68, 69, 70, 71, 75, 77, 83, 85, 86, 91, 92, 93, 99, 103, 110, 115, 117]) )
                  ( Sattelite (leaf: 118) (text: ) (vein: [0, 1, 11, 14, 15, 16, 17, 20, 22, 23, 24, 26, 27, 31, 39, 42, 44, 50, 51, 55, 60, 63, 66, 68, 69, 70, 71, 75, 77, 83, 85, 86, 91, 92, 93, 99, 103, 110, 115, 117, 118]) )
                )
              )
            )
            ( Sattelite (span: 119 141)
              ( Nucleus (span: 119 124)
                ( Nucleus (leaf: 119) (text: ) (vein: [0, 1, 11, 14, 15, 16, 17, 20, 22, 23, 24, 26, 27, 31, 39, 42, 44, 50, 51, 55, 60, 63, 66, 68, 69, 70, 71, 75, 77, 83, 85, 86, 91, 92, 93, 99, 103, 110, 115, 117, 119]) )
                ( Sattelite (span: 120 124)
                  ( Nucleus (span: 120 121)
                    ( Nucleus (leaf: 120) (text: ) (vein: [0, 1, 11, 14, 15, 16, 17, 20, 22, 23, 24, 26, 27, 31, 39, 42, 44, 50, 51, 55, 60, 63, 66, 68, 69, 70, 71, 75, 77, 83, 85, 86, 91, 92, 93, 99, 103, 110, 115, 117, 119, 120, 121]) )
                    ( Nucleus (leaf: 121) (text: ) (vein: [0, 1, 11, 14, 15, 16, 17, 20, 22, 23, 24, 26, 27, 31, 39, 42, 44, 50, 51, 55, 60, 63, 66, 68, 69, 70, 71, 75, 77, 83, 85, 86, 91, 92, 93, 99, 103, 110, 115, 117, 119, 120, 121]) )
                  )
                  ( Sattelite (span: 122 124)
                    ( Nucleus (span: 122 123)
                      ( Nucleus (leaf: 122) (text: ) (vein: [0, 1, 11, 14, 15, 16, 17, 20, 22, 23, 24, 26, 27, 31, 39, 42, 44, 50, 51, 55, 60, 63, 66, 68, 69, 70, 71, 75, 77, 83, 85, 86, 91, 92, 93, 99, 103, 110, 115, 117, 119, 120, 121, 122]) )
                      ( Sattelite (leaf: 123) (text: ) (vein: [0, 1, 11, 14, 15, 16, 17, 20, 22, 23, 24, 26, 27, 31, 39, 42, 44, 50, 51, 55, 60, 63, 66, 68, 69, 70, 71, 75, 77, 83, 85, 86, 91, 92, 93, 99, 103, 110, 115, 117, 119, 120, 121, 122, 123]) )
                    )
                    ( Sattelite (leaf: 124) (text: ) (vein: [0, 1, 11, 14, 15, 16, 17, 20, 22, 23, 24, 26, 27, 31, 39, 42, 44, 50, 51, 55, 60, 63, 66, 68, 69, 70, 71, 75, 77, 83, 85, 86, 91, 92, 93, 99, 103, 110, 115, 117, 119, 120, 121, 122, 124]) )
                  )
                )
              )
              ( Sattelite (span: 125 141)
                ( Nucleus (span: 125 133)
                  ( Nucleus (span: 125 126)
                    ( Nucleus (leaf: 125) (text: ) (vein: [0, 1, 11, 14, 15, 16, 17, 20, 22, 23, 24, 26, 27, 31, 39, 42, 44, 50, 51, 55, 60, 63, 66, 68, 69, 70, 71, 75, 77, 83, 85, 86, 91, 92, 93, 99, 103, 110, 115, 117, 119, 125, 127, 129, 131]) )
                    ( Sattelite (leaf: 126) (text: ) (vein: [0, 1, 11, 14, 15, 16, 17, 20, 22, 23, 24, 26, 27, 31, 39, 42, 44, 50, 51, 55, 60, 63, 66, 68, 69, 70, 71, 75, 77, 83, 85, 86, 91, 92, 93, 99, 103, 110, 115, 117, 119, 125, 126, 127, 129, 131]) )
                  )
                  ( Nucleus (span: 127 133)
                    ( Nucleus (span: 127 130)
                      ( Nucleus (span: 127 128)
                        ( Nucleus (leaf: 127) (text: ) (vein: [0, 1, 11, 14, 15, 16, 17, 20, 22, 23, 24, 26, 27, 31, 39, 42, 44, 50, 51, 55, 60, 63, 66, 68, 69, 70, 71, 75, 77, 83, 85, 86, 91, 92, 93, 99, 103, 110, 115, 117, 119, 125, 127, 129, 131]) )
                        ( Sattelite (leaf: 128) (text: ) (vein: [0, 1, 11, 14, 15, 16, 17, 20, 22, 23, 24, 26, 27, 31, 39, 42, 44, 50, 51, 55, 60, 63, 66, 68, 69, 70, 71, 75, 77, 83, 85, 86, 91, 92, 93, 99, 103, 110, 115, 117, 119, 125, 127, 128, 129, 131]) )
                      )
                      ( Nucleus (span: 129 130)
                        ( Nucleus (leaf: 129) (text: ) (vein: [0, 1, 11, 14, 15, 16, 17, 20, 22, 23, 24, 26, 27, 31, 39, 42, 44, 50, 51, 55, 60, 63, 66, 68, 69, 70, 71, 75, 77, 83, 85, 86, 91, 92, 93, 99, 103, 110, 115, 117, 119, 125, 127, 129, 131]) )
                        ( Sattelite (leaf: 130) (text: ) (vein: [0, 1, 11, 14, 15, 16, 17, 20, 22, 23, 24, 26, 27, 31, 39, 42, 44, 50, 51, 55, 60, 63, 66, 68, 69, 70, 71, 75, 77, 83, 85, 86, 91, 92, 93, 99, 103, 110, 115, 117, 119, 125, 127, 129, 130, 131]) )
                      )
                    )
                    ( Nucleus (span: 131 133)
                      ( Nucleus (leaf: 131) (text: ) (vein: [0, 1, 11, 14, 15, 16, 17, 20, 22, 23, 24, 26, 27, 31, 39, 42, 44, 50, 51, 55, 60, 63, 66, 68, 69, 70, 71, 75, 77, 83, 85, 86, 91, 92, 93, 99, 103, 110, 115, 117, 119, 125, 127, 129, 131]) )
                      ( Sattelite (span: 132 133)
                        ( Nucleus (leaf: 132) (text: ) (vein: [0, 1, 11, 14, 15, 16, 17, 20, 22, 23, 24, 26, 27, 31, 39, 42, 44, 50, 51, 55, 60, 63, 66, 68, 69, 70, 71, 75, 77, 83, 85, 86, 91, 92, 93, 99, 103, 110, 115, 117, 119, 125, 127, 129, 131, 132, 133]) )
                        ( Nucleus (leaf: 133) (text: ) (vein: [0, 1, 11, 14, 15, 16, 17, 20, 22, 23, 24, 26, 27, 31, 39, 42, 44, 50, 51, 55, 60, 63, 66, 68, 69, 70, 71, 75, 77, 83, 85, 86, 91, 92, 93, 99, 103, 110, 115, 117, 119, 125, 127, 129, 131, 132, 133]) )
                      )
                    )
                  )
                )
                ( Sattelite (span: 134 141)
                  ( Nucleus (span: 134 135)
                    ( Sattelite (leaf: 134) (text: Finding one of her students making faces at others on the playground , ) (vein: [0, 1, 11, 14, 15, 16, 17, 20, 22, 23, 24, 26, 27, 31, 39, 42, 44, 50, 51, 55, 60, 63, 66, 68, 69, 70, 71, 75, 77, 83, 85, 86, 91, 92, 93, 99, 103, 110, 115, 117, 119, 125, 127, 129, 131, 134, 135, 136, 141]) )
                    ( Nucleus (leaf: 135) (text: Ms . Smith stopped to gently reprove the child . ) (vein: [0, 1, 11, 14, 15, 16, 17, 20, 22, 23, 24, 26, 27, 31, 39, 42, 44, 50, 51, 55, 60, 63, 66, 68, 69, 70, 71, 75, 77, 83, 85, 86, 91, 92, 93, 99, 103, 110, 115, 117, 119, 125, 127, 129, 131, 134, 135, 136, 141]) )
                  )
                  ( Nucleus (span: 136 141)
                    ( Nucleus (span: 136 139)
                      ( Nucleus (leaf: 136) (text: Smiling sweetly , the Sunday School teacher said , " Bobby , ) (vein: [0, 1, 11, 14, 15, 16, 17, 20, 22, 23, 24, 26, 27, 31, 39, 42, 44, 50, 51, 55, 60, 63, 66, 68, 69, 70, 71, 75, 77, 83, 85, 86, 91, 92, 93, 99, 103, 110, 115, 117, 119, 125, 127, 129, 131, 135, 136, 141]) )
                      ( Sattelite (span: 137 139)
                        ( Nucleus (leaf: 137) (text: when I as a child I was told ) (vein: [0, 1, 11, 14, 15, 16, 17, 20, 22, 23, 24, 26, 27, 31, 39, 42, 44, 50, 51, 55, 60, 63, 66, 68, 69, 70, 71, 75, 77, 83, 85, 86, 91, 92, 93, 99, 103, 110, 115, 117, 119, 125, 127, 129, 131, 135, 136, 137, 141]) )
                        ( Sattelite (span: 138 139)
                          ( Nucleus (leaf: 138) (text: that if I made ugly faces , ) (vein: [0, 1, 11, 14, 15, 16, 17, 20, 22, 23, 24, 26, 27, 31, 39, 42, 44, 50, 51, 55, 60, 63, 66, 68, 69, 70, 71, 75, 77, 83, 85, 86, 91, 92, 93, 99, 103, 110, 115, 117, 119, 125, 127, 129, 131, 135, 136, 137, 138, 141]) )
                          ( Sattelite (leaf: 139) (text: it would freeze and I would stay like that . " ) (vein: [0, 1, 11, 14, 15, 16, 17, 20, 22, 23, 24, 26, 27, 31, 39, 42, 44, 50, 51, 55, 60, 63, 66, 68, 69, 70, 71, 75, 77, 83, 85, 86, 91, 92, 93, 99, 103, 110, 115, 117, 119, 125, 127, 129, 131, 135, 136, 137, 138, 139, 141]) )
                        )
                      )
                    )
                    ( Nucleus (span: 140 141)
                      ( Sattelite (leaf: 140) (text: Bobby looked up and replied , " Well , Ms . Smith , ) (vein: [0, 1, 11, 14, 15, 16, 17, 20, 22, 23, 24, 26, 27, 31, 39, 42, 44, 50, 51, 55, 60, 63, 66, 68, 69, 70, 71, 75, 77, 83, 85, 86, 91, 92, 93, 99, 103, 110, 115, 117, 119, 125, 127, 129, 131, 135, 136, 140, 141]) )
                      ( Nucleus (leaf: 141) (text: you ca n't say you were n't warned . " ) (vein: [0, 1, 11, 14, 15, 16, 17, 20, 22, 23, 24, 26, 27, 31, 39, 42, 44, 50, 51, 55, 60, 63, 66, 68, 69, 70, 71, 75, 77, 83, 85, 86, 91, 92, 93, 99, 103, 110, 115, 117, 119, 125, 127, 129, 131, 135, 136, 140, 141]) )
                    )
                  )
                )
              )
            )
          )
        )
      )
    )
  )
)

