( Root (0 126 )
  ( Nucleus (span: 0 11)
    ( Nucleus (leaf: 0) (text: ) (vein: [0, 1, 2, 3, 4, 14, 24, 26, 27, 34, 50, 51, 56, 57, 59, 61, 63, 71]) )
    ( Nucleus (span: 1 11)
      ( Nucleus (leaf: 1) (text: ) (vein: [0, 1, 2, 3, 4, 14, 24, 26, 27, 34, 50, 51, 56, 57, 59, 61, 63, 71]) )
      ( Nucleus (span: 2 11)
        ( Nucleus (span: 2 3)
          ( Nucleus (leaf: 2) (text: ) (vein: [0, 1, 2, 3, 4, 14, 24, 26, 27, 34, 50, 51, 56, 57, 59, 61, 63, 71]) )
          ( Nucleus (leaf: 3) (text: ) (vein: [0, 1, 2, 3, 4, 14, 24, 26, 27, 34, 50, 51, 56, 57, 59, 61, 63, 71]) )
        )
        ( Nucleus (span: 4 11)
          ( Nucleus (leaf: 4) (text: ) (vein: [0, 1, 2, 3, 4, 14, 24, 26, 27, 34, 50, 51, 56, 57, 59, 61, 63, 71]) )
          ( Sattelite (span: 5 11)
            ( Nucleus (leaf: 5) (text: ) (vein: [0, 1, 2, 3, 4, 5, 14, 24, 26, 27, 34, 50, 51, 56, 57, 59, 61, 63, 71]) )
            ( Sattelite (span: 6 11)
              ( Nucleus (leaf: 6) (text: ) (vein: [0, 1, 2, 3, 4, 5, 6, 14, 24, 26, 27, 34, 50, 51, 56, 57, 59, 61, 63, 71]) )
              ( Sattelite (span: 7 11)
                ( Nucleus (span: 7 8)
                  ( Nucleus (leaf: 7) (text: ) (vein: [0, 1, 2, 3, 4, 5, 6, 7, 14, 24, 26, 27, 34, 50, 51, 56, 57, 59, 61, 63, 71]) )
                  ( Sattelite (leaf: 8) (text: ) (vein: [0, 1, 2, 3, 4, 5, 6, 7, 8, 14, 24, 26, 27, 34, 50, 51, 56, 57, 59, 61, 63, 71]) )
                )
                ( Sattelite (span: 9 11)
                  ( Nucleus (leaf: 9) (text: ) (vein: [0, 1, 2, 3, 4, 5, 6, 7, 9, 14, 24, 26, 27, 34, 50, 51, 56, 57, 59, 61, 63, 71]) )
                  ( Sattelite (span: 10 11)
                    ( Nucleus (leaf: 10) (text: ) (vein: [0, 1, 2, 3, 4, 5, 6, 7, 9, 10, 11, 14, 24, 26, 27, 34, 50, 51, 56, 57, 59, 61, 63, 71]) )
                    ( Nucleus (leaf: 11) (text: ) (vein: [0, 1, 2, 3, 4, 5, 6, 7, 9, 10, 11, 14, 24, 26, 27, 34, 50, 51, 56, 57, 59, 61, 63, 71]) )
                  )
                )
              )
            )
          )
        )
      )
    )
  )
  ( Nucleus (span: 12 126)
    ( Nucleus (span: 12 76)
      ( Sattelite (leaf: 12) (text: ) (vein: [0, 1, 2, 3, 4, 12, 14, 24, 26, 27, 34, 50, 51, 56, 57, 59, 61, 63, 71]) )
      ( Nucleus (span: 13 76)
        ( Sattelite (leaf: 13) (text: ) (vein: [0, 1, 2, 3, 4, 12, 13, 14, 24, 26, 27, 34, 50, 51, 56, 57, 59, 61, 63, 71]) )
        ( Nucleus (span: 14 76)
          ( Nucleus (span: 14 23)
            ( Nucleus (leaf: 14) (text: ) (vein: [0, 1, 2, 3, 4, 12, 13, 14, 24, 26, 27, 34, 50, 51, 56, 57, 59, 61, 63, 71]) )
            ( Sattelite (span: 15 23)
              ( Nucleus (leaf: 15) (text: ) (vein: [0, 1, 2, 3, 4, 14, 15, 24, 26, 27, 34, 50, 51, 56, 57, 59, 61, 63, 71]) )
              ( Sattelite (span: 16 23)
                ( Nucleus (leaf: 16) (text: ) (vein: [0, 1, 2, 3, 4, 14, 15, 16, 24, 26, 27, 34, 50, 51, 56, 57, 59, 61, 63, 71]) )
                ( Sattelite (span: 17 23)
                  ( Nucleus (leaf: 17) (text: ) (vein: [0, 1, 2, 3, 4, 14, 15, 16, 17, 24, 26, 27, 34, 50, 51, 56, 57, 59, 61, 63, 71]) )
                  ( Sattelite (span: 18 23)
                    ( Nucleus (leaf: 18) (text: ) (vein: [0, 1, 2, 3, 4, 14, 15, 16, 17, 18, 24, 26, 27, 34, 50, 51, 56, 57, 59, 61, 63, 71]) )
                    ( Sattelite (span: 19 23)
                      ( Nucleus (leaf: 19) (text: ) (vein: [0, 1, 2, 3, 4, 14, 15, 16, 17, 18, 19, 24, 26, 27, 34, 50, 51, 56, 57, 59, 61, 63, 71]) )
                      ( Sattelite (span: 20 23)
                        ( Nucleus (leaf: 20) (text: ) (vein: [0, 1, 2, 3, 4, 14, 15, 16, 17, 18, 19, 20, 24, 26, 27, 34, 50, 51, 56, 57, 59, 61, 63, 71]) )
                        ( Sattelite (span: 21 23)
                          ( Nucleus (span: 21 22)
                            ( Nucleus (leaf: 21) (text: ) (vein: [0, 1, 2, 3, 4, 14, 15, 16, 17, 18, 19, 20, 21, 24, 26, 27, 34, 50, 51, 56, 57, 59, 61, 63, 71]) )
                            ( Sattelite (leaf: 22) (text: ) (vein: [0, 1, 2, 3, 4, 14, 15, 16, 17, 18, 19, 20, 21, 22, 24, 26, 27, 34, 50, 51, 56, 57, 59, 61, 63, 71]) )
                          )
                          ( Sattelite (leaf: 23) (text: ) (vein: [0, 1, 2, 3, 4, 14, 15, 16, 17, 18, 19, 20, 21, 23, 24, 26, 27, 34, 50, 51, 56, 57, 59, 61, 63, 71]) )
                        )
                      )
                    )
                  )
                )
              )
            )
          )
          ( Nucleus (span: 24 76)
            ( Nucleus (leaf: 24) (text: ) (vein: [0, 1, 2, 3, 4, 12, 13, 14, 24, 26, 27, 34, 50, 51, 56, 57, 59, 61, 63, 71]) )
            ( Nucleus (span: 25 76)
              ( Nucleus (span: 25 26)
                ( Sattelite (leaf: 25) (text: ) (vein: [0, 1, 2, 3, 4, 12, 13, 14, 24, 25, 26, 27, 34, 50, 51, 56, 57, 59, 61, 63, 71]) )
                ( Nucleus (leaf: 26) (text: ) (vein: [0, 1, 2, 3, 4, 12, 13, 14, 24, 25, 26, 27, 34, 50, 51, 56, 57, 59, 61, 63, 71]) )
              )
              ( Nucleus (span: 27 76)
                ( Nucleus (span: 27 33)
                  ( Nucleus (leaf: 27) (text: ) (vein: [0, 1, 2, 3, 4, 12, 13, 14, 24, 26, 27, 34, 50, 51, 56, 57, 59, 61, 63, 71]) )
                  ( Sattelite (span: 28 33)
                    ( Nucleus (leaf: 28) (text: ) (vein: [0, 1, 2, 3, 4, 14, 24, 26, 27, 28, 34, 50, 51, 56, 57, 59, 61, 63, 71]) )
                    ( Sattelite (span: 29 33)
                      ( Nucleus (span: 29 31)
                        ( Nucleus (leaf: 29) (text: ) (vein: [0, 1, 2, 3, 4, 14, 24, 26, 27, 28, 29, 34, 50, 51, 56, 57, 59, 61, 63, 71]) )
                        ( Sattelite (span: 30 31)
                          ( Nucleus (leaf: 30) (text: ) (vein: [0, 1, 2, 3, 4, 14, 24, 26, 27, 28, 29, 30, 34, 50, 51, 56, 57, 59, 61, 63, 71]) )
                          ( Sattelite (leaf: 31) (text: ) (vein: [0, 1, 2, 3, 4, 14, 24, 26, 27, 28, 29, 30, 31, 34, 50, 51, 56, 57, 59, 61, 63, 71]) )
                        )
                      )
                      ( Sattelite (span: 32 33)
                        ( Nucleus (leaf: 32) (text: ) (vein: [0, 1, 2, 3, 4, 14, 24, 26, 27, 28, 29, 32, 34, 50, 51, 56, 57, 59, 61, 63, 71]) )
                        ( Sattelite (leaf: 33) (text: ) (vein: [0, 1, 2, 3, 4, 14, 24, 26, 27, 28, 29, 32, 33, 34, 50, 51, 56, 57, 59, 61, 63, 71]) )
                      )
                    )
                  )
                )
                ( Nucleus (span: 34 76)
                  ( Nucleus (span: 34 49)
                    ( Nucleus (leaf: 34) (text: ) (vein: [0, 1, 2, 3, 4, 12, 13, 14, 24, 26, 27, 34, 50, 51, 56, 57, 59, 61, 63, 71]) )
                    ( Sattelite (span: 35 49)
                      ( Nucleus (leaf: 35) (text: ) (vein: [0, 1, 2, 3, 4, 14, 24, 26, 27, 34, 35, 50, 51, 56, 57, 59, 61, 63, 71]) )
                      ( Sattelite (span: 36 49)
                        ( Nucleus (leaf: 36) (text: ) (vein: [0, 1, 2, 3, 4, 14, 24, 26, 27, 34, 35, 36, 50, 51, 56, 57, 59, 61, 63, 71]) )
                        ( Sattelite (span: 37 49)
                          ( Nucleus (leaf: 37) (text: ) (vein: [0, 1, 2, 3, 4, 14, 24, 26, 27, 34, 35, 36, 37, 50, 51, 56, 57, 59, 61, 63, 71]) )
                          ( Sattelite (span: 38 49)
                            ( Nucleus (leaf: 38) (text: ) (vein: [0, 1, 2, 3, 4, 14, 24, 26, 27, 34, 35, 36, 37, 38, 50, 51, 56, 57, 59, 61, 63, 71]) )
                            ( Sattelite (span: 39 49)
                              ( Nucleus (leaf: 39) (text: ) (vein: [0, 1, 2, 3, 4, 14, 24, 26, 27, 34, 35, 36, 37, 38, 39, 50, 51, 56, 57, 59, 61, 63, 71]) )
                              ( Sattelite (span: 40 49)
                                ( Nucleus (leaf: 40) (text: ) (vein: [0, 1, 2, 3, 4, 14, 24, 26, 27, 34, 35, 36, 37, 38, 39, 40, 50, 51, 56, 57, 59, 61, 63, 71]) )
                                ( Sattelite (span: 41 49)
                                  ( Nucleus (span: 41 44)
                                    ( Nucleus (leaf: 41) (text: ) (vein: [0, 1, 2, 3, 4, 14, 24, 26, 27, 34, 35, 36, 37, 38, 39, 40, 41, 50, 51, 56, 57, 59, 61, 63, 71]) )
                                    ( Sattelite (span: 42 44)
                                      ( Nucleus (leaf: 42) (text: ) (vein: [0, 1, 2, 3, 4, 14, 24, 26, 27, 34, 35, 36, 37, 38, 39, 40, 41, 42, 43, 50, 51, 56, 57, 59, 61, 63, 71]) )
                                      ( Nucleus (span: 43 44)
                                        ( Nucleus (leaf: 43) (text: ) (vein: [0, 1, 2, 3, 4, 14, 24, 26, 27, 34, 35, 36, 37, 38, 39, 40, 41, 42, 43, 50, 51, 56, 57, 59, 61, 63, 71]) )
                                        ( Sattelite (leaf: 44) (text: ) (vein: [0, 1, 2, 3, 4, 14, 24, 26, 27, 34, 35, 36, 37, 38, 39, 40, 41, 42, 43, 44, 50, 51, 56, 57, 59, 61, 63, 71]) )
                                      )
                                    )
                                  )
                                  ( Sattelite (span: 45 49)
                                    ( Nucleus (leaf: 45) (text: ) (vein: [0, 1, 2, 3, 4, 14, 24, 26, 27, 34, 35, 36, 37, 38, 39, 40, 41, 45, 50, 51, 56, 57, 59, 61, 63, 71]) )
                                    ( Sattelite (span: 46 49)
                                      ( Nucleus (span: 46 47)
                                        ( Nucleus (leaf: 46) (text: ) (vein: [0, 1, 2, 3, 4, 14, 24, 26, 27, 34, 35, 36, 37, 38, 39, 40, 41, 45, 46, 50, 51, 56, 57, 59, 61, 63, 71]) )
                                        ( Sattelite (leaf: 47) (text: ) (vein: [0, 1, 2, 3, 4, 14, 24, 26, 27, 34, 35, 36, 37, 38, 39, 40, 41, 45, 46, 47, 50, 51, 56, 57, 59, 61, 63, 71]) )
                                      )
                                      ( Sattelite (span: 48 49)
                                        ( Nucleus (leaf: 48) (text: ) (vein: [0, 1, 2, 3, 4, 14, 24, 26, 27, 34, 35, 36, 37, 38, 39, 40, 41, 45, 46, 48, 50, 51, 56, 57, 59, 61, 63, 71]) )
                                        ( Sattelite (leaf: 49) (text: ) (vein: [0, 1, 2, 3, 4, 14, 24, 26, 27, 34, 35, 36, 37, 38, 39, 40, 41, 45, 46, 48, 49, 50, 51, 56, 57, 59, 61, 63, 71]) )
                                      )
                                    )
                                  )
                                )
                              )
                            )
                          )
                        )
                      )
                    )
                  )
                  ( Nucleus (span: 50 76)
                    ( Nucleus (leaf: 50) (text: ) (vein: [0, 1, 2, 3, 4, 12, 13, 14, 24, 26, 27, 34, 50, 51, 56, 57, 59, 61, 63, 71]) )
                    ( Nucleus (span: 51 76)
                      ( Nucleus (span: 51 55)
                        ( Nucleus (leaf: 51) (text: ) (vein: [0, 1, 2, 3, 4, 12, 13, 14, 24, 26, 27, 34, 50, 51, 56, 57, 59, 61, 63, 71]) )
                        ( Sattelite (span: 52 55)
                          ( Nucleus (leaf: 52) (text: ) (vein: [0, 1, 2, 3, 4, 14, 24, 26, 27, 34, 50, 51, 52, 56, 57, 59, 61, 63, 71]) )
                          ( Sattelite (span: 53 55)
                            ( Nucleus (leaf: 53) (text: ) (vein: [0, 1, 2, 3, 4, 14, 24, 26, 27, 34, 50, 51, 52, 53, 56, 57, 59, 61, 63, 71]) )
                            ( Sattelite (span: 54 55)
                              ( Nucleus (leaf: 54) (text: ) (vein: [0, 1, 2, 3, 4, 14, 24, 26, 27, 34, 50, 51, 52, 53, 54, 56, 57, 59, 61, 63, 71]) )
                              ( Sattelite (leaf: 55) (text: ) (vein: [0, 1, 2, 3, 4, 14, 24, 26, 27, 34, 50, 51, 52, 53, 54, 55, 56, 57, 59, 61, 63, 71]) )
                            )
                          )
                        )
                      )
                      ( Nucleus (span: 56 76)
                        ( Nucleus (span: 56 58)
                          ( Nucleus (span: 56 57)
                            ( Nucleus (leaf: 56) (text: ) (vein: [0, 1, 2, 3, 4, 12, 13, 14, 24, 26, 27, 34, 50, 51, 56, 57, 59, 61, 63, 71]) )
                            ( Nucleus (leaf: 57) (text: ) (vein: [0, 1, 2, 3, 4, 12, 13, 14, 24, 26, 27, 34, 50, 51, 56, 57, 59, 61, 63, 71]) )
                          )
                          ( Sattelite (leaf: 58) (text: ) (vein: [0, 1, 2, 3, 4, 14, 24, 26, 27, 34, 50, 51, 56, 57, 58, 59, 61, 63, 71]) )
                        )
                        ( Nucleus (span: 59 76)
                          ( Nucleus (span: 59 60)
                            ( Nucleus (leaf: 59) (text: ) (vein: [0, 1, 2, 3, 4, 12, 13, 14, 24, 26, 27, 34, 50, 51, 56, 57, 59, 61, 63, 71]) )
                            ( Sattelite (leaf: 60) (text: ) (vein: [0, 1, 2, 3, 4, 14, 24, 26, 27, 34, 50, 51, 56, 57, 59, 60, 61, 63, 71]) )
                          )
                          ( Nucleus (span: 61 76)
                            ( Nucleus (leaf: 61) (text: ) (vein: [0, 1, 2, 3, 4, 12, 13, 14, 24, 26, 27, 34, 50, 51, 56, 57, 59, 61, 63, 71]) )
                            ( Nucleus (span: 62 76)
                              ( Nucleus (span: 62 69)
                                ( Nucleus (span: 62 63)
                                  ( Sattelite (leaf: 62) (text: ) (vein: [0, 1, 2, 3, 4, 12, 13, 14, 24, 26, 27, 34, 50, 51, 56, 57, 59, 61, 62, 63, 71]) )
                                  ( Nucleus (leaf: 63) (text: ) (vein: [0, 1, 2, 3, 4, 12, 13, 14, 24, 26, 27, 34, 50, 51, 56, 57, 59, 61, 62, 63, 71]) )
                                )
                                ( Sattelite (span: 64 69)
                                  ( Nucleus (leaf: 64) (text: ) (vein: [0, 1, 2, 3, 4, 14, 24, 26, 27, 34, 50, 51, 56, 57, 59, 61, 63, 64, 71]) )
                                  ( Sattelite (span: 65 69)
                                    ( Nucleus (leaf: 65) (text: ) (vein: [0, 1, 2, 3, 4, 14, 24, 26, 27, 34, 50, 51, 56, 57, 59, 61, 63, 64, 65, 71]) )
                                    ( Sattelite (span: 66 69)
                                      ( Nucleus (leaf: 66) (text: ) (vein: [0, 1, 2, 3, 4, 14, 24, 26, 27, 34, 50, 51, 56, 57, 59, 61, 63, 64, 65, 66, 71]) )
                                      ( Sattelite (span: 67 69)
                                        ( Nucleus (leaf: 67) (text: ) (vein: [0, 1, 2, 3, 4, 14, 24, 26, 27, 34, 50, 51, 56, 57, 59, 61, 63, 64, 65, 66, 67, 71]) )
                                        ( Sattelite (span: 68 69)
                                          ( Nucleus (leaf: 68) (text: ) (vein: [0, 1, 2, 3, 4, 14, 24, 26, 27, 34, 50, 51, 56, 57, 59, 61, 63, 64, 65, 66, 67, 68, 71]) )
                                          ( Sattelite (leaf: 69) (text: ) (vein: [0, 1, 2, 3, 4, 14, 24, 26, 27, 34, 50, 51, 56, 57, 59, 61, 63, 64, 65, 66, 67, 68, 69, 71]) )
                                        )
                                      )
                                    )
                                  )
                                )
                              )
                              ( Nucleus (span: 70 76)
                                ( Nucleus (span: 70 71)
                                  ( Sattelite (leaf: 70) (text: ) (vein: [0, 1, 2, 3, 4, 12, 13, 14, 24, 26, 27, 34, 50, 51, 56, 57, 59, 61, 63, 70, 71]) )
                                  ( Nucleus (leaf: 71) (text: ) (vein: [0, 1, 2, 3, 4, 12, 13, 14, 24, 26, 27, 34, 50, 51, 56, 57, 59, 61, 63, 70, 71]) )
                                )
                                ( Sattelite (span: 72 76)
                                  ( Nucleus (leaf: 72) (text: ) (vein: [0, 1, 2, 3, 4, 14, 24, 26, 27, 34, 50, 51, 56, 57, 59, 61, 63, 71, 72]) )
                                  ( Sattelite (span: 73 76)
                                    ( Nucleus (leaf: 73) (text: ) (vein: [0, 1, 2, 3, 4, 14, 24, 26, 27, 34, 50, 51, 56, 57, 59, 61, 63, 71, 72, 73]) )
                                    ( Sattelite (span: 74 76)
                                      ( Nucleus (leaf: 74) (text: ) (vein: [0, 1, 2, 3, 4, 14, 24, 26, 27, 34, 50, 51, 56, 57, 59, 61, 63, 71, 72, 73, 74]) )
                                      ( Sattelite (span: 75 76)
                                        ( Nucleus (leaf: 75) (text: ) (vein: [0, 1, 2, 3, 4, 14, 24, 26, 27, 34, 50, 51, 56, 57, 59, 61, 63, 71, 72, 73, 74, 75, 76]) )
                                        ( Nucleus (leaf: 76) (text: ) (vein: [0, 1, 2, 3, 4, 14, 24, 26, 27, 34, 50, 51, 56, 57, 59, 61, 63, 71, 72, 73, 74, 75, 76]) )
                                      )
                                    )
                                  )
                                )
                              )
                            )
                          )
                        )
                      )
                    )
                  )
                )
              )
            )
          )
        )
      )
    )
    ( Sattelite (span: 77 126)
      ( Nucleus (span: 77 83)
        ( Nucleus (leaf: 77) (text: ) (vein: [0, 1, 2, 3, 4, 14, 24, 26, 27, 34, 50, 51, 56, 57, 59, 61, 63, 71, 77, 78, 79, 81]) )
        ( Nucleus (span: 78 83)
          ( Nucleus (span: 78 80)
            ( Nucleus (leaf: 78) (text: ) (vein: [0, 1, 2, 3, 4, 14, 24, 26, 27, 34, 50, 51, 56, 57, 59, 61, 63, 71, 77, 78, 79, 81]) )
            ( Nucleus (span: 79 80)
              ( Nucleus (leaf: 79) (text: ) (vein: [0, 1, 2, 3, 4, 14, 24, 26, 27, 34, 50, 51, 56, 57, 59, 61, 63, 71, 77, 78, 79, 81]) )
              ( Sattelite (leaf: 80) (text: ) (vein: [0, 1, 2, 3, 4, 14, 24, 26, 27, 34, 50, 51, 56, 57, 59, 61, 63, 71, 77, 78, 79, 80, 81]) )
            )
          )
          ( Nucleus (span: 81 83)
            ( Nucleus (leaf: 81) (text: ) (vein: [0, 1, 2, 3, 4, 14, 24, 26, 27, 34, 50, 51, 56, 57, 59, 61, 63, 71, 77, 78, 79, 81]) )
            ( Sattelite (span: 82 83)
              ( Nucleus (leaf: 82) (text: ) (vein: [0, 1, 2, 3, 4, 14, 24, 26, 27, 34, 50, 51, 56, 57, 59, 61, 63, 71, 77, 78, 79, 81, 82]) )
              ( Sattelite (leaf: 83) (text: ) (vein: [0, 1, 2, 3, 4, 14, 24, 26, 27, 34, 50, 51, 56, 57, 59, 61, 63, 71, 77, 78, 79, 81, 82, 83]) )
            )
          )
        )
      )
      ( Sattelite (span: 84 126)
        ( Nucleus (span: 84 94)
          ( Sattelite (leaf: 84) (text: ) (vein: [0, 1, 2, 3, 4, 14, 24, 26, 27, 34, 50, 51, 56, 57, 59, 61, 63, 71, 77, 78, 79, 81, 84, 85, 86, 89, 93]) )
          ( Nucleus (span: 85 94)
            ( Nucleus (span: 85 86)
              ( Nucleus (leaf: 85) (text: ) (vein: [0, 1, 2, 3, 4, 14, 24, 26, 27, 34, 50, 51, 56, 57, 59, 61, 63, 71, 77, 78, 79, 81, 84, 85, 86, 89, 93]) )
              ( Nucleus (leaf: 86) (text: ) (vein: [0, 1, 2, 3, 4, 14, 24, 26, 27, 34, 50, 51, 56, 57, 59, 61, 63, 71, 77, 78, 79, 81, 84, 85, 86, 89, 93]) )
            )
            ( Nucleus (span: 87 94)
              ( Sattelite (leaf: 87) (text: ) (vein: [0, 1, 2, 3, 4, 14, 24, 26, 27, 34, 50, 51, 56, 57, 59, 61, 63, 71, 77, 78, 79, 81, 84, 85, 86, 87, 89, 93]) )
              ( Nucleus (span: 88 94)
                ( Nucleus (span: 88 92)
                  ( Nucleus (span: 88 89)
                    ( Sattelite (leaf: 88) (text: ) (vein: [0, 1, 2, 3, 4, 14, 24, 26, 27, 34, 50, 51, 56, 57, 59, 61, 63, 71, 77, 78, 79, 81, 84, 85, 86, 87, 88, 89, 93]) )
                    ( Nucleus (leaf: 89) (text: ) (vein: [0, 1, 2, 3, 4, 14, 24, 26, 27, 34, 50, 51, 56, 57, 59, 61, 63, 71, 77, 78, 79, 81, 84, 85, 86, 87, 88, 89, 93]) )
                  )
                  ( Sattelite (span: 90 92)
                    ( Nucleus (leaf: 90) (text: ) (vein: [0, 1, 2, 3, 4, 14, 24, 26, 27, 34, 50, 51, 56, 57, 59, 61, 63, 71, 77, 78, 79, 81, 85, 86, 89, 90, 93]) )
                    ( Sattelite (span: 91 92)
                      ( Nucleus (leaf: 91) (text: ) (vein: [0, 1, 2, 3, 4, 14, 24, 26, 27, 34, 50, 51, 56, 57, 59, 61, 63, 71, 77, 78, 79, 81, 85, 86, 89, 90, 91, 93]) )
                      ( Sattelite (leaf: 92) (text: ) (vein: [0, 1, 2, 3, 4, 14, 24, 26, 27, 34, 50, 51, 56, 57, 59, 61, 63, 71, 77, 78, 79, 81, 85, 86, 89, 90, 91, 92, 93]) )
                    )
                  )
                )
                ( Nucleus (span: 93 94)
                  ( Nucleus (leaf: 93) (text: ) (vein: [0, 1, 2, 3, 4, 14, 24, 26, 27, 34, 50, 51, 56, 57, 59, 61, 63, 71, 77, 78, 79, 81, 84, 85, 86, 87, 89, 93]) )
                  ( Sattelite (leaf: 94) (text: ) (vein: [0, 1, 2, 3, 4, 14, 24, 26, 27, 34, 50, 51, 56, 57, 59, 61, 63, 71, 77, 78, 79, 81, 85, 86, 89, 93, 94]) )
                )
              )
            )
          )
        )
        ( Sattelite (span: 95 126)
          ( Nucleus (span: 95 105)
            ( Nucleus (span: 95 100)
              ( Nucleus (leaf: 95) (text: ) (vein: [0, 1, 2, 3, 4, 14, 24, 26, 27, 34, 50, 51, 56, 57, 59, 61, 63, 71, 77, 78, 79, 81, 85, 86, 89, 93, 95, 101]) )
              ( Sattelite (span: 96 100)
                ( Nucleus (leaf: 96) (text: ) (vein: [0, 1, 2, 3, 4, 14, 24, 26, 27, 34, 50, 51, 56, 57, 59, 61, 63, 71, 77, 78, 79, 81, 85, 86, 89, 93, 95, 96, 101]) )
                ( Sattelite (span: 97 100)
                  ( Nucleus (span: 97 98)
                    ( Nucleus (leaf: 97) (text: ) (vein: [0, 1, 2, 3, 4, 14, 24, 26, 27, 34, 50, 51, 56, 57, 59, 61, 63, 71, 77, 78, 79, 81, 85, 86, 89, 93, 95, 96, 97, 101]) )
                    ( Sattelite (leaf: 98) (text: ) (vein: [0, 1, 2, 3, 4, 14, 24, 26, 27, 34, 50, 51, 56, 57, 59, 61, 63, 71, 77, 78, 79, 81, 85, 86, 89, 93, 95, 96, 97, 98, 101]) )
                  )
                  ( Sattelite (span: 99 100)
                    ( Nucleus (leaf: 99) (text: ) (vein: [0, 1, 2, 3, 4, 14, 24, 26, 27, 34, 50, 51, 56, 57, 59, 61, 63, 71, 77, 78, 79, 81, 85, 86, 89, 93, 95, 96, 97, 99, 100, 101]) )
                    ( Nucleus (leaf: 100) (text: ) (vein: [0, 1, 2, 3, 4, 14, 24, 26, 27, 34, 50, 51, 56, 57, 59, 61, 63, 71, 77, 78, 79, 81, 85, 86, 89, 93, 95, 96, 97, 99, 100, 101]) )
                  )
                )
              )
            )
            ( Nucleus (span: 101 105)
              ( Nucleus (span: 101 103)
                ( Nucleus (leaf: 101) (text: ) (vein: [0, 1, 2, 3, 4, 14, 24, 26, 27, 34, 50, 51, 56, 57, 59, 61, 63, 71, 77, 78, 79, 81, 85, 86, 89, 93, 95, 101]) )
                ( Sattelite (span: 102 103)
                  ( Nucleus (leaf: 102) (text: ) (vein: [0, 1, 2, 3, 4, 14, 24, 26, 27, 34, 50, 51, 56, 57, 59, 61, 63, 71, 77, 78, 79, 81, 85, 86, 89, 93, 95, 101, 102, 103]) )
                  ( Nucleus (leaf: 103) (text: ) (vein: [0, 1, 2, 3, 4, 14, 24, 26, 27, 34, 50, 51, 56, 57, 59, 61, 63, 71, 77, 78, 79, 81, 85, 86, 89, 93, 95, 101, 102, 103]) )
                )
              )
              ( Sattelite (span: 104 105)
                ( Nucleus (leaf: 104) (text: ) (vein: [0, 1, 2, 3, 4, 14, 24, 26, 27, 34, 50, 51, 56, 57, 59, 61, 63, 71, 77, 78, 79, 81, 85, 86, 89, 93, 95, 101, 104]) )
                ( Sattelite (leaf: 105) (text: ) (vein: [0, 1, 2, 3, 4, 14, 24, 26, 27, 34, 50, 51, 56, 57, 59, 61, 63, 71, 77, 78, 79, 81, 85, 86, 89, 93, 95, 101, 104, 105]) )
              )
            )
          )
          ( Sattelite (span: 106 126)
            ( Nucleus (span: 106 114)
              ( Nucleus (leaf: 106) (text: ) (vein: [0, 1, 2, 3, 4, 14, 24, 26, 27, 34, 50, 51, 56, 57, 59, 61, 63, 71, 77, 78, 79, 81, 85, 86, 89, 93, 95, 101, 106, 107, 108]) )
              ( Nucleus (span: 107 114)
                ( Nucleus (leaf: 107) (text: ) (vein: [0, 1, 2, 3, 4, 14, 24, 26, 27, 34, 50, 51, 56, 57, 59, 61, 63, 71, 77, 78, 79, 81, 85, 86, 89, 93, 95, 101, 106, 107, 108]) )
                ( Nucleus (span: 108 114)
                  ( Nucleus (span: 108 109)
                    ( Nucleus (leaf: 108) (text: ) (vein: [0, 1, 2, 3, 4, 14, 24, 26, 27, 34, 50, 51, 56, 57, 59, 61, 63, 71, 77, 78, 79, 81, 85, 86, 89, 93, 95, 101, 106, 107, 108]) )
                    ( Sattelite (leaf: 109) (text: ) (vein: [0, 1, 2, 3, 4, 14, 24, 26, 27, 34, 50, 51, 56, 57, 59, 61, 63, 71, 77, 78, 79, 81, 85, 86, 89, 93, 95, 101, 106, 107, 108, 109]) )
                  )
                  ( Sattelite (span: 110 114)
                    ( Nucleus (span: 110 111)
                      ( Nucleus (leaf: 110) (text: ) (vein: [0, 1, 2, 3, 4, 14, 24, 26, 27, 34, 50, 51, 56, 57, 59, 61, 63, 71, 77, 78, 79, 81, 85, 86, 89, 93, 95, 101, 106, 107, 108, 110]) )
                      ( Sattelite (leaf: 111) (text: ) (vein: [0, 1, 2, 3, 4, 14, 24, 26, 27, 34, 50, 51, 56, 57, 59, 61, 63, 71, 77, 78, 79, 81, 85, 86, 89, 93, 95, 101, 106, 107, 108, 110, 111]) )
                    )
                    ( Sattelite (span: 112 114)
                      ( Nucleus (leaf: 112) (text: ) (vein: [0, 1, 2, 3, 4, 14, 24, 26, 27, 34, 50, 51, 56, 57, 59, 61, 63, 71, 77, 78, 79, 81, 85, 86, 89, 93, 95, 101, 106, 107, 108, 110, 112]) )
                      ( Sattelite (span: 113 114)
                        ( Nucleus (leaf: 113) (text: ) (vein: [0, 1, 2, 3, 4, 14, 24, 26, 27, 34, 50, 51, 56, 57, 59, 61, 63, 71, 77, 78, 79, 81, 85, 86, 89, 93, 95, 101, 106, 107, 108, 110, 112, 113]) )
                        ( Sattelite (leaf: 114) (text: ) (vein: [0, 1, 2, 3, 4, 14, 24, 26, 27, 34, 50, 51, 56, 57, 59, 61, 63, 71, 77, 78, 79, 81, 85, 86, 89, 93, 95, 101, 106, 107, 108, 110, 112, 113, 114]) )
                      )
                    )
                  )
                )
              )
            )
            ( Sattelite (span: 115 126)
              ( Sattelite (leaf: 115) (text: Dear Dad , ) (vein: [0, 1, 2, 3, 4, 14, 24, 26, 27, 34, 50, 51, 56, 57, 59, 61, 63, 71, 77, 78, 79, 81, 85, 86, 89, 93, 95, 101, 106, 107, 108, 115, 117, 119, 120, 123]) )
              ( Nucleus (span: 116 126)
                ( Sattelite (leaf: 116) (text: $ i $ really great . ) (vein: [0, 1, 2, 3, 4, 14, 24, 26, 27, 34, 50, 51, 56, 57, 59, 61, 63, 71, 77, 78, 79, 81, 85, 86, 89, 93, 95, 101, 106, 107, 108, 115, 116, 117, 119, 120, 123]) )
                ( Nucleus (span: 117 126)
                  ( Nucleus (leaf: 117) (text: I am making lot $ of friend $ and $ tudying very hard . ) (vein: [0, 1, 2, 3, 4, 14, 24, 26, 27, 34, 50, 51, 56, 57, 59, 61, 63, 71, 77, 78, 79, 81, 85, 86, 89, 93, 95, 101, 106, 107, 108, 115, 116, 117, 119, 120, 123]) )
                  ( Nucleus (span: 118 126)
                    ( Nucleus (span: 118 122)
                      ( Nucleus (span: 118 121)
                        ( Sattelite (leaf: 118) (text: With all my $ tuff , I $ imply ca n't think of anything I need , ) (vein: [0, 1, 2, 3, 4, 14, 24, 26, 27, 34, 50, 51, 56, 57, 59, 61, 63, 71, 77, 78, 79, 81, 85, 86, 89, 93, 95, 101, 106, 107, 108, 115, 116, 117, 118, 119, 120, 123]) )
                        ( Nucleus (span: 119 121)
                          ( Nucleus (leaf: 119) (text: $ o if you would like , ) (vein: [0, 1, 2, 3, 4, 14, 24, 26, 27, 34, 50, 51, 56, 57, 59, 61, 63, 71, 77, 78, 79, 81, 85, 86, 89, 93, 95, 101, 106, 107, 108, 115, 116, 117, 118, 119, 120, 123]) )
                          ( Nucleus (span: 120 121)
                            ( Nucleus (leaf: 120) (text: you can ju $ t $ end me a card , ) (vein: [0, 1, 2, 3, 4, 14, 24, 26, 27, 34, 50, 51, 56, 57, 59, 61, 63, 71, 77, 78, 79, 81, 85, 86, 89, 93, 95, 101, 106, 107, 108, 115, 116, 117, 118, 119, 120, 123]) )
                            ( Sattelite (leaf: 121) (text: a $ I would love to hear from you . ) (vein: [0, 1, 2, 3, 4, 14, 24, 26, 27, 34, 50, 51, 56, 57, 59, 61, 63, 71, 77, 78, 79, 81, 85, 86, 89, 93, 95, 101, 106, 107, 108, 117, 119, 120, 121, 123]) )
                          )
                        )
                      )
                      ( Sattelite (leaf: 122) (text: Love , Your $ on . ) (vein: [0, 1, 2, 3, 4, 14, 24, 26, 27, 34, 50, 51, 56, 57, 59, 61, 63, 71, 77, 78, 79, 81, 85, 86, 89, 93, 95, 101, 106, 107, 108, 117, 119, 120, 122, 123]) )
                    )
                    ( Nucleus (span: 123 126)
                      ( Nucleus (leaf: 123) (text: Dear Son , I kNOw that astroNOmy , ecoNOmics , and oceaNOgraphy are eNOugh to keep even an hoNOr student busy . ) (vein: [0, 1, 2, 3, 4, 14, 24, 26, 27, 34, 50, 51, 56, 57, 59, 61, 63, 71, 77, 78, 79, 81, 85, 86, 89, 93, 95, 101, 106, 107, 108, 115, 116, 117, 119, 120, 123]) )
                      ( Sattelite (span: 124 126)
                        ( Nucleus (leaf: 124) (text: Do NOt forget ) (vein: [0, 1, 2, 3, 4, 14, 24, 26, 27, 34, 50, 51, 56, 57, 59, 61, 63, 71, 77, 78, 79, 81, 85, 86, 89, 93, 95, 101, 106, 107, 108, 117, 119, 120, 123, 124]) )
                        ( Sattelite (span: 125 126)
                          ( Nucleus (leaf: 125) (text: that the pursuit of kNOwledge is a NOble task , ) (vein: [0, 1, 2, 3, 4, 14, 24, 26, 27, 34, 50, 51, 56, 57, 59, 61, 63, 71, 77, 78, 79, 81, 85, 86, 89, 93, 95, 101, 106, 107, 108, 117, 119, 120, 123, 124, 125, 126]) )
                          ( Nucleus (leaf: 126) (text: and you can never study eNOugh . ) (vein: [0, 1, 2, 3, 4, 14, 24, 26, 27, 34, 50, 51, 56, 57, 59, 61, 63, 71, 77, 78, 79, 81, 85, 86, 89, 93, 95, 101, 106, 107, 108, 117, 119, 120, 123, 124, 125, 126]) )
                        )
                      )
                    )
                  )
                )
              )
            )
          )
        )
      )
    )
  )
)

