( Root (0 128 )
  ( Nucleus (span: 0 7)
    ( Sattelite (leaf: 0) (text: ) (vein: [0, 1, 4, 6, 8, 9, 11, 12, 13, 21, 22]) )
    ( Nucleus (span: 1 7)
      ( Nucleus (leaf: 1) (text: ) (vein: [0, 1, 4, 6, 8, 9, 11, 12, 13, 21, 22]) )
      ( Nucleus (span: 2 7)
        ( Sattelite (span: 2 3)
          ( Nucleus (leaf: 2) (text: ) (vein: [0, 1, 2, 3, 4, 6, 8, 9, 11, 12, 13, 21, 22]) )
          ( Nucleus (leaf: 3) (text: ) (vein: [0, 1, 2, 3, 4, 6, 8, 9, 11, 12, 13, 21, 22]) )
        )
        ( Nucleus (span: 4 7)
          ( Nucleus (span: 4 6)
            ( Nucleus (span: 4 5)
              ( Nucleus (leaf: 4) (text: ) (vein: [0, 1, 2, 3, 4, 6, 8, 9, 11, 12, 13, 21, 22]) )
              ( Sattelite (leaf: 5) (text: ) (vein: [1, 4, 5, 6, 8, 9, 11, 12, 13, 21, 22]) )
            )
            ( Nucleus (leaf: 6) (text: ) (vein: [0, 1, 2, 3, 4, 6, 8, 9, 11, 12, 13, 21, 22]) )
          )
          ( Sattelite (leaf: 7) (text: ) (vein: [1, 4, 6, 7, 8, 9, 11, 12, 13, 21, 22]) )
        )
      )
    )
  )
  ( Nucleus (span: 8 128)
    ( Nucleus (span: 8 25)
      ( Nucleus (leaf: 8) (text: ) (vein: [1, 4, 6, 8, 9, 11, 12, 13, 21, 22]) )
      ( Nucleus (span: 9 25)
        ( Nucleus (leaf: 9) (text: ) (vein: [1, 4, 6, 8, 9, 11, 12, 13, 21, 22]) )
        ( Nucleus (span: 10 25)
          ( Sattelite (leaf: 10) (text: ) (vein: [1, 4, 6, 8, 9, 10, 11, 12, 13, 21, 22]) )
          ( Nucleus (span: 11 25)
            ( Nucleus (leaf: 11) (text: ) (vein: [1, 4, 6, 8, 9, 10, 11, 12, 13, 21, 22]) )
            ( Nucleus (span: 12 25)
              ( Nucleus (leaf: 12) (text: ) (vein: [1, 4, 6, 8, 9, 10, 11, 12, 13, 21, 22]) )
              ( Nucleus (span: 13 25)
                ( Nucleus (span: 13 20)
                  ( Nucleus (leaf: 13) (text: ) (vein: [1, 4, 6, 8, 9, 10, 11, 12, 13, 21, 22]) )
                  ( Sattelite (span: 14 20)
                    ( Nucleus (leaf: 14) (text: ) (vein: [1, 4, 6, 8, 9, 11, 12, 13, 14, 21, 22]) )
                    ( Sattelite (span: 15 20)
                      ( Nucleus (span: 15 16)
                        ( Nucleus (leaf: 15) (text: ) (vein: [1, 4, 6, 8, 9, 11, 12, 13, 14, 15, 21, 22]) )
                        ( Sattelite (leaf: 16) (text: ) (vein: [1, 4, 6, 8, 9, 11, 12, 13, 14, 15, 16, 21, 22]) )
                      )
                      ( Sattelite (span: 17 20)
                        ( Nucleus (leaf: 17) (text: ) (vein: [1, 4, 6, 8, 9, 11, 12, 13, 14, 15, 17, 21, 22]) )
                        ( Sattelite (span: 18 20)
                          ( Nucleus (leaf: 18) (text: ) (vein: [1, 4, 6, 8, 9, 11, 12, 13, 14, 15, 17, 18, 21, 22]) )
                          ( Sattelite (span: 19 20)
                            ( Nucleus (leaf: 19) (text: ) (vein: [1, 4, 6, 8, 9, 11, 12, 13, 14, 15, 17, 18, 19, 21, 22]) )
                            ( Sattelite (leaf: 20) (text: ) (vein: [1, 4, 6, 8, 9, 11, 12, 13, 14, 15, 17, 18, 19, 20, 21, 22]) )
                          )
                        )
                      )
                    )
                  )
                )
                ( Nucleus (span: 21 25)
                  ( Nucleus (span: 21 23)
                    ( Nucleus (leaf: 21) (text: ) (vein: [1, 4, 6, 8, 9, 10, 11, 12, 13, 21, 22]) )
                    ( Nucleus (span: 22 23)
                      ( Nucleus (leaf: 22) (text: ) (vein: [1, 4, 6, 8, 9, 10, 11, 12, 13, 21, 22]) )
                      ( Sattelite (leaf: 23) (text: ) (vein: [1, 4, 6, 8, 9, 11, 12, 13, 21, 22, 23]) )
                    )
                  )
                  ( Sattelite (span: 24 25)
                    ( Nucleus (leaf: 24) (text: ) (vein: [1, 4, 6, 8, 9, 11, 12, 13, 21, 22, 24]) )
                    ( Sattelite (leaf: 25) (text: ) (vein: [1, 4, 6, 8, 9, 11, 12, 13, 21, 22, 24, 25]) )
                  )
                )
              )
            )
          )
        )
      )
    )
    ( Sattelite (span: 26 128)
      ( Nucleus (span: 26 40)
        ( Nucleus (leaf: 26) (text: ) (vein: [1, 4, 6, 8, 9, 11, 12, 13, 21, 22, 26, 27, 30, 31, 32]) )
        ( Nucleus (span: 27 40)
          ( Nucleus (span: 27 28)
            ( Nucleus (leaf: 27) (text: ) (vein: [1, 4, 6, 8, 9, 11, 12, 13, 21, 22, 26, 27, 30, 31, 32]) )
            ( Sattelite (leaf: 28) (text: ) (vein: [1, 4, 6, 8, 9, 11, 12, 13, 21, 22, 26, 27, 28, 30, 31, 32]) )
          )
          ( Nucleus (span: 29 40)
            ( Sattelite (leaf: 29) (text: ) (vein: [1, 4, 6, 8, 9, 11, 12, 13, 21, 22, 26, 27, 29, 30, 31, 32]) )
            ( Nucleus (span: 30 40)
              ( Nucleus (span: 30 31)
                ( Nucleus (leaf: 30) (text: ) (vein: [1, 4, 6, 8, 9, 11, 12, 13, 21, 22, 26, 27, 29, 30, 31, 32]) )
                ( Nucleus (leaf: 31) (text: ) (vein: [1, 4, 6, 8, 9, 11, 12, 13, 21, 22, 26, 27, 29, 30, 31, 32]) )
              )
              ( Nucleus (span: 32 40)
                ( Nucleus (span: 32 33)
                  ( Nucleus (leaf: 32) (text: ) (vein: [1, 4, 6, 8, 9, 11, 12, 13, 21, 22, 26, 27, 29, 30, 31, 32]) )
                  ( Sattelite (leaf: 33) (text: ) (vein: [1, 4, 6, 8, 9, 11, 12, 13, 21, 22, 26, 27, 30, 31, 32, 33]) )
                )
                ( Sattelite (span: 34 40)
                  ( Nucleus (span: 34 35)
                    ( Nucleus (leaf: 34) (text: ) (vein: [1, 4, 6, 8, 9, 11, 12, 13, 21, 22, 26, 27, 30, 31, 32, 34, 35]) )
                    ( Nucleus (leaf: 35) (text: ) (vein: [1, 4, 6, 8, 9, 11, 12, 13, 21, 22, 26, 27, 30, 31, 32, 34, 35]) )
                  )
                  ( Sattelite (span: 36 40)
                    ( Nucleus (span: 36 37)
                      ( Nucleus (leaf: 36) (text: ) (vein: [1, 4, 6, 8, 9, 11, 12, 13, 21, 22, 26, 27, 30, 31, 32, 34, 35, 36, 37]) )
                      ( Nucleus (leaf: 37) (text: ) (vein: [1, 4, 6, 8, 9, 11, 12, 13, 21, 22, 26, 27, 30, 31, 32, 34, 35, 36, 37]) )
                    )
                    ( Sattelite (span: 38 40)
                      ( Nucleus (leaf: 38) (text: ) (vein: [1, 4, 6, 8, 9, 11, 12, 13, 21, 22, 26, 27, 30, 31, 32, 34, 35, 36, 37, 38, 39]) )
                      ( Nucleus (span: 39 40)
                        ( Nucleus (leaf: 39) (text: ) (vein: [1, 4, 6, 8, 9, 11, 12, 13, 21, 22, 26, 27, 30, 31, 32, 34, 35, 36, 37, 38, 39]) )
                        ( Sattelite (leaf: 40) (text: ) (vein: [1, 4, 6, 8, 9, 11, 12, 13, 21, 22, 26, 27, 30, 31, 32, 34, 35, 36, 37, 38, 39, 40]) )
                      )
                    )
                  )
                )
              )
            )
          )
        )
      )
      ( Sattelite (span: 41 128)
        ( Nucleus (span: 41 73)
          ( Sattelite (leaf: 41) (text: ) (vein: [1, 4, 6, 8, 9, 11, 12, 13, 21, 22, 26, 27, 30, 31, 32, 41, 42, 48, 49, 60, 63, 70]) )
          ( Nucleus (span: 42 73)
            ( Nucleus (span: 42 47)
              ( Nucleus (span: 42 43)
                ( Nucleus (leaf: 42) (text: ) (vein: [1, 4, 6, 8, 9, 11, 12, 13, 21, 22, 26, 27, 30, 31, 32, 41, 42, 48, 49, 60, 63, 70]) )
                ( Sattelite (leaf: 43) (text: ) (vein: [1, 4, 6, 8, 9, 11, 12, 13, 21, 22, 26, 27, 30, 31, 32, 42, 43, 48, 49, 60, 63, 70]) )
              )
              ( Sattelite (span: 44 47)
                ( Nucleus (leaf: 44) (text: ) (vein: [1, 4, 6, 8, 9, 11, 12, 13, 21, 22, 26, 27, 30, 31, 32, 42, 44, 45, 48, 49, 60, 63, 70]) )
                ( Nucleus (span: 45 47)
                  ( Nucleus (leaf: 45) (text: ) (vein: [1, 4, 6, 8, 9, 11, 12, 13, 21, 22, 26, 27, 30, 31, 32, 42, 44, 45, 48, 49, 60, 63, 70]) )
                  ( Sattelite (span: 46 47)
                    ( Nucleus (leaf: 46) (text: ) (vein: [1, 4, 6, 8, 9, 11, 12, 13, 21, 22, 26, 27, 30, 31, 32, 42, 44, 45, 46, 48, 49, 60, 63, 70]) )
                    ( Sattelite (leaf: 47) (text: ) (vein: [1, 4, 6, 8, 9, 11, 12, 13, 21, 22, 26, 27, 30, 31, 32, 42, 44, 45, 46, 47, 48, 49, 60, 63, 70]) )
                  )
                )
              )
            )
            ( Nucleus (span: 48 73)
              ( Nucleus (leaf: 48) (text: ) (vein: [1, 4, 6, 8, 9, 11, 12, 13, 21, 22, 26, 27, 30, 31, 32, 41, 42, 48, 49, 60, 63, 70]) )
              ( Nucleus (span: 49 73)
                ( Nucleus (span: 49 59)
                  ( Nucleus (span: 49 50)
                    ( Nucleus (leaf: 49) (text: ) (vein: [1, 4, 6, 8, 9, 11, 12, 13, 21, 22, 26, 27, 30, 31, 32, 41, 42, 48, 49, 60, 63, 70]) )
                    ( Sattelite (leaf: 50) (text: ) (vein: [1, 4, 6, 8, 9, 11, 12, 13, 21, 22, 26, 27, 30, 31, 32, 42, 48, 49, 50, 60, 63, 70]) )
                  )
                  ( Sattelite (span: 51 59)
                    ( Nucleus (leaf: 51) (text: ) (vein: [1, 4, 6, 8, 9, 11, 12, 13, 21, 22, 26, 27, 30, 31, 32, 42, 48, 49, 51, 60, 63, 70]) )
                    ( Sattelite (span: 52 59)
                      ( Nucleus (leaf: 52) (text: ) (vein: [1, 4, 6, 8, 9, 11, 12, 13, 21, 22, 26, 27, 30, 31, 32, 42, 48, 49, 51, 52, 60, 63, 70]) )
                      ( Sattelite (span: 53 59)
                        ( Nucleus (leaf: 53) (text: ) (vein: [1, 4, 6, 8, 9, 11, 12, 13, 21, 22, 26, 27, 30, 31, 32, 42, 48, 49, 51, 52, 53, 60, 63, 70]) )
                        ( Sattelite (span: 54 59)
                          ( Nucleus (span: 54 55)
                            ( Nucleus (leaf: 54) (text: ) (vein: [1, 4, 6, 8, 9, 11, 12, 13, 21, 22, 26, 27, 30, 31, 32, 42, 48, 49, 51, 52, 53, 54, 60, 63, 70]) )
                            ( Sattelite (leaf: 55) (text: ) (vein: [1, 4, 6, 8, 9, 11, 12, 13, 21, 22, 26, 27, 30, 31, 32, 42, 48, 49, 51, 52, 53, 54, 55, 60, 63, 70]) )
                          )
                          ( Sattelite (span: 56 59)
                            ( Nucleus (span: 56 57)
                              ( Nucleus (leaf: 56) (text: ) (vein: [1, 4, 6, 8, 9, 11, 12, 13, 21, 22, 26, 27, 30, 31, 32, 42, 48, 49, 51, 52, 53, 54, 56, 57, 60, 63, 70]) )
                              ( Nucleus (leaf: 57) (text: ) (vein: [1, 4, 6, 8, 9, 11, 12, 13, 21, 22, 26, 27, 30, 31, 32, 42, 48, 49, 51, 52, 53, 54, 56, 57, 60, 63, 70]) )
                            )
                            ( Sattelite (span: 58 59)
                              ( Nucleus (leaf: 58) (text: ) (vein: [1, 4, 6, 8, 9, 11, 12, 13, 21, 22, 26, 27, 30, 31, 32, 42, 48, 49, 51, 52, 53, 54, 56, 57, 58, 60, 63, 70]) )
                              ( Sattelite (leaf: 59) (text: ) (vein: [1, 4, 6, 8, 9, 11, 12, 13, 21, 22, 26, 27, 30, 31, 32, 42, 48, 49, 51, 52, 53, 54, 56, 57, 58, 59, 60, 63, 70]) )
                            )
                          )
                        )
                      )
                    )
                  )
                )
                ( Nucleus (span: 60 73)
                  ( Nucleus (span: 60 62)
                    ( Nucleus (leaf: 60) (text: ) (vein: [1, 4, 6, 8, 9, 11, 12, 13, 21, 22, 26, 27, 30, 31, 32, 41, 42, 48, 49, 60, 63, 70]) )
                    ( Sattelite (span: 61 62)
                      ( Nucleus (leaf: 61) (text: ) (vein: [1, 4, 6, 8, 9, 11, 12, 13, 21, 22, 26, 27, 30, 31, 32, 42, 48, 49, 60, 61, 63, 70]) )
                      ( Sattelite (leaf: 62) (text: ) (vein: [1, 4, 6, 8, 9, 11, 12, 13, 21, 22, 26, 27, 30, 31, 32, 42, 48, 49, 60, 61, 62, 63, 70]) )
                    )
                  )
                  ( Nucleus (span: 63 73)
                    ( Nucleus (span: 63 69)
                      ( Nucleus (leaf: 63) (text: ) (vein: [1, 4, 6, 8, 9, 11, 12, 13, 21, 22, 26, 27, 30, 31, 32, 41, 42, 48, 49, 60, 63, 70]) )
                      ( Sattelite (span: 64 69)
                        ( Nucleus (span: 64 65)
                          ( Nucleus (leaf: 64) (text: ) (vein: [1, 4, 6, 8, 9, 11, 12, 13, 21, 22, 26, 27, 30, 31, 32, 42, 48, 49, 60, 63, 64, 70]) )
                          ( Sattelite (leaf: 65) (text: ) (vein: [1, 4, 6, 8, 9, 11, 12, 13, 21, 22, 26, 27, 30, 31, 32, 42, 48, 49, 60, 63, 64, 65, 70]) )
                        )
                        ( Sattelite (span: 66 69)
                          ( Nucleus (span: 66 67)
                            ( Nucleus (leaf: 66) (text: ) (vein: [1, 4, 6, 8, 9, 11, 12, 13, 21, 22, 26, 27, 30, 31, 32, 42, 48, 49, 60, 63, 64, 66, 70]) )
                            ( Sattelite (leaf: 67) (text: ) (vein: [1, 4, 6, 8, 9, 11, 12, 13, 21, 22, 26, 27, 30, 31, 32, 42, 48, 49, 60, 63, 64, 66, 67, 70]) )
                          )
                          ( Sattelite (span: 68 69)
                            ( Nucleus (leaf: 68) (text: ) (vein: [1, 4, 6, 8, 9, 11, 12, 13, 21, 22, 26, 27, 30, 31, 32, 42, 48, 49, 60, 63, 64, 66, 68, 69, 70]) )
                            ( Nucleus (leaf: 69) (text: ) (vein: [1, 4, 6, 8, 9, 11, 12, 13, 21, 22, 26, 27, 30, 31, 32, 42, 48, 49, 60, 63, 64, 66, 68, 69, 70]) )
                          )
                        )
                      )
                    )
                    ( Nucleus (span: 70 73)
                      ( Nucleus (span: 70 72)
                        ( Nucleus (leaf: 70) (text: ) (vein: [1, 4, 6, 8, 9, 11, 12, 13, 21, 22, 26, 27, 30, 31, 32, 41, 42, 48, 49, 60, 63, 70]) )
                        ( Sattelite (span: 71 72)
                          ( Nucleus (leaf: 71) (text: ) (vein: [1, 4, 6, 8, 9, 11, 12, 13, 21, 22, 26, 27, 30, 31, 32, 42, 48, 49, 60, 63, 70, 71]) )
                          ( Sattelite (leaf: 72) (text: ) (vein: [1, 4, 6, 8, 9, 11, 12, 13, 21, 22, 26, 27, 30, 31, 32, 42, 48, 49, 60, 63, 70, 71, 72]) )
                        )
                      )
                      ( Sattelite (leaf: 73) (text: ) (vein: [1, 4, 6, 8, 9, 11, 12, 13, 21, 22, 26, 27, 30, 31, 32, 42, 48, 49, 60, 63, 70, 73]) )
                    )
                  )
                )
              )
            )
          )
        )
        ( Sattelite (span: 74 128)
          ( Nucleus (span: 74 87)
            ( Sattelite (span: 74 77)
              ( Nucleus (leaf: 74) (text: ) (vein: [1, 4, 6, 8, 9, 11, 12, 13, 21, 22, 26, 27, 30, 31, 32, 42, 48, 49, 60, 63, 70, 74, 78, 79, 80, 81, 82]) )
              ( Sattelite (span: 75 77)
                ( Nucleus (span: 75 76)
                  ( Nucleus (leaf: 75) (text: ) (vein: [1, 4, 6, 8, 9, 11, 12, 13, 21, 22, 26, 27, 30, 31, 32, 42, 48, 49, 60, 63, 70, 74, 75, 78, 79, 80, 81, 82]) )
                  ( Sattelite (leaf: 76) (text: ) (vein: [1, 4, 6, 8, 9, 11, 12, 13, 21, 22, 26, 27, 30, 31, 32, 42, 48, 49, 60, 63, 70, 74, 75, 76, 78, 79, 80, 81, 82]) )
                )
                ( Sattelite (leaf: 77) (text: ) (vein: [1, 4, 6, 8, 9, 11, 12, 13, 21, 22, 26, 27, 30, 31, 32, 42, 48, 49, 60, 63, 70, 74, 75, 77, 78, 79, 80, 81, 82]) )
              )
            )
            ( Nucleus (span: 78 87)
              ( Nucleus (leaf: 78) (text: ) (vein: [1, 4, 6, 8, 9, 11, 12, 13, 21, 22, 26, 27, 30, 31, 32, 42, 48, 49, 60, 63, 70, 74, 78, 79, 80, 81, 82]) )
              ( Nucleus (span: 79 87)
                ( Nucleus (leaf: 79) (text: ) (vein: [1, 4, 6, 8, 9, 11, 12, 13, 21, 22, 26, 27, 30, 31, 32, 42, 48, 49, 60, 63, 70, 74, 78, 79, 80, 81, 82]) )
                ( Nucleus (span: 80 87)
                  ( Nucleus (span: 80 81)
                    ( Nucleus (leaf: 80) (text: ) (vein: [1, 4, 6, 8, 9, 11, 12, 13, 21, 22, 26, 27, 30, 31, 32, 42, 48, 49, 60, 63, 70, 74, 78, 79, 80, 81, 82]) )
                    ( Nucleus (leaf: 81) (text: ) (vein: [1, 4, 6, 8, 9, 11, 12, 13, 21, 22, 26, 27, 30, 31, 32, 42, 48, 49, 60, 63, 70, 74, 78, 79, 80, 81, 82]) )
                  )
                  ( Nucleus (span: 82 87)
                    ( Nucleus (leaf: 82) (text: ) (vein: [1, 4, 6, 8, 9, 11, 12, 13, 21, 22, 26, 27, 30, 31, 32, 42, 48, 49, 60, 63, 70, 74, 78, 79, 80, 81, 82]) )
                    ( Sattelite (span: 83 87)
                      ( Nucleus (span: 83 84)
                        ( Nucleus (leaf: 83) (text: ) (vein: [1, 4, 6, 8, 9, 11, 12, 13, 21, 22, 26, 27, 30, 31, 32, 42, 48, 49, 60, 63, 70, 78, 79, 80, 81, 82, 83, 84]) )
                        ( Nucleus (leaf: 84) (text: ) (vein: [1, 4, 6, 8, 9, 11, 12, 13, 21, 22, 26, 27, 30, 31, 32, 42, 48, 49, 60, 63, 70, 78, 79, 80, 81, 82, 83, 84]) )
                      )
                      ( Sattelite (span: 85 87)
                        ( Nucleus (span: 85 86)
                          ( Nucleus (leaf: 85) (text: ) (vein: [1, 4, 6, 8, 9, 11, 12, 13, 21, 22, 26, 27, 30, 31, 32, 42, 48, 49, 60, 63, 70, 78, 79, 80, 81, 82, 83, 84, 85, 87]) )
                          ( Sattelite (leaf: 86) (text: ) (vein: [1, 4, 6, 8, 9, 11, 12, 13, 21, 22, 26, 27, 30, 31, 32, 42, 48, 49, 60, 63, 70, 78, 79, 80, 81, 82, 83, 84, 85, 86, 87]) )
                        )
                        ( Nucleus (leaf: 87) (text: ) (vein: [1, 4, 6, 8, 9, 11, 12, 13, 21, 22, 26, 27, 30, 31, 32, 42, 48, 49, 60, 63, 70, 78, 79, 80, 81, 82, 83, 84, 85, 87]) )
                      )
                    )
                  )
                )
              )
            )
          )
          ( Sattelite (span: 88 128)
            ( Nucleus (span: 88 120)
              ( Nucleus (span: 88 89)
                ( Nucleus (leaf: 88) (text: ) (vein: [1, 4, 6, 8, 9, 11, 12, 13, 21, 22, 26, 27, 30, 31, 32, 42, 48, 49, 60, 63, 70, 78, 79, 80, 81, 82, 88, 89, 90, 91, 96, 99, 102, 103, 107, 111, 112, 117]) )
                ( Nucleus (leaf: 89) (text: ) (vein: [1, 4, 6, 8, 9, 11, 12, 13, 21, 22, 26, 27, 30, 31, 32, 42, 48, 49, 60, 63, 70, 78, 79, 80, 81, 82, 88, 89, 90, 91, 96, 99, 102, 103, 107, 111, 112, 117]) )
              )
              ( Nucleus (span: 90 120)
                ( Nucleus (span: 90 95)
                  ( Nucleus (span: 90 91)
                    ( Nucleus (leaf: 90) (text: ) (vein: [1, 4, 6, 8, 9, 11, 12, 13, 21, 22, 26, 27, 30, 31, 32, 42, 48, 49, 60, 63, 70, 78, 79, 80, 81, 82, 88, 89, 90, 91, 96, 99, 102, 103, 107, 111, 112, 117]) )
                    ( Nucleus (leaf: 91) (text: ) (vein: [1, 4, 6, 8, 9, 11, 12, 13, 21, 22, 26, 27, 30, 31, 32, 42, 48, 49, 60, 63, 70, 78, 79, 80, 81, 82, 88, 89, 90, 91, 96, 99, 102, 103, 107, 111, 112, 117]) )
                  )
                  ( Sattelite (span: 92 95)
                    ( Nucleus (span: 92 93)
                      ( Nucleus (leaf: 92) (text: ) (vein: [1, 4, 6, 8, 9, 11, 12, 13, 21, 22, 26, 27, 30, 31, 32, 42, 48, 49, 60, 63, 70, 78, 79, 80, 81, 82, 88, 89, 90, 91, 92, 96, 99, 102, 103, 107, 111, 112, 117]) )
                      ( Sattelite (leaf: 93) (text: ) (vein: [1, 4, 6, 8, 9, 11, 12, 13, 21, 22, 26, 27, 30, 31, 32, 42, 48, 49, 60, 63, 70, 78, 79, 80, 81, 82, 88, 89, 90, 91, 92, 93, 96, 99, 102, 103, 107, 111, 112, 117]) )
                    )
                    ( Sattelite (span: 94 95)
                      ( Nucleus (leaf: 94) (text: ) (vein: [1, 4, 6, 8, 9, 11, 12, 13, 21, 22, 26, 27, 30, 31, 32, 42, 48, 49, 60, 63, 70, 78, 79, 80, 81, 82, 88, 89, 90, 91, 92, 94, 96, 99, 102, 103, 107, 111, 112, 117]) )
                      ( Sattelite (leaf: 95) (text: ) (vein: [1, 4, 6, 8, 9, 11, 12, 13, 21, 22, 26, 27, 30, 31, 32, 42, 48, 49, 60, 63, 70, 78, 79, 80, 81, 82, 88, 89, 90, 91, 92, 94, 95, 96, 99, 102, 103, 107, 111, 112, 117]) )
                    )
                  )
                )
                ( Nucleus (span: 96 120)
                  ( Nucleus (span: 96 98)
                    ( Nucleus (span: 96 97)
                      ( Nucleus (leaf: 96) (text: ) (vein: [1, 4, 6, 8, 9, 11, 12, 13, 21, 22, 26, 27, 30, 31, 32, 42, 48, 49, 60, 63, 70, 78, 79, 80, 81, 82, 88, 89, 90, 91, 96, 99, 102, 103, 107, 111, 112, 117]) )
                      ( Sattelite (leaf: 97) (text: ) (vein: [1, 4, 6, 8, 9, 11, 12, 13, 21, 22, 26, 27, 30, 31, 32, 42, 48, 49, 60, 63, 70, 78, 79, 80, 81, 82, 88, 89, 90, 91, 96, 97, 99, 102, 103, 107, 111, 112, 117]) )
                    )
                    ( Sattelite (leaf: 98) (text: ) (vein: [1, 4, 6, 8, 9, 11, 12, 13, 21, 22, 26, 27, 30, 31, 32, 42, 48, 49, 60, 63, 70, 78, 79, 80, 81, 82, 88, 89, 90, 91, 96, 98, 99, 102, 103, 107, 111, 112, 117]) )
                  )
                  ( Nucleus (span: 99 120)
                    ( Nucleus (span: 99 106)
                      ( Nucleus (span: 99 104)
                        ( Nucleus (leaf: 99) (text: ) (vein: [1, 4, 6, 8, 9, 11, 12, 13, 21, 22, 26, 27, 30, 31, 32, 42, 48, 49, 60, 63, 70, 78, 79, 80, 81, 82, 88, 89, 90, 91, 96, 99, 102, 103, 107, 111, 112, 117]) )
                        ( Nucleus (span: 100 104)
                          ( Sattelite (leaf: 100) (text: ) (vein: [1, 4, 6, 8, 9, 11, 12, 13, 21, 22, 26, 27, 30, 31, 32, 42, 48, 49, 60, 63, 70, 78, 79, 80, 81, 82, 88, 89, 90, 91, 96, 99, 100, 102, 103, 107, 111, 112, 117]) )
                          ( Nucleus (span: 101 104)
                            ( Sattelite (leaf: 101) (text: ) (vein: [1, 4, 6, 8, 9, 11, 12, 13, 21, 22, 26, 27, 30, 31, 32, 42, 48, 49, 60, 63, 70, 78, 79, 80, 81, 82, 88, 89, 90, 91, 96, 99, 100, 101, 102, 103, 107, 111, 112, 117]) )
                            ( Nucleus (span: 102 104)
                              ( Nucleus (leaf: 102) (text: ) (vein: [1, 4, 6, 8, 9, 11, 12, 13, 21, 22, 26, 27, 30, 31, 32, 42, 48, 49, 60, 63, 70, 78, 79, 80, 81, 82, 88, 89, 90, 91, 96, 99, 100, 101, 102, 103, 107, 111, 112, 117]) )
                              ( Nucleus (span: 103 104)
                                ( Nucleus (leaf: 103) (text: ) (vein: [1, 4, 6, 8, 9, 11, 12, 13, 21, 22, 26, 27, 30, 31, 32, 42, 48, 49, 60, 63, 70, 78, 79, 80, 81, 82, 88, 89, 90, 91, 96, 99, 100, 101, 102, 103, 107, 111, 112, 117]) )
                                ( Sattelite (leaf: 104) (text: ) (vein: [1, 4, 6, 8, 9, 11, 12, 13, 21, 22, 26, 27, 30, 31, 32, 42, 48, 49, 60, 63, 70, 78, 79, 80, 81, 82, 88, 89, 90, 91, 96, 99, 102, 103, 104, 107, 111, 112, 117]) )
                              )
                            )
                          )
                        )
                      )
                      ( Sattelite (span: 105 106)
                        ( Nucleus (leaf: 105) (text: ) (vein: [1, 4, 6, 8, 9, 11, 12, 13, 21, 22, 26, 27, 30, 31, 32, 42, 48, 49, 60, 63, 70, 78, 79, 80, 81, 82, 88, 89, 90, 91, 96, 99, 102, 103, 105, 107, 111, 112, 117]) )
                        ( Sattelite (leaf: 106) (text: ) (vein: [1, 4, 6, 8, 9, 11, 12, 13, 21, 22, 26, 27, 30, 31, 32, 42, 48, 49, 60, 63, 70, 78, 79, 80, 81, 82, 88, 89, 90, 91, 96, 99, 102, 103, 105, 106, 107, 111, 112, 117]) )
                      )
                    )
                    ( Nucleus (span: 107 120)
                      ( Nucleus (span: 107 108)
                        ( Nucleus (leaf: 107) (text: ) (vein: [1, 4, 6, 8, 9, 11, 12, 13, 21, 22, 26, 27, 30, 31, 32, 42, 48, 49, 60, 63, 70, 78, 79, 80, 81, 82, 88, 89, 90, 91, 96, 99, 102, 103, 107, 111, 112, 117]) )
                        ( Sattelite (leaf: 108) (text: ) (vein: [1, 4, 6, 8, 9, 11, 12, 13, 21, 22, 26, 27, 30, 31, 32, 42, 48, 49, 60, 63, 70, 78, 79, 80, 81, 82, 88, 89, 90, 91, 96, 99, 102, 103, 107, 108, 111, 112, 117]) )
                      )
                      ( Nucleus (span: 109 120)
                        ( Nucleus (span: 109 111)
                          ( Sattelite (leaf: 109) (text: ) (vein: [1, 4, 6, 8, 9, 11, 12, 13, 21, 22, 26, 27, 30, 31, 32, 42, 48, 49, 60, 63, 70, 78, 79, 80, 81, 82, 88, 89, 90, 91, 96, 99, 102, 103, 107, 109, 111, 112, 117]) )
                          ( Nucleus (span: 110 111)
                            ( Sattelite (leaf: 110) (text: ) (vein: [1, 4, 6, 8, 9, 11, 12, 13, 21, 22, 26, 27, 30, 31, 32, 42, 48, 49, 60, 63, 70, 78, 79, 80, 81, 82, 88, 89, 90, 91, 96, 99, 102, 103, 107, 109, 110, 111, 112, 117]) )
                            ( Nucleus (leaf: 111) (text: ) (vein: [1, 4, 6, 8, 9, 11, 12, 13, 21, 22, 26, 27, 30, 31, 32, 42, 48, 49, 60, 63, 70, 78, 79, 80, 81, 82, 88, 89, 90, 91, 96, 99, 102, 103, 107, 109, 110, 111, 112, 117]) )
                          )
                        )
                        ( Nucleus (span: 112 120)
                          ( Nucleus (leaf: 112) (text: ) (vein: [1, 4, 6, 8, 9, 11, 12, 13, 21, 22, 26, 27, 30, 31, 32, 42, 48, 49, 60, 63, 70, 78, 79, 80, 81, 82, 88, 89, 90, 91, 96, 99, 102, 103, 107, 111, 112, 117]) )
                          ( Nucleus (span: 113 120)
                            ( Sattelite (span: 113 114)
                              ( Nucleus (leaf: 113) (text: ) (vein: [1, 4, 6, 8, 9, 11, 12, 13, 21, 22, 26, 27, 30, 31, 32, 42, 48, 49, 60, 63, 70, 78, 79, 80, 81, 82, 88, 89, 90, 91, 96, 99, 102, 103, 107, 111, 112, 113, 117]) )
                              ( Sattelite (leaf: 114) (text: ) (vein: [1, 4, 6, 8, 9, 11, 12, 13, 21, 22, 26, 27, 30, 31, 32, 42, 48, 49, 60, 63, 70, 78, 79, 80, 81, 82, 88, 89, 90, 91, 96, 99, 102, 103, 107, 111, 112, 113, 114, 117]) )
                            )
                            ( Nucleus (span: 115 120)
                              ( Sattelite (leaf: 115) (text: ) (vein: [1, 4, 6, 8, 9, 11, 12, 13, 21, 22, 26, 27, 30, 31, 32, 42, 48, 49, 60, 63, 70, 78, 79, 80, 81, 82, 88, 89, 90, 91, 96, 99, 102, 103, 107, 111, 112, 113, 115, 117]) )
                              ( Nucleus (span: 116 120)
                                ( Nucleus (span: 116 117)
                                  ( Sattelite (leaf: 116) (text: ) (vein: [1, 4, 6, 8, 9, 11, 12, 13, 21, 22, 26, 27, 30, 31, 32, 42, 48, 49, 60, 63, 70, 78, 79, 80, 81, 82, 88, 89, 90, 91, 96, 99, 102, 103, 107, 111, 112, 113, 115, 116, 117]) )
                                  ( Nucleus (leaf: 117) (text: ) (vein: [1, 4, 6, 8, 9, 11, 12, 13, 21, 22, 26, 27, 30, 31, 32, 42, 48, 49, 60, 63, 70, 78, 79, 80, 81, 82, 88, 89, 90, 91, 96, 99, 102, 103, 107, 111, 112, 113, 115, 116, 117]) )
                                )
                                ( Sattelite (span: 118 120)
                                  ( Nucleus (leaf: 118) (text: ) (vein: [1, 4, 6, 8, 9, 11, 12, 13, 21, 22, 26, 27, 30, 31, 32, 42, 48, 49, 60, 63, 70, 78, 79, 80, 81, 82, 88, 89, 90, 91, 96, 99, 102, 103, 107, 111, 112, 117, 118]) )
                                  ( Sattelite (span: 119 120)
                                    ( Nucleus (leaf: 119) (text: ) (vein: [1, 4, 6, 8, 9, 11, 12, 13, 21, 22, 26, 27, 30, 31, 32, 42, 48, 49, 60, 63, 70, 78, 79, 80, 81, 82, 88, 89, 90, 91, 96, 99, 102, 103, 107, 111, 112, 117, 118, 119]) )
                                    ( Sattelite (leaf: 120) (text: ) (vein: [1, 4, 6, 8, 9, 11, 12, 13, 21, 22, 26, 27, 30, 31, 32, 42, 48, 49, 60, 63, 70, 78, 79, 80, 81, 82, 88, 89, 90, 91, 96, 99, 102, 103, 107, 111, 112, 117, 118, 119, 120]) )
                                  )
                                )
                              )
                            )
                          )
                        )
                      )
                    )
                  )
                )
              )
            )
            ( Sattelite (span: 121 128)
              ( Sattelite (span: 121 122)
                ( Nucleus (leaf: 121) (text: While working for an organization that delivers lunches to elderly shut-ins , ) (vein: [1, 4, 6, 8, 9, 11, 12, 13, 21, 22, 26, 27, 30, 31, 32, 42, 48, 49, 60, 63, 70, 78, 79, 80, 81, 82, 88, 89, 90, 91, 96, 99, 102, 103, 107, 111, 112, 117, 121, 124]) )
                ( Sattelite (leaf: 122) (text: I used to take my four-year-old daughter on my afternoon rounds . ) (vein: [1, 4, 6, 8, 9, 11, 12, 13, 21, 22, 26, 27, 30, 31, 32, 42, 48, 49, 60, 63, 70, 78, 79, 80, 81, 82, 88, 89, 90, 91, 96, 99, 102, 103, 107, 111, 112, 117, 121, 122, 124]) )
              )
              ( Nucleus (span: 123 128)
                ( Sattelite (leaf: 123) (text: She was unfailingly intrigued by the various appliances of old age , particularly the canes , walkers and wheelchairs . ) (vein: [1, 4, 6, 8, 9, 11, 12, 13, 21, 22, 26, 27, 30, 31, 32, 42, 48, 49, 60, 63, 70, 78, 79, 80, 81, 82, 88, 89, 90, 91, 96, 99, 102, 103, 107, 111, 112, 117, 121, 123, 124]) )
                ( Nucleus (span: 124 128)
                  ( Nucleus (leaf: 124) (text: One day I found her staring at a pair of false teeth soaking in a glass . ) (vein: [1, 4, 6, 8, 9, 11, 12, 13, 21, 22, 26, 27, 30, 31, 32, 42, 48, 49, 60, 63, 70, 78, 79, 80, 81, 82, 88, 89, 90, 91, 96, 99, 102, 103, 107, 111, 112, 117, 121, 123, 124]) )
                  ( Sattelite (span: 125 128)
                    ( Nucleus (span: 125 127)
                      ( Nucleus (leaf: 125) (text: As I braced myself for the inevitable barrage of questions , ) (vein: [1, 4, 6, 8, 9, 11, 12, 13, 21, 22, 26, 27, 30, 31, 32, 42, 48, 49, 60, 63, 70, 78, 79, 80, 81, 82, 88, 89, 90, 91, 96, 99, 102, 103, 107, 111, 112, 117, 124, 125]) )
                      ( Sattelite (span: 126 127)
                        ( Nucleus (leaf: 126) (text: she merely turned and whispered , ) (vein: [1, 4, 6, 8, 9, 11, 12, 13, 21, 22, 26, 27, 30, 31, 32, 42, 48, 49, 60, 63, 70, 78, 79, 80, 81, 82, 88, 89, 90, 91, 96, 99, 102, 103, 107, 111, 112, 117, 124, 125, 126]) )
                        ( Sattelite (leaf: 127) (text: " The tooth fairy will never believe this ! ) (vein: [1, 4, 6, 8, 9, 11, 12, 13, 21, 22, 26, 27, 30, 31, 32, 42, 48, 49, 60, 63, 70, 78, 79, 80, 81, 82, 88, 89, 90, 91, 96, 99, 102, 103, 107, 111, 112, 117, 124, 125, 126, 127]) )
                      )
                    )
                    ( Sattelite (leaf: 128) (text: " ) (vein: [1, 4, 6, 8, 9, 11, 12, 13, 21, 22, 26, 27, 30, 31, 32, 42, 48, 49, 60, 63, 70, 78, 79, 80, 81, 82, 88, 89, 90, 91, 96, 99, 102, 103, 107, 111, 112, 117, 124, 125, 128]) )
                  )
                )
              )
            )
          )
        )
      )
    )
  )
)

