( Root (0 117 )
  ( Nucleus (span: 0 1)
    ( Nucleus (leaf: 0) (text: ) (vein: [0, 2]) )
    ( Sattelite (leaf: 1) (text: ) (vein: [0, 1, 2]) )
  )
  ( Nucleus (span: 2 117)
    ( Nucleus (leaf: 2) (text: ) (vein: [0, 2]) )
    ( Sattelite (span: 3 117)
      ( Nucleus (leaf: 3) (text: ) (vein: [0, 2, 3]) )
      ( Sattelite (span: 4 117)
        ( Nucleus (leaf: 4) (text: ) (vein: [0, 2, 3, 4]) )
        ( Sattelite (span: 5 117)
          ( Nucleus (span: 5 7)
            ( Nucleus (leaf: 5) (text: ) (vein: [0, 2, 3, 4, 5]) )
            ( Sattelite (span: 6 7)
              ( Nucleus (leaf: 6) (text: ) (vein: [0, 2, 3, 4, 5, 6]) )
              ( Sattelite (leaf: 7) (text: ) (vein: [0, 2, 3, 4, 5, 6, 7]) )
            )
          )
          ( Sattelite (span: 8 117)
            ( Nucleus (leaf: 8) (text: ) (vein: [0, 2, 3, 4, 5, 8]) )
            ( Sattelite (span: 9 117)
              ( Nucleus (leaf: 9) (text: ) (vein: [0, 2, 3, 4, 5, 8, 9]) )
              ( Sattelite (span: 10 117)
                ( Nucleus (span: 10 11)
                  ( Nucleus (leaf: 10) (text: ) (vein: [0, 2, 3, 4, 5, 8, 9, 10, 11]) )
                  ( Nucleus (leaf: 11) (text: ) (vein: [0, 2, 3, 4, 5, 8, 9, 10, 11]) )
                )
                ( Sattelite (span: 12 117)
                  ( Nucleus (span: 12 15)
                    ( Nucleus (leaf: 12) (text: ) (vein: [0, 2, 3, 4, 5, 8, 9, 10, 11, 12]) )
                    ( Sattelite (span: 13 15)
                      ( Nucleus (leaf: 13) (text: ) (vein: [0, 2, 3, 4, 5, 8, 9, 10, 11, 12, 13]) )
                      ( Sattelite (span: 14 15)
                        ( Nucleus (leaf: 14) (text: ) (vein: [0, 2, 3, 4, 5, 8, 9, 10, 11, 12, 13, 14]) )
                        ( Sattelite (leaf: 15) (text: ) (vein: [0, 2, 3, 4, 5, 8, 9, 10, 11, 12, 13, 14, 15]) )
                      )
                    )
                  )
                  ( Sattelite (span: 16 117)
                    ( Nucleus (leaf: 16) (text: ) (vein: [0, 2, 3, 4, 5, 8, 9, 10, 11, 12, 16]) )
                    ( Sattelite (span: 17 117)
                      ( Nucleus (leaf: 17) (text: ) (vein: [0, 2, 3, 4, 5, 8, 9, 10, 11, 12, 16, 17]) )
                      ( Sattelite (span: 18 117)
                        ( Nucleus (leaf: 18) (text: ) (vein: [0, 2, 3, 4, 5, 8, 9, 10, 11, 12, 16, 17, 18]) )
                        ( Sattelite (span: 19 117)
                          ( Nucleus (span: 19 20)
                            ( Nucleus (leaf: 19) (text: ) (vein: [0, 2, 3, 4, 5, 8, 9, 10, 11, 12, 16, 17, 18, 19, 20]) )
                            ( Nucleus (leaf: 20) (text: ) (vein: [0, 2, 3, 4, 5, 8, 9, 10, 11, 12, 16, 17, 18, 19, 20]) )
                          )
                          ( Sattelite (span: 21 117)
                            ( Nucleus (leaf: 21) (text: ) (vein: [0, 2, 3, 4, 5, 8, 9, 10, 11, 12, 16, 17, 18, 19, 20, 21]) )
                            ( Sattelite (span: 22 117)
                              ( Nucleus (leaf: 22) (text: ) (vein: [0, 2, 3, 4, 5, 8, 9, 10, 11, 12, 16, 17, 18, 19, 20, 21, 22]) )
                              ( Sattelite (span: 23 117)
                                ( Nucleus (leaf: 23) (text: ) (vein: [0, 2, 3, 4, 5, 8, 9, 10, 11, 12, 16, 17, 18, 19, 20, 21, 22, 23]) )
                                ( Sattelite (span: 24 117)
                                  ( Nucleus (span: 24 26)
                                    ( Nucleus (leaf: 24) (text: ) (vein: [0, 2, 3, 4, 5, 8, 9, 10, 11, 12, 16, 17, 18, 19, 20, 21, 22, 23, 24]) )
                                    ( Sattelite (span: 25 26)
                                      ( Nucleus (leaf: 25) (text: ) (vein: [0, 2, 3, 4, 5, 8, 9, 10, 11, 12, 16, 17, 18, 19, 20, 21, 22, 23, 24, 25, 26]) )
                                      ( Nucleus (leaf: 26) (text: ) (vein: [0, 2, 3, 4, 5, 8, 9, 10, 11, 12, 16, 17, 18, 19, 20, 21, 22, 23, 24, 25, 26]) )
                                    )
                                  )
                                  ( Sattelite (span: 27 117)
                                    ( Nucleus (span: 27 29)
                                      ( Nucleus (span: 27 28)
                                        ( Nucleus (leaf: 27) (text: ) (vein: [0, 2, 3, 4, 5, 8, 9, 10, 11, 12, 16, 17, 18, 19, 20, 21, 22, 23, 24, 27]) )
                                        ( Sattelite (leaf: 28) (text: ) (vein: [0, 2, 3, 4, 5, 8, 9, 10, 11, 12, 16, 17, 18, 19, 20, 21, 22, 23, 24, 27, 28]) )
                                      )
                                      ( Sattelite (leaf: 29) (text: ) (vein: [0, 2, 3, 4, 5, 8, 9, 10, 11, 12, 16, 17, 18, 19, 20, 21, 22, 23, 24, 27, 29]) )
                                    )
                                    ( Sattelite (span: 30 117)
                                      ( Nucleus (span: 30 34)
                                        ( Nucleus (leaf: 30) (text: ) (vein: [0, 2, 3, 4, 5, 8, 9, 10, 11, 12, 16, 17, 18, 19, 20, 21, 22, 23, 24, 27, 30]) )
                                        ( Sattelite (span: 31 34)
                                          ( Nucleus (span: 31 32)
                                            ( Nucleus (leaf: 31) (text: ) (vein: [0, 2, 3, 4, 5, 8, 9, 10, 11, 12, 16, 17, 18, 19, 20, 21, 22, 23, 24, 27, 30, 31]) )
                                            ( Sattelite (leaf: 32) (text: ) (vein: [0, 2, 3, 4, 5, 8, 9, 10, 11, 12, 16, 17, 18, 19, 20, 21, 22, 23, 24, 27, 30, 31, 32]) )
                                          )
                                          ( Sattelite (span: 33 34)
                                            ( Nucleus (leaf: 33) (text: ) (vein: [0, 2, 3, 4, 5, 8, 9, 10, 11, 12, 16, 17, 18, 19, 20, 21, 22, 23, 24, 27, 30, 31, 33]) )
                                            ( Sattelite (leaf: 34) (text: ) (vein: [0, 2, 3, 4, 5, 8, 9, 10, 11, 12, 16, 17, 18, 19, 20, 21, 22, 23, 24, 27, 30, 31, 33, 34]) )
                                          )
                                        )
                                      )
                                      ( Sattelite (span: 35 117)
                                        ( Nucleus (span: 35 42)
                                          ( Sattelite (span: 35 36)
                                            ( Nucleus (leaf: 35) (text: ) (vein: [0, 2, 3, 4, 5, 8, 9, 10, 11, 12, 16, 17, 18, 19, 20, 21, 22, 23, 24, 27, 30, 35, 37]) )
                                            ( Sattelite (leaf: 36) (text: ) (vein: [0, 2, 3, 4, 5, 8, 9, 10, 11, 12, 16, 17, 18, 19, 20, 21, 22, 23, 24, 27, 30, 35, 36, 37]) )
                                          )
                                          ( Nucleus (span: 37 42)
                                            ( Nucleus (leaf: 37) (text: ) (vein: [0, 2, 3, 4, 5, 8, 9, 10, 11, 12, 16, 17, 18, 19, 20, 21, 22, 23, 24, 27, 30, 35, 37]) )
                                            ( Sattelite (span: 38 42)
                                              ( Nucleus (span: 38 39)
                                                ( Nucleus (leaf: 38) (text: ) (vein: [0, 2, 3, 4, 5, 8, 9, 10, 11, 12, 16, 17, 18, 19, 20, 21, 22, 23, 24, 27, 30, 37, 38]) )
                                                ( Sattelite (leaf: 39) (text: ) (vein: [0, 2, 3, 4, 5, 8, 9, 10, 11, 12, 16, 17, 18, 19, 20, 21, 22, 23, 24, 27, 30, 37, 38, 39]) )
                                              )
                                              ( Sattelite (span: 40 42)
                                                ( Nucleus (leaf: 40) (text: ) (vein: [0, 2, 3, 4, 5, 8, 9, 10, 11, 12, 16, 17, 18, 19, 20, 21, 22, 23, 24, 27, 30, 37, 38, 40]) )
                                                ( Sattelite (span: 41 42)
                                                  ( Nucleus (leaf: 41) (text: ) (vein: [0, 2, 3, 4, 5, 8, 9, 10, 11, 12, 16, 17, 18, 19, 20, 21, 22, 23, 24, 27, 30, 37, 38, 40, 41]) )
                                                  ( Sattelite (leaf: 42) (text: ) (vein: [0, 2, 3, 4, 5, 8, 9, 10, 11, 12, 16, 17, 18, 19, 20, 21, 22, 23, 24, 27, 30, 37, 38, 40, 41, 42]) )
                                                )
                                              )
                                            )
                                          )
                                        )
                                        ( Sattelite (span: 43 117)
                                          ( Nucleus (span: 43 50)
                                            ( Nucleus (leaf: 43) (text: ) (vein: [0, 2, 3, 4, 5, 8, 9, 10, 11, 12, 16, 17, 18, 19, 20, 21, 22, 23, 24, 27, 30, 37, 43]) )
                                            ( Sattelite (span: 44 50)
                                              ( Nucleus (leaf: 44) (text: ) (vein: [0, 2, 3, 4, 5, 8, 9, 10, 11, 12, 16, 17, 18, 19, 20, 21, 22, 23, 24, 27, 30, 37, 43, 44]) )
                                              ( Sattelite (span: 45 50)
                                                ( Nucleus (leaf: 45) (text: ) (vein: [0, 2, 3, 4, 5, 8, 9, 10, 11, 12, 16, 17, 18, 19, 20, 21, 22, 23, 24, 27, 30, 37, 43, 44, 45]) )
                                                ( Sattelite (span: 46 50)
                                                  ( Nucleus (span: 46 48)
                                                    ( Nucleus (leaf: 46) (text: ) (vein: [0, 2, 3, 4, 5, 8, 9, 10, 11, 12, 16, 17, 18, 19, 20, 21, 22, 23, 24, 27, 30, 37, 43, 44, 45, 46]) )
                                                    ( Sattelite (span: 47 48)
                                                      ( Nucleus (leaf: 47) (text: ) (vein: [0, 2, 3, 4, 5, 8, 9, 10, 11, 12, 16, 17, 18, 19, 20, 21, 22, 23, 24, 27, 30, 37, 43, 44, 45, 46, 47]) )
                                                      ( Sattelite (leaf: 48) (text: ) (vein: [0, 2, 3, 4, 5, 8, 9, 10, 11, 12, 16, 17, 18, 19, 20, 21, 22, 23, 24, 27, 30, 37, 43, 44, 45, 46, 47, 48]) )
                                                    )
                                                  )
                                                  ( Sattelite (span: 49 50)
                                                    ( Nucleus (leaf: 49) (text: ) (vein: [0, 2, 3, 4, 5, 8, 9, 10, 11, 12, 16, 17, 18, 19, 20, 21, 22, 23, 24, 27, 30, 37, 43, 44, 45, 46, 49]) )
                                                    ( Sattelite (leaf: 50) (text: ) (vein: [0, 2, 3, 4, 5, 8, 9, 10, 11, 12, 16, 17, 18, 19, 20, 21, 22, 23, 24, 27, 30, 37, 43, 44, 45, 46, 49, 50]) )
                                                  )
                                                )
                                              )
                                            )
                                          )
                                          ( Sattelite (span: 51 117)
                                            ( Nucleus (span: 51 57)
                                              ( Sattelite (leaf: 51) (text: ) (vein: [0, 2, 3, 4, 5, 8, 9, 10, 11, 12, 16, 17, 18, 19, 20, 21, 22, 23, 24, 27, 30, 37, 43, 51, 52]) )
                                              ( Nucleus (span: 52 57)
                                                ( Nucleus (span: 52 53)
                                                  ( Nucleus (leaf: 52) (text: ) (vein: [0, 2, 3, 4, 5, 8, 9, 10, 11, 12, 16, 17, 18, 19, 20, 21, 22, 23, 24, 27, 30, 37, 43, 51, 52]) )
                                                  ( Sattelite (leaf: 53) (text: ) (vein: [0, 2, 3, 4, 5, 8, 9, 10, 11, 12, 16, 17, 18, 19, 20, 21, 22, 23, 24, 27, 30, 37, 43, 52, 53]) )
                                                )
                                                ( Sattelite (span: 54 57)
                                                  ( Nucleus (leaf: 54) (text: ) (vein: [0, 2, 3, 4, 5, 8, 9, 10, 11, 12, 16, 17, 18, 19, 20, 21, 22, 23, 24, 27, 30, 37, 43, 52, 54]) )
                                                  ( Sattelite (span: 55 57)
                                                    ( Nucleus (leaf: 55) (text: ) (vein: [0, 2, 3, 4, 5, 8, 9, 10, 11, 12, 16, 17, 18, 19, 20, 21, 22, 23, 24, 27, 30, 37, 43, 52, 54, 55]) )
                                                    ( Sattelite (span: 56 57)
                                                      ( Nucleus (leaf: 56) (text: ) (vein: [0, 2, 3, 4, 5, 8, 9, 10, 11, 12, 16, 17, 18, 19, 20, 21, 22, 23, 24, 27, 30, 37, 43, 52, 54, 55, 56]) )
                                                      ( Sattelite (leaf: 57) (text: ) (vein: [0, 2, 3, 4, 5, 8, 9, 10, 11, 12, 16, 17, 18, 19, 20, 21, 22, 23, 24, 27, 30, 37, 43, 52, 54, 55, 56, 57]) )
                                                    )
                                                  )
                                                )
                                              )
                                            )
                                            ( Sattelite (span: 58 117)
                                              ( Nucleus (span: 58 65)
                                                ( Nucleus (span: 58 60)
                                                  ( Nucleus (leaf: 58) (text: ) (vein: [0, 2, 3, 4, 5, 8, 9, 10, 11, 12, 16, 17, 18, 19, 20, 21, 22, 23, 24, 27, 30, 37, 43, 52, 58]) )
                                                  ( Sattelite (span: 59 60)
                                                    ( Nucleus (leaf: 59) (text: ) (vein: [0, 2, 3, 4, 5, 8, 9, 10, 11, 12, 16, 17, 18, 19, 20, 21, 22, 23, 24, 27, 30, 37, 43, 52, 58, 59]) )
                                                    ( Sattelite (leaf: 60) (text: ) (vein: [0, 2, 3, 4, 5, 8, 9, 10, 11, 12, 16, 17, 18, 19, 20, 21, 22, 23, 24, 27, 30, 37, 43, 52, 58, 59, 60]) )
                                                  )
                                                )
                                                ( Sattelite (span: 61 65)
                                                  ( Nucleus (span: 61 63)
                                                    ( Nucleus (leaf: 61) (text: ) (vein: [0, 2, 3, 4, 5, 8, 9, 10, 11, 12, 16, 17, 18, 19, 20, 21, 22, 23, 24, 27, 30, 37, 43, 52, 58, 61]) )
                                                    ( Sattelite (span: 62 63)
                                                      ( Nucleus (leaf: 62) (text: ) (vein: [0, 2, 3, 4, 5, 8, 9, 10, 11, 12, 16, 17, 18, 19, 20, 21, 22, 23, 24, 27, 30, 37, 43, 52, 58, 61, 62, 63]) )
                                                      ( Nucleus (leaf: 63) (text: ) (vein: [0, 2, 3, 4, 5, 8, 9, 10, 11, 12, 16, 17, 18, 19, 20, 21, 22, 23, 24, 27, 30, 37, 43, 52, 58, 61, 62, 63]) )
                                                    )
                                                  )
                                                  ( Sattelite (span: 64 65)
                                                    ( Nucleus (leaf: 64) (text: ) (vein: [0, 2, 3, 4, 5, 8, 9, 10, 11, 12, 16, 17, 18, 19, 20, 21, 22, 23, 24, 27, 30, 37, 43, 52, 58, 61, 64]) )
                                                    ( Sattelite (leaf: 65) (text: ) (vein: [0, 2, 3, 4, 5, 8, 9, 10, 11, 12, 16, 17, 18, 19, 20, 21, 22, 23, 24, 27, 30, 37, 43, 52, 58, 61, 64, 65]) )
                                                  )
                                                )
                                              )
                                              ( Sattelite (span: 66 117)
                                                ( Nucleus (span: 66 67)
                                                  ( Nucleus (leaf: 66) (text: ) (vein: [0, 2, 3, 4, 5, 8, 9, 10, 11, 12, 16, 17, 18, 19, 20, 21, 22, 23, 24, 27, 30, 37, 43, 52, 58, 66, 67]) )
                                                  ( Nucleus (leaf: 67) (text: ) (vein: [0, 2, 3, 4, 5, 8, 9, 10, 11, 12, 16, 17, 18, 19, 20, 21, 22, 23, 24, 27, 30, 37, 43, 52, 58, 66, 67]) )
                                                )
                                                ( Sattelite (span: 68 117)
                                                  ( Nucleus (leaf: 68) (text: ) (vein: [0, 2, 3, 4, 5, 8, 9, 10, 11, 12, 16, 17, 18, 19, 20, 21, 22, 23, 24, 27, 30, 37, 43, 52, 58, 66, 67, 68]) )
                                                  ( Sattelite (span: 69 117)
                                                    ( Nucleus (span: 69 71)
                                                      ( Nucleus (leaf: 69) (text: ) (vein: [0, 2, 3, 4, 5, 8, 9, 10, 11, 12, 16, 17, 18, 19, 20, 21, 22, 23, 24, 27, 30, 37, 43, 52, 58, 66, 67, 68, 69]) )
                                                      ( Sattelite (span: 70 71)
                                                        ( Nucleus (leaf: 70) (text: ) (vein: [0, 2, 3, 4, 5, 8, 9, 10, 11, 12, 16, 17, 18, 19, 20, 21, 22, 23, 24, 27, 30, 37, 43, 52, 58, 66, 67, 68, 69, 70]) )
                                                        ( Sattelite (leaf: 71) (text: ) (vein: [0, 2, 3, 4, 5, 8, 9, 10, 11, 12, 16, 17, 18, 19, 20, 21, 22, 23, 24, 27, 30, 37, 43, 52, 58, 66, 67, 68, 69, 70, 71]) )
                                                      )
                                                    )
                                                    ( Sattelite (span: 72 117)
                                                      ( Nucleus (leaf: 72) (text: ) (vein: [0, 2, 3, 4, 5, 8, 9, 10, 11, 12, 16, 17, 18, 19, 20, 21, 22, 23, 24, 27, 30, 37, 43, 52, 58, 66, 67, 68, 69, 72]) )
                                                      ( Sattelite (span: 73 117)
                                                        ( Nucleus (span: 73 74)
                                                          ( Nucleus (leaf: 73) (text: ) (vein: [0, 2, 3, 4, 5, 8, 9, 10, 11, 12, 16, 17, 18, 19, 20, 21, 22, 23, 24, 27, 30, 37, 43, 52, 58, 66, 67, 68, 69, 72, 73]) )
                                                          ( Sattelite (leaf: 74) (text: ) (vein: [0, 2, 3, 4, 5, 8, 9, 10, 11, 12, 16, 17, 18, 19, 20, 21, 22, 23, 24, 27, 30, 37, 43, 52, 58, 66, 67, 68, 69, 72, 73, 74]) )
                                                        )
                                                        ( Sattelite (span: 75 117)
                                                          ( Nucleus (span: 75 76)
                                                            ( Nucleus (leaf: 75) (text: ) (vein: [0, 2, 3, 4, 5, 8, 9, 10, 11, 12, 16, 17, 18, 19, 20, 21, 22, 23, 24, 27, 30, 37, 43, 52, 58, 66, 67, 68, 69, 72, 73, 75]) )
                                                            ( Sattelite (leaf: 76) (text: ) (vein: [0, 2, 3, 4, 5, 8, 9, 10, 11, 12, 16, 17, 18, 19, 20, 21, 22, 23, 24, 27, 30, 37, 43, 52, 58, 66, 67, 68, 69, 72, 73, 75, 76]) )
                                                          )
                                                          ( Sattelite (span: 77 117)
                                                            ( Nucleus (span: 77 78)
                                                              ( Nucleus (leaf: 77) (text: ) (vein: [0, 2, 3, 4, 5, 8, 9, 10, 11, 12, 16, 17, 18, 19, 20, 21, 22, 23, 24, 27, 30, 37, 43, 52, 58, 66, 67, 68, 69, 72, 73, 75, 77]) )
                                                              ( Sattelite (leaf: 78) (text: ) (vein: [0, 2, 3, 4, 5, 8, 9, 10, 11, 12, 16, 17, 18, 19, 20, 21, 22, 23, 24, 27, 30, 37, 43, 52, 58, 66, 67, 68, 69, 72, 73, 75, 77, 78]) )
                                                            )
                                                            ( Sattelite (span: 79 117)
                                                              ( Nucleus (span: 79 81)
                                                                ( Nucleus (leaf: 79) (text: ) (vein: [0, 2, 3, 4, 5, 8, 9, 10, 11, 12, 16, 17, 18, 19, 20, 21, 22, 23, 24, 27, 30, 37, 43, 52, 58, 66, 67, 68, 69, 72, 73, 75, 77, 79]) )
                                                                ( Sattelite (span: 80 81)
                                                                  ( Nucleus (leaf: 80) (text: ) (vein: [0, 2, 3, 4, 5, 8, 9, 10, 11, 12, 16, 17, 18, 19, 20, 21, 22, 23, 24, 27, 30, 37, 43, 52, 58, 66, 67, 68, 69, 72, 73, 75, 77, 79, 80]) )
                                                                  ( Sattelite (leaf: 81) (text: ) (vein: [0, 2, 3, 4, 5, 8, 9, 10, 11, 12, 16, 17, 18, 19, 20, 21, 22, 23, 24, 27, 30, 37, 43, 52, 58, 66, 67, 68, 69, 72, 73, 75, 77, 79, 80, 81]) )
                                                                )
                                                              )
                                                              ( Sattelite (span: 82 117)
                                                                ( Nucleus (span: 82 87)
                                                                  ( Nucleus (span: 82 83)
                                                                    ( Nucleus (leaf: 82) (text: ) (vein: [0, 2, 3, 4, 5, 8, 9, 10, 11, 12, 16, 17, 18, 19, 20, 21, 22, 23, 24, 27, 30, 37, 43, 52, 58, 66, 67, 68, 69, 72, 73, 75, 77, 79, 82]) )
                                                                    ( Sattelite (leaf: 83) (text: ) (vein: [0, 2, 3, 4, 5, 8, 9, 10, 11, 12, 16, 17, 18, 19, 20, 21, 22, 23, 24, 27, 30, 37, 43, 52, 58, 66, 67, 68, 69, 72, 73, 75, 77, 79, 82, 83]) )
                                                                  )
                                                                  ( Sattelite (span: 84 87)
                                                                    ( Nucleus (span: 84 85)
                                                                      ( Nucleus (leaf: 84) (text: ) (vein: [0, 2, 3, 4, 5, 8, 9, 10, 11, 12, 16, 17, 18, 19, 20, 21, 22, 23, 24, 27, 30, 37, 43, 52, 58, 66, 67, 68, 69, 72, 73, 75, 77, 79, 82, 84]) )
                                                                      ( Sattelite (leaf: 85) (text: ) (vein: [0, 2, 3, 4, 5, 8, 9, 10, 11, 12, 16, 17, 18, 19, 20, 21, 22, 23, 24, 27, 30, 37, 43, 52, 58, 66, 67, 68, 69, 72, 73, 75, 77, 79, 82, 84, 85]) )
                                                                    )
                                                                    ( Sattelite (span: 86 87)
                                                                      ( Nucleus (leaf: 86) (text: ) (vein: [0, 2, 3, 4, 5, 8, 9, 10, 11, 12, 16, 17, 18, 19, 20, 21, 22, 23, 24, 27, 30, 37, 43, 52, 58, 66, 67, 68, 69, 72, 73, 75, 77, 79, 82, 84, 86]) )
                                                                      ( Sattelite (leaf: 87) (text: ) (vein: [0, 2, 3, 4, 5, 8, 9, 10, 11, 12, 16, 17, 18, 19, 20, 21, 22, 23, 24, 27, 30, 37, 43, 52, 58, 66, 67, 68, 69, 72, 73, 75, 77, 79, 82, 84, 86, 87]) )
                                                                    )
                                                                  )
                                                                )
                                                                ( Sattelite (span: 88 117)
                                                                  ( Nucleus (leaf: 88) (text: ) (vein: [0, 2, 3, 4, 5, 8, 9, 10, 11, 12, 16, 17, 18, 19, 20, 21, 22, 23, 24, 27, 30, 37, 43, 52, 58, 66, 67, 68, 69, 72, 73, 75, 77, 79, 82, 88]) )
                                                                  ( Sattelite (span: 89 117)
                                                                    ( Nucleus (leaf: 89) (text: ) (vein: [0, 2, 3, 4, 5, 8, 9, 10, 11, 12, 16, 17, 18, 19, 20, 21, 22, 23, 24, 27, 30, 37, 43, 52, 58, 66, 67, 68, 69, 72, 73, 75, 77, 79, 82, 88, 89]) )
                                                                    ( Sattelite (span: 90 117)
                                                                      ( Nucleus (leaf: 90) (text: ) (vein: [0, 2, 3, 4, 5, 8, 9, 10, 11, 12, 16, 17, 18, 19, 20, 21, 22, 23, 24, 27, 30, 37, 43, 52, 58, 66, 67, 68, 69, 72, 73, 75, 77, 79, 82, 88, 89, 90]) )
                                                                      ( Sattelite (span: 91 117)
                                                                        ( Nucleus (leaf: 91) (text: ) (vein: [0, 2, 3, 4, 5, 8, 9, 10, 11, 12, 16, 17, 18, 19, 20, 21, 22, 23, 24, 27, 30, 37, 43, 52, 58, 66, 67, 68, 69, 72, 73, 75, 77, 79, 82, 88, 89, 90, 91]) )
                                                                        ( Sattelite (span: 92 117)
                                                                          ( Nucleus (leaf: 92) (text: ) (vein: [0, 2, 3, 4, 5, 8, 9, 10, 11, 12, 16, 17, 18, 19, 20, 21, 22, 23, 24, 27, 30, 37, 43, 52, 58, 66, 67, 68, 69, 72, 73, 75, 77, 79, 82, 88, 89, 90, 91, 92]) )
                                                                          ( Sattelite (span: 93 117)
                                                                            ( Nucleus (span: 93 94)
                                                                              ( Nucleus (leaf: 93) (text: ) (vein: [0, 2, 3, 4, 5, 8, 9, 10, 11, 12, 16, 17, 18, 19, 20, 21, 22, 23, 24, 27, 30, 37, 43, 52, 58, 66, 67, 68, 69, 72, 73, 75, 77, 79, 82, 88, 89, 90, 91, 92, 93, 94]) )
                                                                              ( Nucleus (leaf: 94) (text: ) (vein: [0, 2, 3, 4, 5, 8, 9, 10, 11, 12, 16, 17, 18, 19, 20, 21, 22, 23, 24, 27, 30, 37, 43, 52, 58, 66, 67, 68, 69, 72, 73, 75, 77, 79, 82, 88, 89, 90, 91, 92, 93, 94]) )
                                                                            )
                                                                            ( Sattelite (span: 95 117)
                                                                              ( Nucleus (leaf: 95) (text: ) (vein: [0, 2, 3, 4, 5, 8, 9, 10, 11, 12, 16, 17, 18, 19, 20, 21, 22, 23, 24, 27, 30, 37, 43, 52, 58, 66, 67, 68, 69, 72, 73, 75, 77, 79, 82, 88, 89, 90, 91, 92, 93, 94, 95]) )
                                                                              ( Sattelite (span: 96 117)
                                                                                ( Nucleus (leaf: 96) (text: ) (vein: [0, 2, 3, 4, 5, 8, 9, 10, 11, 12, 16, 17, 18, 19, 20, 21, 22, 23, 24, 27, 30, 37, 43, 52, 58, 66, 67, 68, 69, 72, 73, 75, 77, 79, 82, 88, 89, 90, 91, 92, 93, 94, 95, 96]) )
                                                                                ( Sattelite (span: 97 117)
                                                                                  ( Nucleus (leaf: 97) (text: ) (vein: [0, 2, 3, 4, 5, 8, 9, 10, 11, 12, 16, 17, 18, 19, 20, 21, 22, 23, 24, 27, 30, 37, 43, 52, 58, 66, 67, 68, 69, 72, 73, 75, 77, 79, 82, 88, 89, 90, 91, 92, 93, 94, 95, 96, 97]) )
                                                                                  ( Sattelite (span: 98 117)
                                                                                    ( Nucleus (span: 98 100)
                                                                                      ( Nucleus (leaf: 98) (text: ) (vein: [0, 2, 3, 4, 5, 8, 9, 10, 11, 12, 16, 17, 18, 19, 20, 21, 22, 23, 24, 27, 30, 37, 43, 52, 58, 66, 67, 68, 69, 72, 73, 75, 77, 79, 82, 88, 89, 90, 91, 92, 93, 94, 95, 96, 97, 98]) )
                                                                                      ( Sattelite (span: 99 100)
                                                                                        ( Nucleus (leaf: 99) (text: ) (vein: [0, 2, 3, 4, 5, 8, 9, 10, 11, 12, 16, 17, 18, 19, 20, 21, 22, 23, 24, 27, 30, 37, 43, 52, 58, 66, 67, 68, 69, 72, 73, 75, 77, 79, 82, 88, 89, 90, 91, 92, 93, 94, 95, 96, 97, 98, 99, 100]) )
                                                                                        ( Nucleus (leaf: 100) (text: ) (vein: [0, 2, 3, 4, 5, 8, 9, 10, 11, 12, 16, 17, 18, 19, 20, 21, 22, 23, 24, 27, 30, 37, 43, 52, 58, 66, 67, 68, 69, 72, 73, 75, 77, 79, 82, 88, 89, 90, 91, 92, 93, 94, 95, 96, 97, 98, 99, 100]) )
                                                                                      )
                                                                                    )
                                                                                    ( Sattelite (span: 101 117)
                                                                                      ( Nucleus (leaf: 101) (text: ) (vein: [0, 2, 3, 4, 5, 8, 9, 10, 11, 12, 16, 17, 18, 19, 20, 21, 22, 23, 24, 27, 30, 37, 43, 52, 58, 66, 67, 68, 69, 72, 73, 75, 77, 79, 82, 88, 89, 90, 91, 92, 93, 94, 95, 96, 97, 98, 101]) )
                                                                                      ( Sattelite (span: 102 117)
                                                                                        ( Nucleus (span: 102 103)
                                                                                          ( Nucleus (leaf: 102) (text: ) (vein: [0, 2, 3, 4, 5, 8, 9, 10, 11, 12, 16, 17, 18, 19, 20, 21, 22, 23, 24, 27, 30, 37, 43, 52, 58, 66, 67, 68, 69, 72, 73, 75, 77, 79, 82, 88, 89, 90, 91, 92, 93, 94, 95, 96, 97, 98, 101, 102]) )
                                                                                          ( Sattelite (leaf: 103) (text: ) (vein: [0, 2, 3, 4, 5, 8, 9, 10, 11, 12, 16, 17, 18, 19, 20, 21, 22, 23, 24, 27, 30, 37, 43, 52, 58, 66, 67, 68, 69, 72, 73, 75, 77, 79, 82, 88, 89, 90, 91, 92, 93, 94, 95, 96, 97, 98, 101, 102, 103]) )
                                                                                        )
                                                                                        ( Sattelite (span: 104 117)
                                                                                          ( Nucleus (span: 104 105)
                                                                                            ( Nucleus (leaf: 104) (text: ) (vein: [0, 2, 3, 4, 5, 8, 9, 10, 11, 12, 16, 17, 18, 19, 20, 21, 22, 23, 24, 27, 30, 37, 43, 52, 58, 66, 67, 68, 69, 72, 73, 75, 77, 79, 82, 88, 89, 90, 91, 92, 93, 94, 95, 96, 97, 98, 101, 102, 104]) )
                                                                                            ( Sattelite (leaf: 105) (text: ) (vein: [0, 2, 3, 4, 5, 8, 9, 10, 11, 12, 16, 17, 18, 19, 20, 21, 22, 23, 24, 27, 30, 37, 43, 52, 58, 66, 67, 68, 69, 72, 73, 75, 77, 79, 82, 88, 89, 90, 91, 92, 93, 94, 95, 96, 97, 98, 101, 102, 104, 105]) )
                                                                                          )
                                                                                          ( Sattelite (span: 106 117)
                                                                                            ( Nucleus (leaf: 106) (text: ) (vein: [0, 2, 3, 4, 5, 8, 9, 10, 11, 12, 16, 17, 18, 19, 20, 21, 22, 23, 24, 27, 30, 37, 43, 52, 58, 66, 67, 68, 69, 72, 73, 75, 77, 79, 82, 88, 89, 90, 91, 92, 93, 94, 95, 96, 97, 98, 101, 102, 104, 106]) )
                                                                                            ( Sattelite (span: 107 117)
                                                                                              ( Nucleus (span: 107 108)
                                                                                                ( Nucleus (leaf: 107) (text: ) (vein: [0, 2, 3, 4, 5, 8, 9, 10, 11, 12, 16, 17, 18, 19, 20, 21, 22, 23, 24, 27, 30, 37, 43, 52, 58, 66, 67, 68, 69, 72, 73, 75, 77, 79, 82, 88, 89, 90, 91, 92, 93, 94, 95, 96, 97, 98, 101, 102, 104, 106, 107]) )
                                                                                                ( Sattelite (leaf: 108) (text: ) (vein: [0, 2, 3, 4, 5, 8, 9, 10, 11, 12, 16, 17, 18, 19, 20, 21, 22, 23, 24, 27, 30, 37, 43, 52, 58, 66, 67, 68, 69, 72, 73, 75, 77, 79, 82, 88, 89, 90, 91, 92, 93, 94, 95, 96, 97, 98, 101, 102, 104, 106, 107, 108]) )
                                                                                              )
                                                                                              ( Sattelite (span: 109 117)
                                                                                                ( Nucleus (leaf: 109) (text: ) (vein: [0, 2, 3, 4, 5, 8, 9, 10, 11, 12, 16, 17, 18, 19, 20, 21, 22, 23, 24, 27, 30, 37, 43, 52, 58, 66, 67, 68, 69, 72, 73, 75, 77, 79, 82, 88, 89, 90, 91, 92, 93, 94, 95, 96, 97, 98, 101, 102, 104, 106, 107, 109]) )
                                                                                                ( Sattelite (span: 110 117)
                                                                                                  ( Nucleus (leaf: 110) (text: ) (vein: [0, 2, 3, 4, 5, 8, 9, 10, 11, 12, 16, 17, 18, 19, 20, 21, 22, 23, 24, 27, 30, 37, 43, 52, 58, 66, 67, 68, 69, 72, 73, 75, 77, 79, 82, 88, 89, 90, 91, 92, 93, 94, 95, 96, 97, 98, 101, 102, 104, 106, 107, 109, 110]) )
                                                                                                  ( Sattelite (span: 111 117)
                                                                                                    ( Nucleus (leaf: 111) (text: ) (vein: [0, 2, 3, 4, 5, 8, 9, 10, 11, 12, 16, 17, 18, 19, 20, 21, 22, 23, 24, 27, 30, 37, 43, 52, 58, 66, 67, 68, 69, 72, 73, 75, 77, 79, 82, 88, 89, 90, 91, 92, 93, 94, 95, 96, 97, 98, 101, 102, 104, 106, 107, 109, 110, 111]) )
                                                                                                    ( Sattelite (span: 112 117)
                                                                                                      ( Nucleus (leaf: 112) (text: ) (vein: [0, 2, 3, 4, 5, 8, 9, 10, 11, 12, 16, 17, 18, 19, 20, 21, 22, 23, 24, 27, 30, 37, 43, 52, 58, 66, 67, 68, 69, 72, 73, 75, 77, 79, 82, 88, 89, 90, 91, 92, 93, 94, 95, 96, 97, 98, 101, 102, 104, 106, 107, 109, 110, 111, 112]) )
                                                                                                      ( Sattelite (span: 113 117)
                                                                                                        ( Nucleus (leaf: 113) (text: ) (vein: [0, 2, 3, 4, 5, 8, 9, 10, 11, 12, 16, 17, 18, 19, 20, 21, 22, 23, 24, 27, 30, 37, 43, 52, 58, 66, 67, 68, 69, 72, 73, 75, 77, 79, 82, 88, 89, 90, 91, 92, 93, 94, 95, 96, 97, 98, 101, 102, 104, 106, 107, 109, 110, 111, 112, 113]) )
                                                                                                        ( Sattelite (span: 114 117)
                                                                                                          ( Nucleus (span: 114 115)
                                                                                                            ( Nucleus (leaf: 114) (text: ) (vein: [0, 2, 3, 4, 5, 8, 9, 10, 11, 12, 16, 17, 18, 19, 20, 21, 22, 23, 24, 27, 30, 37, 43, 52, 58, 66, 67, 68, 69, 72, 73, 75, 77, 79, 82, 88, 89, 90, 91, 92, 93, 94, 95, 96, 97, 98, 101, 102, 104, 106, 107, 109, 110, 111, 112, 113, 114]) )
                                                                                                            ( Sattelite (leaf: 115) (text: ) (vein: [0, 2, 3, 4, 5, 8, 9, 10, 11, 12, 16, 17, 18, 19, 20, 21, 22, 23, 24, 27, 30, 37, 43, 52, 58, 66, 67, 68, 69, 72, 73, 75, 77, 79, 82, 88, 89, 90, 91, 92, 93, 94, 95, 96, 97, 98, 101, 102, 104, 106, 107, 109, 110, 111, 112, 113, 114, 115]) )
                                                                                                          )
                                                                                                          ( Sattelite (span: 116 117)
                                                                                                            ( Nucleus (leaf: 116) (text: ) (vein: [0, 2, 3, 4, 5, 8, 9, 10, 11, 12, 16, 17, 18, 19, 20, 21, 22, 23, 24, 27, 30, 37, 43, 52, 58, 66, 67, 68, 69, 72, 73, 75, 77, 79, 82, 88, 89, 90, 91, 92, 93, 94, 95, 96, 97, 98, 101, 102, 104, 106, 107, 109, 110, 111, 112, 113, 114, 116]) )
                                                                                                            ( Sattelite (leaf: 117) (text: I 'd bet my bottom . ) (vein: [0, 2, 3, 4, 5, 8, 9, 10, 11, 12, 16, 17, 18, 19, 20, 21, 22, 23, 24, 27, 30, 37, 43, 52, 58, 66, 67, 68, 69, 72, 73, 75, 77, 79, 82, 88, 89, 90, 91, 92, 93, 94, 95, 96, 97, 98, 101, 102, 104, 106, 107, 109, 110, 111, 112, 113, 114, 116, 117]) )
                                                                                                          )
                                                                                                        )
                                                                                                      )
                                                                                                    )
                                                                                                  )
                                                                                                )
                                                                                              )
                                                                                            )
                                                                                          )
                                                                                        )
                                                                                      )
                                                                                    )
                                                                                  )
                                                                                )
                                                                              )
                                                                            )
                                                                          )
                                                                        )
                                                                      )
                                                                    )
                                                                  )
                                                                )
                                                              )
                                                            )
                                                          )
                                                        )
                                                      )
                                                    )
                                                  )
                                                )
                                              )
                                            )
                                          )
                                        )
                                      )
                                    )
                                  )
                                )
                              )
                            )
                          )
                        )
                      )
                    )
                  )
                )
              )
            )
          )
        )
      )
    )
  )
)

