( Root (0 85 )
  ( Nucleus (span: 0 2)
    ( Nucleus (leaf: 0) (text: ) (vein: [0, 1, 2, 3]) )
    ( Nucleus (span: 1 2)
      ( Nucleus (leaf: 1) (text: ) (vein: [0, 1, 2, 3]) )
      ( Nucleus (leaf: 2) (text: ) (vein: [0, 1, 2, 3]) )
    )
  )
  ( Nucleus (span: 3 85)
    ( Nucleus (leaf: 3) (text: ) (vein: [0, 1, 2, 3]) )
    ( Sattelite (span: 4 85)
      ( Nucleus (span: 4 9)
        ( Nucleus (span: 4 6)
          ( Nucleus (leaf: 4) (text: ) (vein: [0, 1, 2, 3, 4, 5]) )
          ( Nucleus (span: 5 6)
            ( Nucleus (leaf: 5) (text: ) (vein: [0, 1, 2, 3, 4, 5]) )
            ( Sattelite (leaf: 6) (text: ) (vein: [0, 1, 2, 3, 4, 5, 6]) )
          )
        )
        ( Sattelite (span: 7 9)
          ( Nucleus (leaf: 7) (text: ) (vein: [0, 1, 2, 3, 4, 5, 7]) )
          ( Sattelite (span: 8 9)
            ( Nucleus (leaf: 8) (text: ) (vein: [0, 1, 2, 3, 4, 5, 7, 8, 9]) )
            ( Nucleus (leaf: 9) (text: ) (vein: [0, 1, 2, 3, 4, 5, 7, 8, 9]) )
          )
        )
      )
      ( Sattelite (span: 10 85)
        ( Nucleus (span: 10 12)
          ( Nucleus (leaf: 10) (text: ) (vein: [0, 1, 2, 3, 4, 5, 10]) )
          ( Sattelite (span: 11 12)
            ( Nucleus (leaf: 11) (text: ) (vein: [0, 1, 2, 3, 4, 5, 10, 11, 12]) )
            ( Nucleus (leaf: 12) (text: ) (vein: [0, 1, 2, 3, 4, 5, 10, 11, 12]) )
          )
        )
        ( Sattelite (span: 13 85)
          ( Nucleus (span: 13 15)
            ( Nucleus (leaf: 13) (text: ) (vein: [0, 1, 2, 3, 4, 5, 10, 13]) )
            ( Sattelite (span: 14 15)
              ( Nucleus (leaf: 14) (text: ) (vein: [0, 1, 2, 3, 4, 5, 10, 13, 14]) )
              ( Sattelite (leaf: 15) (text: ) (vein: [0, 1, 2, 3, 4, 5, 10, 13, 14, 15]) )
            )
          )
          ( Sattelite (span: 16 85)
            ( Nucleus (leaf: 16) (text: ) (vein: [0, 1, 2, 3, 4, 5, 10, 13, 16]) )
            ( Sattelite (span: 17 85)
              ( Nucleus (leaf: 17) (text: ) (vein: [0, 1, 2, 3, 4, 5, 10, 13, 16, 17]) )
              ( Sattelite (span: 18 85)
                ( Nucleus (span: 18 19)
                  ( Nucleus (leaf: 18) (text: ) (vein: [0, 1, 2, 3, 4, 5, 10, 13, 16, 17, 18]) )
                  ( Sattelite (leaf: 19) (text: ) (vein: [0, 1, 2, 3, 4, 5, 10, 13, 16, 17, 18, 19]) )
                )
                ( Sattelite (span: 20 85)
                  ( Nucleus (span: 20 23)
                    ( Nucleus (leaf: 20) (text: ) (vein: [0, 1, 2, 3, 4, 5, 10, 13, 16, 17, 18, 20]) )
                    ( Sattelite (span: 21 23)
                      ( Nucleus (leaf: 21) (text: ) (vein: [0, 1, 2, 3, 4, 5, 10, 13, 16, 17, 18, 20, 21]) )
                      ( Sattelite (span: 22 23)
                        ( Nucleus (leaf: 22) (text: ) (vein: [0, 1, 2, 3, 4, 5, 10, 13, 16, 17, 18, 20, 21, 22]) )
                        ( Sattelite (leaf: 23) (text: ) (vein: [0, 1, 2, 3, 4, 5, 10, 13, 16, 17, 18, 20, 21, 22, 23]) )
                      )
                    )
                  )
                  ( Sattelite (span: 24 85)
                    ( Nucleus (span: 24 30)
                      ( Nucleus (span: 24 26)
                        ( Sattelite (leaf: 24) (text: ) (vein: [0, 1, 2, 3, 4, 5, 10, 13, 16, 17, 18, 20, 24, 25, 26]) )
                        ( Nucleus (span: 25 26)
                          ( Nucleus (leaf: 25) (text: ) (vein: [0, 1, 2, 3, 4, 5, 10, 13, 16, 17, 18, 20, 24, 25, 26]) )
                          ( Nucleus (leaf: 26) (text: ) (vein: [0, 1, 2, 3, 4, 5, 10, 13, 16, 17, 18, 20, 24, 25, 26]) )
                        )
                      )
                      ( Sattelite (span: 27 30)
                        ( Nucleus (leaf: 27) (text: ) (vein: [0, 1, 2, 3, 4, 5, 10, 13, 16, 17, 18, 20, 25, 26, 27]) )
                        ( Sattelite (span: 28 30)
                          ( Nucleus (leaf: 28) (text: ) (vein: [0, 1, 2, 3, 4, 5, 10, 13, 16, 17, 18, 20, 25, 26, 27, 28, 29]) )
                          ( Nucleus (span: 29 30)
                            ( Nucleus (leaf: 29) (text: ) (vein: [0, 1, 2, 3, 4, 5, 10, 13, 16, 17, 18, 20, 25, 26, 27, 28, 29]) )
                            ( Sattelite (leaf: 30) (text: ) (vein: [0, 1, 2, 3, 4, 5, 10, 13, 16, 17, 18, 20, 25, 26, 27, 28, 29, 30]) )
                          )
                        )
                      )
                    )
                    ( Sattelite (span: 31 85)
                      ( Nucleus (span: 31 33)
                        ( Nucleus (span: 31 32)
                          ( Nucleus (leaf: 31) (text: ) (vein: [0, 1, 2, 3, 4, 5, 10, 13, 16, 17, 18, 20, 25, 26, 31, 32]) )
                          ( Nucleus (leaf: 32) (text: ) (vein: [0, 1, 2, 3, 4, 5, 10, 13, 16, 17, 18, 20, 25, 26, 31, 32]) )
                        )
                        ( Sattelite (leaf: 33) (text: ) (vein: [0, 1, 2, 3, 4, 5, 10, 13, 16, 17, 18, 20, 25, 26, 31, 32, 33]) )
                      )
                      ( Sattelite (span: 34 85)
                        ( Nucleus (span: 34 45)
                          ( Nucleus (leaf: 34) (text: ) (vein: [0, 1, 2, 3, 4, 5, 10, 13, 16, 17, 18, 20, 25, 26, 31, 32, 34, 35]) )
                          ( Nucleus (span: 35 45)
                            ( Nucleus (leaf: 35) (text: ) (vein: [0, 1, 2, 3, 4, 5, 10, 13, 16, 17, 18, 20, 25, 26, 31, 32, 34, 35]) )
                            ( Sattelite (span: 36 45)
                              ( Nucleus (span: 36 37)
                                ( Nucleus (leaf: 36) (text: ) (vein: [0, 1, 2, 3, 4, 5, 10, 13, 16, 17, 18, 20, 25, 26, 31, 32, 34, 35, 36]) )
                                ( Sattelite (leaf: 37) (text: ) (vein: [0, 1, 2, 3, 4, 5, 10, 13, 16, 17, 18, 20, 25, 26, 31, 32, 34, 35, 36, 37]) )
                              )
                              ( Sattelite (span: 38 45)
                                ( Nucleus (span: 38 40)
                                  ( Nucleus (leaf: 38) (text: ) (vein: [0, 1, 2, 3, 4, 5, 10, 13, 16, 17, 18, 20, 25, 26, 31, 32, 34, 35, 36, 38]) )
                                  ( Sattelite (span: 39 40)
                                    ( Nucleus (leaf: 39) (text: ) (vein: [0, 1, 2, 3, 4, 5, 10, 13, 16, 17, 18, 20, 25, 26, 31, 32, 34, 35, 36, 38, 39, 40]) )
                                    ( Nucleus (leaf: 40) (text: ) (vein: [0, 1, 2, 3, 4, 5, 10, 13, 16, 17, 18, 20, 25, 26, 31, 32, 34, 35, 36, 38, 39, 40]) )
                                  )
                                )
                                ( Sattelite (span: 41 45)
                                  ( Nucleus (span: 41 44)
                                    ( Nucleus (leaf: 41) (text: ) (vein: [0, 1, 2, 3, 4, 5, 10, 13, 16, 17, 18, 20, 25, 26, 31, 32, 34, 35, 36, 38, 41]) )
                                    ( Sattelite (span: 42 44)
                                      ( Nucleus (leaf: 42) (text: ) (vein: [0, 1, 2, 3, 4, 5, 10, 13, 16, 17, 18, 20, 25, 26, 31, 32, 34, 35, 36, 38, 41, 42, 43]) )
                                      ( Nucleus (span: 43 44)
                                        ( Nucleus (leaf: 43) (text: ) (vein: [0, 1, 2, 3, 4, 5, 10, 13, 16, 17, 18, 20, 25, 26, 31, 32, 34, 35, 36, 38, 41, 42, 43]) )
                                        ( Sattelite (leaf: 44) (text: ) (vein: [0, 1, 2, 3, 4, 5, 10, 13, 16, 17, 18, 20, 25, 26, 31, 32, 34, 35, 36, 38, 41, 42, 43, 44]) )
                                      )
                                    )
                                  )
                                  ( Sattelite (leaf: 45) (text: ) (vein: [0, 1, 2, 3, 4, 5, 10, 13, 16, 17, 18, 20, 25, 26, 31, 32, 34, 35, 36, 38, 41, 45]) )
                                )
                              )
                            )
                          )
                        )
                        ( Sattelite (span: 46 85)
                          ( Nucleus (leaf: 46) (text: ) (vein: [0, 1, 2, 3, 4, 5, 10, 13, 16, 17, 18, 20, 25, 26, 31, 32, 34, 35, 46]) )
                          ( Sattelite (span: 47 85)
                            ( Nucleus (span: 47 52)
                              ( Sattelite (leaf: 47) (text: ) (vein: [0, 1, 2, 3, 4, 5, 10, 13, 16, 17, 18, 20, 25, 26, 31, 32, 34, 35, 46, 47, 48]) )
                              ( Nucleus (span: 48 52)
                                ( Nucleus (leaf: 48) (text: ) (vein: [0, 1, 2, 3, 4, 5, 10, 13, 16, 17, 18, 20, 25, 26, 31, 32, 34, 35, 46, 47, 48]) )
                                ( Sattelite (span: 49 52)
                                  ( Nucleus (leaf: 49) (text: ) (vein: [0, 1, 2, 3, 4, 5, 10, 13, 16, 17, 18, 20, 25, 26, 31, 32, 34, 35, 46, 48, 49]) )
                                  ( Sattelite (span: 50 52)
                                    ( Nucleus (leaf: 50) (text: ) (vein: [0, 1, 2, 3, 4, 5, 10, 13, 16, 17, 18, 20, 25, 26, 31, 32, 34, 35, 46, 48, 49, 50, 51]) )
                                    ( Nucleus (span: 51 52)
                                      ( Nucleus (leaf: 51) (text: ) (vein: [0, 1, 2, 3, 4, 5, 10, 13, 16, 17, 18, 20, 25, 26, 31, 32, 34, 35, 46, 48, 49, 50, 51]) )
                                      ( Sattelite (leaf: 52) (text: ) (vein: [0, 1, 2, 3, 4, 5, 10, 13, 16, 17, 18, 20, 25, 26, 31, 32, 34, 35, 46, 48, 49, 50, 51, 52]) )
                                    )
                                  )
                                )
                              )
                            )
                            ( Sattelite (span: 53 85)
                              ( Nucleus (span: 53 54)
                                ( Nucleus (leaf: 53) (text: ) (vein: [0, 1, 2, 3, 4, 5, 10, 13, 16, 17, 18, 20, 25, 26, 31, 32, 34, 35, 46, 48, 53]) )
                                ( Sattelite (leaf: 54) (text: ) (vein: [0, 1, 2, 3, 4, 5, 10, 13, 16, 17, 18, 20, 25, 26, 31, 32, 34, 35, 46, 48, 53, 54]) )
                              )
                              ( Sattelite (span: 55 85)
                                ( Nucleus (span: 55 56)
                                  ( Nucleus (leaf: 55) (text: ) (vein: [0, 1, 2, 3, 4, 5, 10, 13, 16, 17, 18, 20, 25, 26, 31, 32, 34, 35, 46, 48, 53, 55]) )
                                  ( Sattelite (leaf: 56) (text: ) (vein: [0, 1, 2, 3, 4, 5, 10, 13, 16, 17, 18, 20, 25, 26, 31, 32, 34, 35, 46, 48, 53, 55, 56]) )
                                )
                                ( Sattelite (span: 57 85)
                                  ( Nucleus (span: 57 58)
                                    ( Nucleus (leaf: 57) (text: ) (vein: [0, 1, 2, 3, 4, 5, 10, 13, 16, 17, 18, 20, 25, 26, 31, 32, 34, 35, 46, 48, 53, 55, 57]) )
                                    ( Sattelite (leaf: 58) (text: ) (vein: [0, 1, 2, 3, 4, 5, 10, 13, 16, 17, 18, 20, 25, 26, 31, 32, 34, 35, 46, 48, 53, 55, 57, 58]) )
                                  )
                                  ( Sattelite (span: 59 85)
                                    ( Nucleus (span: 59 67)
                                      ( Nucleus (leaf: 59) (text: ) (vein: [0, 1, 2, 3, 4, 5, 10, 13, 16, 17, 18, 20, 25, 26, 31, 32, 34, 35, 46, 48, 53, 55, 57, 59, 63]) )
                                      ( Nucleus (span: 60 67)
                                        ( Sattelite (span: 60 62)
                                          ( Nucleus (leaf: 60) (text: ) (vein: [0, 1, 2, 3, 4, 5, 10, 13, 16, 17, 18, 20, 25, 26, 31, 32, 34, 35, 46, 48, 53, 55, 57, 59, 60, 63]) )
                                          ( Sattelite (span: 61 62)
                                            ( Nucleus (leaf: 61) (text: ) (vein: [0, 1, 2, 3, 4, 5, 10, 13, 16, 17, 18, 20, 25, 26, 31, 32, 34, 35, 46, 48, 53, 55, 57, 59, 60, 61, 63]) )
                                            ( Sattelite (leaf: 62) (text: ) (vein: [0, 1, 2, 3, 4, 5, 10, 13, 16, 17, 18, 20, 25, 26, 31, 32, 34, 35, 46, 48, 53, 55, 57, 59, 60, 61, 62, 63]) )
                                          )
                                        )
                                        ( Nucleus (span: 63 67)
                                          ( Nucleus (span: 63 66)
                                            ( Nucleus (leaf: 63) (text: ) (vein: [0, 1, 2, 3, 4, 5, 10, 13, 16, 17, 18, 20, 25, 26, 31, 32, 34, 35, 46, 48, 53, 55, 57, 59, 60, 63]) )
                                            ( Sattelite (span: 64 66)
                                              ( Nucleus (leaf: 64) (text: ) (vein: [0, 1, 2, 3, 4, 5, 10, 13, 16, 17, 18, 20, 25, 26, 31, 32, 34, 35, 46, 48, 53, 55, 57, 59, 63, 64]) )
                                              ( Sattelite (span: 65 66)
                                                ( Nucleus (leaf: 65) (text: ) (vein: [0, 1, 2, 3, 4, 5, 10, 13, 16, 17, 18, 20, 25, 26, 31, 32, 34, 35, 46, 48, 53, 55, 57, 59, 63, 64, 65]) )
                                                ( Sattelite (leaf: 66) (text: ) (vein: [0, 1, 2, 3, 4, 5, 10, 13, 16, 17, 18, 20, 25, 26, 31, 32, 34, 35, 46, 48, 53, 55, 57, 59, 63, 64, 65, 66]) )
                                              )
                                            )
                                          )
                                          ( Sattelite (leaf: 67) (text: ) (vein: [0, 1, 2, 3, 4, 5, 10, 13, 16, 17, 18, 20, 25, 26, 31, 32, 34, 35, 46, 48, 53, 55, 57, 59, 63, 67]) )
                                        )
                                      )
                                    )
                                    ( Sattelite (span: 68 85)
                                      ( Nucleus (span: 68 69)
                                        ( Nucleus (leaf: 68) (text: ) (vein: [0, 1, 2, 3, 4, 5, 10, 13, 16, 17, 18, 20, 25, 26, 31, 32, 34, 35, 46, 48, 53, 55, 57, 59, 63, 68]) )
                                        ( Sattelite (leaf: 69) (text: ) (vein: [0, 1, 2, 3, 4, 5, 10, 13, 16, 17, 18, 20, 25, 26, 31, 32, 34, 35, 46, 48, 53, 55, 57, 59, 63, 68, 69]) )
                                      )
                                      ( Sattelite (span: 70 85)
                                        ( Nucleus (span: 70 74)
                                          ( Sattelite (leaf: 70) (text: ) (vein: [0, 1, 2, 3, 4, 5, 10, 13, 16, 17, 18, 20, 25, 26, 31, 32, 34, 35, 46, 48, 53, 55, 57, 59, 63, 68, 70, 71, 72, 74]) )
                                          ( Nucleus (span: 71 74)
                                            ( Nucleus (span: 71 72)
                                              ( Nucleus (leaf: 71) (text: ) (vein: [0, 1, 2, 3, 4, 5, 10, 13, 16, 17, 18, 20, 25, 26, 31, 32, 34, 35, 46, 48, 53, 55, 57, 59, 63, 68, 70, 71, 72, 74]) )
                                              ( Nucleus (leaf: 72) (text: ) (vein: [0, 1, 2, 3, 4, 5, 10, 13, 16, 17, 18, 20, 25, 26, 31, 32, 34, 35, 46, 48, 53, 55, 57, 59, 63, 68, 70, 71, 72, 74]) )
                                            )
                                            ( Nucleus (span: 73 74)
                                              ( Sattelite (leaf: 73) (text: ) (vein: [0, 1, 2, 3, 4, 5, 10, 13, 16, 17, 18, 20, 25, 26, 31, 32, 34, 35, 46, 48, 53, 55, 57, 59, 63, 68, 70, 71, 72, 73, 74]) )
                                              ( Nucleus (leaf: 74) (text: ) (vein: [0, 1, 2, 3, 4, 5, 10, 13, 16, 17, 18, 20, 25, 26, 31, 32, 34, 35, 46, 48, 53, 55, 57, 59, 63, 68, 70, 71, 72, 73, 74]) )
                                            )
                                          )
                                        )
                                        ( Sattelite (span: 75 85)
                                          ( Nucleus (leaf: 75) (text: ) (vein: [0, 1, 2, 3, 4, 5, 10, 13, 16, 17, 18, 20, 25, 26, 31, 32, 34, 35, 46, 48, 53, 55, 57, 59, 63, 68, 71, 72, 74, 75]) )
                                          ( Sattelite (span: 76 85)
                                            ( Nucleus (span: 76 80)
                                              ( Nucleus (span: 76 78)
                                                ( Nucleus (leaf: 76) (text: ) (vein: [0, 1, 2, 3, 4, 5, 10, 13, 16, 17, 18, 20, 25, 26, 31, 32, 34, 35, 46, 48, 53, 55, 57, 59, 63, 68, 71, 72, 74, 75, 76, 79]) )
                                                ( Sattelite (span: 77 78)
                                                  ( Nucleus (leaf: 77) (text: ) (vein: [0, 1, 2, 3, 4, 5, 10, 13, 16, 17, 18, 20, 25, 26, 31, 32, 34, 35, 46, 48, 53, 55, 57, 59, 63, 68, 71, 72, 74, 75, 76, 77, 79]) )
                                                  ( Sattelite (leaf: 78) (text: ) (vein: [0, 1, 2, 3, 4, 5, 10, 13, 16, 17, 18, 20, 25, 26, 31, 32, 34, 35, 46, 48, 53, 55, 57, 59, 63, 68, 71, 72, 74, 75, 76, 77, 78, 79]) )
                                                )
                                              )
                                              ( Nucleus (span: 79 80)
                                                ( Nucleus (leaf: 79) (text: ) (vein: [0, 1, 2, 3, 4, 5, 10, 13, 16, 17, 18, 20, 25, 26, 31, 32, 34, 35, 46, 48, 53, 55, 57, 59, 63, 68, 71, 72, 74, 75, 76, 79]) )
                                                ( Sattelite (leaf: 80) (text: ) (vein: [0, 1, 2, 3, 4, 5, 10, 13, 16, 17, 18, 20, 25, 26, 31, 32, 34, 35, 46, 48, 53, 55, 57, 59, 63, 68, 71, 72, 74, 75, 76, 79, 80]) )
                                              )
                                            )
                                            ( Sattelite (span: 81 85)
                                              ( Nucleus (span: 81 83)
                                                ( Nucleus (span: 81 82)
                                                  ( Nucleus (leaf: 81) (text: ) (vein: [0, 1, 2, 3, 4, 5, 10, 13, 16, 17, 18, 20, 25, 26, 31, 32, 34, 35, 46, 48, 53, 55, 57, 59, 63, 68, 71, 72, 74, 75, 76, 79, 81, 82]) )
                                                  ( Nucleus (leaf: 82) (text: ) (vein: [0, 1, 2, 3, 4, 5, 10, 13, 16, 17, 18, 20, 25, 26, 31, 32, 34, 35, 46, 48, 53, 55, 57, 59, 63, 68, 71, 72, 74, 75, 76, 79, 81, 82]) )
                                                )
                                                ( Sattelite (leaf: 83) (text: ) (vein: [0, 1, 2, 3, 4, 5, 10, 13, 16, 17, 18, 20, 25, 26, 31, 32, 34, 35, 46, 48, 53, 55, 57, 59, 63, 68, 71, 72, 74, 75, 76, 79, 81, 82, 83]) )
                                              )
                                              ( Sattelite (span: 84 85)
                                                ( Nucleus (leaf: 84) (text: ) (vein: [0, 1, 2, 3, 4, 5, 10, 13, 16, 17, 18, 20, 25, 26, 31, 32, 34, 35, 46, 48, 53, 55, 57, 59, 63, 68, 71, 72, 74, 75, 76, 79, 81, 82, 84]) )
                                                ( Sattelite (leaf: 85) (text: Rick Troth > , Rice University , Information Systems ) (vein: [0, 1, 2, 3, 4, 5, 10, 13, 16, 17, 18, 20, 25, 26, 31, 32, 34, 35, 46, 48, 53, 55, 57, 59, 63, 68, 71, 72, 74, 75, 76, 79, 81, 82, 84, 85]) )
                                              )
                                            )
                                          )
                                        )
                                      )
                                    )
                                  )
                                )
                              )
                            )
                          )
                        )
                      )
                    )
                  )
                )
              )
            )
          )
        )
      )
    )
  )
)

