( Root (0 70 )
  ( Nucleus (leaf: 0) (text: ) (vein: [0, 1]) )
  ( Nucleus (span: 1 70)
    ( Nucleus (leaf: 1) (text: ) (vein: [0, 1]) )
    ( Sattelite (span: 2 70)
      ( Nucleus (span: 2 4)
        ( Nucleus (leaf: 2) (text: ) (vein: [0, 1, 2]) )
        ( Sattelite (span: 3 4)
          ( Nucleus (leaf: 3) (text: ) (vein: [0, 1, 2, 3]) )
          ( Sattelite (leaf: 4) (text: ) (vein: [0, 1, 2, 3, 4]) )
        )
      )
      ( Sattelite (span: 5 70)
        ( Nucleus (leaf: 5) (text: ) (vein: [0, 1, 2, 5]) )
        ( Sattelite (span: 6 70)
          ( Nucleus (span: 6 7)
            ( Nucleus (leaf: 6) (text: ) (vein: [0, 1, 2, 5, 6]) )
            ( Sattelite (leaf: 7) (text: ) (vein: [0, 1, 2, 5, 6, 7]) )
          )
          ( Sattelite (span: 8 70)
            ( Nucleus (leaf: 8) (text: ) (vein: [0, 1, 2, 5, 6, 8]) )
            ( Sattelite (span: 9 70)
              ( Nucleus (leaf: 9) (text: ) (vein: [0, 1, 2, 5, 6, 8, 9]) )
              ( Sattelite (span: 10 70)
                ( Nucleus (span: 10 14)
                  ( Nucleus (span: 10 12)
                    ( Nucleus (span: 10 11)
                      ( Nucleus (leaf: 10) (text: ) (vein: [0, 1, 2, 5, 6, 8, 9, 10, 13]) )
                      ( Sattelite (leaf: 11) (text: ) (vein: [0, 1, 2, 5, 6, 8, 9, 10, 11, 13]) )
                    )
                    ( Sattelite (leaf: 12) (text: ) (vein: [0, 1, 2, 5, 6, 8, 9, 10, 12, 13]) )
                  )
                  ( Nucleus (span: 13 14)
                    ( Nucleus (leaf: 13) (text: ) (vein: [0, 1, 2, 5, 6, 8, 9, 10, 13]) )
                    ( Sattelite (leaf: 14) (text: ) (vein: [0, 1, 2, 5, 6, 8, 9, 10, 13, 14]) )
                  )
                )
                ( Sattelite (span: 15 70)
                  ( Nucleus (leaf: 15) (text: ) (vein: [0, 1, 2, 5, 6, 8, 9, 10, 13, 15]) )
                  ( Sattelite (span: 16 70)
                    ( Nucleus (span: 16 17)
                      ( Nucleus (leaf: 16) (text: ) (vein: [0, 1, 2, 5, 6, 8, 9, 10, 13, 15, 16]) )
                      ( Sattelite (leaf: 17) (text: ) (vein: [0, 1, 2, 5, 6, 8, 9, 10, 13, 15, 16, 17]) )
                    )
                    ( Sattelite (span: 18 70)
                      ( Nucleus (span: 18 19)
                        ( Nucleus (leaf: 18) (text: ) (vein: [0, 1, 2, 5, 6, 8, 9, 10, 13, 15, 16, 18]) )
                        ( Sattelite (leaf: 19) (text: ) (vein: [0, 1, 2, 5, 6, 8, 9, 10, 13, 15, 16, 18, 19]) )
                      )
                      ( Sattelite (span: 20 70)
                        ( Nucleus (span: 20 24)
                          ( Nucleus (leaf: 20) (text: ) (vein: [0, 1, 2, 5, 6, 8, 9, 10, 13, 15, 16, 18, 20]) )
                          ( Sattelite (span: 21 24)
                            ( Nucleus (leaf: 21) (text: ) (vein: [0, 1, 2, 5, 6, 8, 9, 10, 13, 15, 16, 18, 20, 21]) )
                            ( Sattelite (span: 22 24)
                              ( Nucleus (span: 22 23)
                                ( Nucleus (leaf: 22) (text: ) (vein: [0, 1, 2, 5, 6, 8, 9, 10, 13, 15, 16, 18, 20, 21, 22, 23]) )
                                ( Nucleus (leaf: 23) (text: ) (vein: [0, 1, 2, 5, 6, 8, 9, 10, 13, 15, 16, 18, 20, 21, 22, 23]) )
                              )
                              ( Sattelite (leaf: 24) (text: ) (vein: [0, 1, 2, 5, 6, 8, 9, 10, 13, 15, 16, 18, 20, 21, 22, 23, 24]) )
                            )
                          )
                        )
                        ( Sattelite (span: 25 70)
                          ( Nucleus (span: 25 26)
                            ( Nucleus (leaf: 25) (text: ) (vein: [0, 1, 2, 5, 6, 8, 9, 10, 13, 15, 16, 18, 20, 25]) )
                            ( Sattelite (leaf: 26) (text: ) (vein: [0, 1, 2, 5, 6, 8, 9, 10, 13, 15, 16, 18, 20, 25, 26]) )
                          )
                          ( Sattelite (span: 27 70)
                            ( Nucleus (leaf: 27) (text: ) (vein: [0, 1, 2, 5, 6, 8, 9, 10, 13, 15, 16, 18, 20, 25, 27]) )
                            ( Sattelite (span: 28 70)
                              ( Nucleus (leaf: 28) (text: ) (vein: [0, 1, 2, 5, 6, 8, 9, 10, 13, 15, 16, 18, 20, 25, 27, 28]) )
                              ( Sattelite (span: 29 70)
                                ( Nucleus (leaf: 29) (text: ) (vein: [0, 1, 2, 5, 6, 8, 9, 10, 13, 15, 16, 18, 20, 25, 27, 28, 29]) )
                                ( Sattelite (span: 30 70)
                                  ( Nucleus (leaf: 30) (text: ) (vein: [0, 1, 2, 5, 6, 8, 9, 10, 13, 15, 16, 18, 20, 25, 27, 28, 29, 30]) )
                                  ( Sattelite (span: 31 70)
                                    ( Nucleus (leaf: 31) (text: ) (vein: [0, 1, 2, 5, 6, 8, 9, 10, 13, 15, 16, 18, 20, 25, 27, 28, 29, 30, 31]) )
                                    ( Sattelite (span: 32 70)
                                      ( Nucleus (leaf: 32) (text: ) (vein: [0, 1, 2, 5, 6, 8, 9, 10, 13, 15, 16, 18, 20, 25, 27, 28, 29, 30, 31, 32]) )
                                      ( Sattelite (span: 33 70)
                                        ( Nucleus (leaf: 33) (text: ) (vein: [0, 1, 2, 5, 6, 8, 9, 10, 13, 15, 16, 18, 20, 25, 27, 28, 29, 30, 31, 32, 33]) )
                                        ( Sattelite (span: 34 70)
                                          ( Nucleus (leaf: 34) (text: ) (vein: [0, 1, 2, 5, 6, 8, 9, 10, 13, 15, 16, 18, 20, 25, 27, 28, 29, 30, 31, 32, 33, 34]) )
                                          ( Sattelite (span: 35 70)
                                            ( Nucleus (leaf: 35) (text: ) (vein: [0, 1, 2, 5, 6, 8, 9, 10, 13, 15, 16, 18, 20, 25, 27, 28, 29, 30, 31, 32, 33, 34, 35]) )
                                            ( Sattelite (span: 36 70)
                                              ( Nucleus (span: 36 38)
                                                ( Nucleus (leaf: 36) (text: ) (vein: [0, 1, 2, 5, 6, 8, 9, 10, 13, 15, 16, 18, 20, 25, 27, 28, 29, 30, 31, 32, 33, 34, 35, 36]) )
                                                ( Sattelite (span: 37 38)
                                                  ( Nucleus (leaf: 37) (text: ) (vein: [0, 1, 2, 5, 6, 8, 9, 10, 13, 15, 16, 18, 20, 25, 27, 28, 29, 30, 31, 32, 33, 34, 35, 36, 37]) )
                                                  ( Sattelite (leaf: 38) (text: ) (vein: [0, 1, 2, 5, 6, 8, 9, 10, 13, 15, 16, 18, 20, 25, 27, 28, 29, 30, 31, 32, 33, 34, 35, 36, 37, 38]) )
                                                )
                                              )
                                              ( Sattelite (span: 39 70)
                                                ( Nucleus (leaf: 39) (text: ) (vein: [0, 1, 2, 5, 6, 8, 9, 10, 13, 15, 16, 18, 20, 25, 27, 28, 29, 30, 31, 32, 33, 34, 35, 36, 39]) )
                                                ( Sattelite (span: 40 70)
                                                  ( Nucleus (leaf: 40) (text: ) (vein: [0, 1, 2, 5, 6, 8, 9, 10, 13, 15, 16, 18, 20, 25, 27, 28, 29, 30, 31, 32, 33, 34, 35, 36, 39, 40]) )
                                                  ( Sattelite (span: 41 70)
                                                    ( Nucleus (leaf: 41) (text: ) (vein: [0, 1, 2, 5, 6, 8, 9, 10, 13, 15, 16, 18, 20, 25, 27, 28, 29, 30, 31, 32, 33, 34, 35, 36, 39, 40, 41]) )
                                                    ( Sattelite (span: 42 70)
                                                      ( Nucleus (leaf: 42) (text: ) (vein: [0, 1, 2, 5, 6, 8, 9, 10, 13, 15, 16, 18, 20, 25, 27, 28, 29, 30, 31, 32, 33, 34, 35, 36, 39, 40, 41, 42]) )
                                                      ( Sattelite (span: 43 70)
                                                        ( Nucleus (leaf: 43) (text: ) (vein: [0, 1, 2, 5, 6, 8, 9, 10, 13, 15, 16, 18, 20, 25, 27, 28, 29, 30, 31, 32, 33, 34, 35, 36, 39, 40, 41, 42, 43]) )
                                                        ( Sattelite (span: 44 70)
                                                          ( Nucleus (span: 44 46)
                                                            ( Nucleus (span: 44 45)
                                                              ( Sattelite (leaf: 44) (text: ) (vein: [0, 1, 2, 5, 6, 8, 9, 10, 13, 15, 16, 18, 20, 25, 27, 28, 29, 30, 31, 32, 33, 34, 35, 36, 39, 40, 41, 42, 43, 44, 45]) )
                                                              ( Nucleus (leaf: 45) (text: ) (vein: [0, 1, 2, 5, 6, 8, 9, 10, 13, 15, 16, 18, 20, 25, 27, 28, 29, 30, 31, 32, 33, 34, 35, 36, 39, 40, 41, 42, 43, 44, 45]) )
                                                            )
                                                            ( Sattelite (leaf: 46) (text: ) (vein: [0, 1, 2, 5, 6, 8, 9, 10, 13, 15, 16, 18, 20, 25, 27, 28, 29, 30, 31, 32, 33, 34, 35, 36, 39, 40, 41, 42, 43, 45, 46]) )
                                                          )
                                                          ( Sattelite (span: 47 70)
                                                            ( Nucleus (span: 47 53)
                                                              ( Nucleus (leaf: 47) (text: ) (vein: [0, 1, 2, 5, 6, 8, 9, 10, 13, 15, 16, 18, 20, 25, 27, 28, 29, 30, 31, 32, 33, 34, 35, 36, 39, 40, 41, 42, 43, 45, 47]) )
                                                              ( Sattelite (span: 48 53)
                                                                ( Nucleus (leaf: 48) (text: ) (vein: [0, 1, 2, 5, 6, 8, 9, 10, 13, 15, 16, 18, 20, 25, 27, 28, 29, 30, 31, 32, 33, 34, 35, 36, 39, 40, 41, 42, 43, 45, 47, 48]) )
                                                                ( Sattelite (span: 49 53)
                                                                  ( Nucleus (span: 49 51)
                                                                    ( Nucleus (leaf: 49) (text: ) (vein: [0, 1, 2, 5, 6, 8, 9, 10, 13, 15, 16, 18, 20, 25, 27, 28, 29, 30, 31, 32, 33, 34, 35, 36, 39, 40, 41, 42, 43, 45, 47, 48, 49, 50]) )
                                                                    ( Nucleus (span: 50 51)
                                                                      ( Nucleus (leaf: 50) (text: ) (vein: [0, 1, 2, 5, 6, 8, 9, 10, 13, 15, 16, 18, 20, 25, 27, 28, 29, 30, 31, 32, 33, 34, 35, 36, 39, 40, 41, 42, 43, 45, 47, 48, 49, 50]) )
                                                                      ( Sattelite (leaf: 51) (text: ) (vein: [0, 1, 2, 5, 6, 8, 9, 10, 13, 15, 16, 18, 20, 25, 27, 28, 29, 30, 31, 32, 33, 34, 35, 36, 39, 40, 41, 42, 43, 45, 47, 48, 49, 50, 51]) )
                                                                    )
                                                                  )
                                                                  ( Sattelite (span: 52 53)
                                                                    ( Nucleus (leaf: 52) (text: ) (vein: [0, 1, 2, 5, 6, 8, 9, 10, 13, 15, 16, 18, 20, 25, 27, 28, 29, 30, 31, 32, 33, 34, 35, 36, 39, 40, 41, 42, 43, 45, 47, 48, 49, 50, 52]) )
                                                                    ( Sattelite (leaf: 53) (text: ) (vein: [0, 1, 2, 5, 6, 8, 9, 10, 13, 15, 16, 18, 20, 25, 27, 28, 29, 30, 31, 32, 33, 34, 35, 36, 39, 40, 41, 42, 43, 45, 47, 48, 49, 50, 52, 53]) )
                                                                  )
                                                                )
                                                              )
                                                            )
                                                            ( Sattelite (span: 54 70)
                                                              ( Nucleus (leaf: 54) (text: ) (vein: [0, 1, 2, 5, 6, 8, 9, 10, 13, 15, 16, 18, 20, 25, 27, 28, 29, 30, 31, 32, 33, 34, 35, 36, 39, 40, 41, 42, 43, 45, 47, 54]) )
                                                              ( Sattelite (span: 55 70)
                                                                ( Nucleus (span: 55 56)
                                                                  ( Nucleus (leaf: 55) (text: ) (vein: [0, 1, 2, 5, 6, 8, 9, 10, 13, 15, 16, 18, 20, 25, 27, 28, 29, 30, 31, 32, 33, 34, 35, 36, 39, 40, 41, 42, 43, 45, 47, 54, 55]) )
                                                                  ( Sattelite (leaf: 56) (text: ) (vein: [0, 1, 2, 5, 6, 8, 9, 10, 13, 15, 16, 18, 20, 25, 27, 28, 29, 30, 31, 32, 33, 34, 35, 36, 39, 40, 41, 42, 43, 45, 47, 54, 55, 56]) )
                                                                )
                                                                ( Sattelite (span: 57 70)
                                                                  ( Nucleus (span: 57 62)
                                                                    ( Sattelite (leaf: 57) (text: ) (vein: [0, 1, 2, 5, 6, 8, 9, 10, 13, 15, 16, 18, 20, 25, 27, 28, 29, 30, 31, 32, 33, 34, 35, 36, 39, 40, 41, 42, 43, 45, 47, 54, 55, 57, 58, 59]) )
                                                                    ( Nucleus (span: 58 62)
                                                                      ( Nucleus (span: 58 59)
                                                                        ( Nucleus (leaf: 58) (text: ) (vein: [0, 1, 2, 5, 6, 8, 9, 10, 13, 15, 16, 18, 20, 25, 27, 28, 29, 30, 31, 32, 33, 34, 35, 36, 39, 40, 41, 42, 43, 45, 47, 54, 55, 57, 58, 59]) )
                                                                        ( Nucleus (leaf: 59) (text: ) (vein: [0, 1, 2, 5, 6, 8, 9, 10, 13, 15, 16, 18, 20, 25, 27, 28, 29, 30, 31, 32, 33, 34, 35, 36, 39, 40, 41, 42, 43, 45, 47, 54, 55, 57, 58, 59]) )
                                                                      )
                                                                      ( Sattelite (span: 60 62)
                                                                        ( Nucleus (leaf: 60) (text: ) (vein: [0, 1, 2, 5, 6, 8, 9, 10, 13, 15, 16, 18, 20, 25, 27, 28, 29, 30, 31, 32, 33, 34, 35, 36, 39, 40, 41, 42, 43, 45, 47, 54, 55, 58, 59, 60]) )
                                                                        ( Sattelite (span: 61 62)
                                                                          ( Nucleus (leaf: 61) (text: ) (vein: [0, 1, 2, 5, 6, 8, 9, 10, 13, 15, 16, 18, 20, 25, 27, 28, 29, 30, 31, 32, 33, 34, 35, 36, 39, 40, 41, 42, 43, 45, 47, 54, 55, 58, 59, 60, 61]) )
                                                                          ( Sattelite (leaf: 62) (text: ) (vein: [0, 1, 2, 5, 6, 8, 9, 10, 13, 15, 16, 18, 20, 25, 27, 28, 29, 30, 31, 32, 33, 34, 35, 36, 39, 40, 41, 42, 43, 45, 47, 54, 55, 58, 59, 60, 61, 62]) )
                                                                        )
                                                                      )
                                                                    )
                                                                  )
                                                                  ( Sattelite (span: 63 70)
                                                                    ( Nucleus (span: 63 69)
                                                                      ( Sattelite (span: 63 64)
                                                                        ( Nucleus (leaf: 63) (text: ) (vein: [0, 1, 2, 5, 6, 8, 9, 10, 13, 15, 16, 18, 20, 25, 27, 28, 29, 30, 31, 32, 33, 34, 35, 36, 39, 40, 41, 42, 43, 45, 47, 54, 55, 58, 59, 63, 66, 67, 68]) )
                                                                        ( Sattelite (leaf: 64) (text: ) (vein: [0, 1, 2, 5, 6, 8, 9, 10, 13, 15, 16, 18, 20, 25, 27, 28, 29, 30, 31, 32, 33, 34, 35, 36, 39, 40, 41, 42, 43, 45, 47, 54, 55, 58, 59, 63, 64, 66, 67, 68]) )
                                                                      )
                                                                      ( Nucleus (span: 65 69)
                                                                        ( Nucleus (span: 65 66)
                                                                          ( Sattelite (leaf: 65) (text: ) (vein: [0, 1, 2, 5, 6, 8, 9, 10, 13, 15, 16, 18, 20, 25, 27, 28, 29, 30, 31, 32, 33, 34, 35, 36, 39, 40, 41, 42, 43, 45, 47, 54, 55, 58, 59, 63, 65, 66, 67, 68]) )
                                                                          ( Nucleus (leaf: 66) (text: ) (vein: [0, 1, 2, 5, 6, 8, 9, 10, 13, 15, 16, 18, 20, 25, 27, 28, 29, 30, 31, 32, 33, 34, 35, 36, 39, 40, 41, 42, 43, 45, 47, 54, 55, 58, 59, 63, 65, 66, 67, 68]) )
                                                                        )
                                                                        ( Nucleus (span: 67 69)
                                                                          ( Nucleus (leaf: 67) (text: ) (vein: [0, 1, 2, 5, 6, 8, 9, 10, 13, 15, 16, 18, 20, 25, 27, 28, 29, 30, 31, 32, 33, 34, 35, 36, 39, 40, 41, 42, 43, 45, 47, 54, 55, 58, 59, 63, 66, 67, 68]) )
                                                                          ( Nucleus (span: 68 69)
                                                                            ( Nucleus (leaf: 68) (text: ) (vein: [0, 1, 2, 5, 6, 8, 9, 10, 13, 15, 16, 18, 20, 25, 27, 28, 29, 30, 31, 32, 33, 34, 35, 36, 39, 40, 41, 42, 43, 45, 47, 54, 55, 58, 59, 63, 66, 67, 68]) )
                                                                            ( Sattelite (leaf: 69) (text: ) (vein: [0, 1, 2, 5, 6, 8, 9, 10, 13, 15, 16, 18, 20, 25, 27, 28, 29, 30, 31, 32, 33, 34, 35, 36, 39, 40, 41, 42, 43, 45, 47, 54, 55, 58, 59, 66, 67, 68, 69]) )
                                                                          )
                                                                        )
                                                                      )
                                                                    )
                                                                    ( Sattelite (leaf: 70) (text: -- Dave Raggett > tel : + 1 ( 617 ) 258 5741 fax : + 1 ( 617 ) 258 5999 World Wide Web Consortium , 545 Technology Square , Cambridge , MA 02139 url = http://www.w3.org/People/Raggett ) (vein: [0, 1, 2, 5, 6, 8, 9, 10, 13, 15, 16, 18, 20, 25, 27, 28, 29, 30, 31, 32, 33, 34, 35, 36, 39, 40, 41, 42, 43, 45, 47, 54, 55, 58, 59, 66, 67, 68, 70]) )
                                                                  )
                                                                )
                                                              )
                                                            )
                                                          )
                                                        )
                                                      )
                                                    )
                                                  )
                                                )
                                              )
                                            )
                                          )
                                        )
                                      )
                                    )
                                  )
                                )
                              )
                            )
                          )
                        )
                      )
                    )
                  )
                )
              )
            )
          )
        )
      )
    )
  )
)

