( Root (0 107 )
  ( Nucleus (span: 0 1)
    ( Nucleus (leaf: 0) (text: ) (vein: [0, 2, 6, 10, 11, 12, 13]) )
    ( Sattelite (leaf: 1) (text: ) (vein: [0, 1, 2, 6, 10, 11, 12, 13]) )
  )
  ( Nucleus (span: 2 107)
    ( Nucleus (span: 2 19)
      ( Nucleus (span: 2 4)
        ( Nucleus (leaf: 2) (text: ) (vein: [0, 2, 6, 10, 11, 12, 13]) )
        ( Sattelite (span: 3 4)
          ( Nucleus (leaf: 3) (text: ) (vein: [0, 2, 3, 6, 10, 11, 12, 13]) )
          ( Sattelite (leaf: 4) (text: ) (vein: [0, 2, 3, 4, 6, 10, 11, 12, 13]) )
        )
      )
      ( Nucleus (span: 5 19)
        ( Sattelite (leaf: 5) (text: ) (vein: [0, 2, 5, 6, 10, 11, 12, 13]) )
        ( Nucleus (span: 6 19)
          ( Nucleus (span: 6 9)
            ( Nucleus (leaf: 6) (text: ) (vein: [0, 2, 5, 6, 10, 11, 12, 13]) )
            ( Sattelite (span: 7 9)
              ( Nucleus (leaf: 7) (text: ) (vein: [0, 2, 6, 7, 10, 11, 12, 13]) )
              ( Sattelite (span: 8 9)
                ( Nucleus (leaf: 8) (text: ) (vein: [0, 2, 6, 7, 8, 10, 11, 12, 13]) )
                ( Sattelite (leaf: 9) (text: ) (vein: [0, 2, 6, 7, 8, 9, 10, 11, 12, 13]) )
              )
            )
          )
          ( Nucleus (span: 10 19)
            ( Nucleus (leaf: 10) (text: ) (vein: [0, 2, 5, 6, 10, 11, 12, 13]) )
            ( Nucleus (span: 11 19)
              ( Nucleus (leaf: 11) (text: ) (vein: [0, 2, 5, 6, 10, 11, 12, 13]) )
              ( Nucleus (span: 12 19)
                ( Nucleus (span: 12 14)
                  ( Nucleus (leaf: 12) (text: ) (vein: [0, 2, 5, 6, 10, 11, 12, 13]) )
                  ( Nucleus (span: 13 14)
                    ( Nucleus (leaf: 13) (text: ) (vein: [0, 2, 5, 6, 10, 11, 12, 13]) )
                    ( Sattelite (leaf: 14) (text: ) (vein: [0, 2, 6, 10, 11, 12, 13, 14]) )
                  )
                )
                ( Sattelite (span: 15 19)
                  ( Nucleus (leaf: 15) (text: ) (vein: [0, 2, 6, 10, 11, 12, 13, 15]) )
                  ( Sattelite (span: 16 19)
                    ( Nucleus (span: 16 17)
                      ( Nucleus (leaf: 16) (text: ) (vein: [0, 2, 6, 10, 11, 12, 13, 15, 16, 18]) )
                      ( Sattelite (leaf: 17) (text: ) (vein: [0, 2, 6, 10, 11, 12, 13, 15, 16, 17, 18]) )
                    )
                    ( Nucleus (span: 18 19)
                      ( Nucleus (leaf: 18) (text: ) (vein: [0, 2, 6, 10, 11, 12, 13, 15, 16, 18]) )
                      ( Sattelite (leaf: 19) (text: ) (vein: [0, 2, 6, 10, 11, 12, 13, 15, 16, 18, 19]) )
                    )
                  )
                )
              )
            )
          )
        )
      )
    )
    ( Sattelite (span: 20 107)
      ( Nucleus (span: 20 25)
        ( Nucleus (span: 20 21)
          ( Nucleus (leaf: 20) (text: ) (vein: [0, 2, 6, 10, 11, 12, 13, 20, 21, 23, 25]) )
          ( Nucleus (leaf: 21) (text: ) (vein: [0, 2, 6, 10, 11, 12, 13, 20, 21, 23, 25]) )
        )
        ( Nucleus (span: 22 25)
          ( Sattelite (leaf: 22) (text: ) (vein: [0, 2, 6, 10, 11, 12, 13, 20, 21, 22, 23, 25]) )
          ( Nucleus (span: 23 25)
            ( Nucleus (leaf: 23) (text: ) (vein: [0, 2, 6, 10, 11, 12, 13, 20, 21, 22, 23, 25]) )
            ( Nucleus (span: 24 25)
              ( Sattelite (leaf: 24) (text: ) (vein: [0, 2, 6, 10, 11, 12, 13, 20, 21, 22, 23, 24, 25]) )
              ( Nucleus (leaf: 25) (text: ) (vein: [0, 2, 6, 10, 11, 12, 13, 20, 21, 22, 23, 24, 25]) )
            )
          )
        )
      )
      ( Sattelite (span: 26 107)
        ( Nucleus (span: 26 28)
          ( Nucleus (leaf: 26) (text: ) (vein: [0, 2, 6, 10, 11, 12, 13, 20, 21, 23, 25, 26]) )
          ( Sattelite (span: 27 28)
            ( Nucleus (leaf: 27) (text: ) (vein: [0, 2, 6, 10, 11, 12, 13, 20, 21, 23, 25, 26, 27]) )
            ( Sattelite (leaf: 28) (text: ) (vein: [0, 2, 6, 10, 11, 12, 13, 20, 21, 23, 25, 26, 27, 28]) )
          )
        )
        ( Sattelite (span: 29 107)
          ( Nucleus (span: 29 37)
            ( Sattelite (span: 29 30)
              ( Nucleus (leaf: 29) (text: ) (vein: [0, 2, 6, 10, 11, 12, 13, 20, 21, 23, 25, 26, 29, 32]) )
              ( Sattelite (leaf: 30) (text: ) (vein: [0, 2, 6, 10, 11, 12, 13, 20, 21, 23, 25, 26, 29, 30, 32]) )
            )
            ( Nucleus (span: 31 37)
              ( Sattelite (leaf: 31) (text: ) (vein: [0, 2, 6, 10, 11, 12, 13, 20, 21, 23, 25, 26, 29, 31, 32]) )
              ( Nucleus (span: 32 37)
                ( Nucleus (leaf: 32) (text: ) (vein: [0, 2, 6, 10, 11, 12, 13, 20, 21, 23, 25, 26, 29, 31, 32]) )
                ( Sattelite (span: 33 37)
                  ( Nucleus (leaf: 33) (text: ) (vein: [0, 2, 6, 10, 11, 12, 13, 20, 21, 23, 25, 26, 32, 33]) )
                  ( Sattelite (span: 34 37)
                    ( Nucleus (span: 34 35)
                      ( Nucleus (leaf: 34) (text: ) (vein: [0, 2, 6, 10, 11, 12, 13, 20, 21, 23, 25, 26, 32, 33, 34]) )
                      ( Sattelite (leaf: 35) (text: ) (vein: [0, 2, 6, 10, 11, 12, 13, 20, 21, 23, 25, 26, 32, 33, 34, 35]) )
                    )
                    ( Sattelite (span: 36 37)
                      ( Nucleus (leaf: 36) (text: ) (vein: [0, 2, 6, 10, 11, 12, 13, 20, 21, 23, 25, 26, 32, 33, 34, 36]) )
                      ( Sattelite (leaf: 37) (text: ) (vein: [0, 2, 6, 10, 11, 12, 13, 20, 21, 23, 25, 26, 32, 33, 34, 36, 37]) )
                    )
                  )
                )
              )
            )
          )
          ( Sattelite (span: 38 107)
            ( Nucleus (span: 38 60)
              ( Nucleus (span: 38 43)
                ( Sattelite (span: 38 42)
                  ( Nucleus (leaf: 38) (text: ) (vein: [0, 2, 6, 10, 11, 12, 13, 20, 21, 23, 25, 26, 32, 38, 43, 44, 45, 48, 53, 55, 56]) )
                  ( Sattelite (span: 39 42)
                    ( Nucleus (leaf: 39) (text: ) (vein: [0, 2, 6, 10, 11, 12, 13, 20, 21, 23, 25, 26, 32, 38, 39, 43, 44, 45, 48, 53, 55, 56]) )
                    ( Sattelite (span: 40 42)
                      ( Nucleus (leaf: 40) (text: ) (vein: [0, 2, 6, 10, 11, 12, 13, 20, 21, 23, 25, 26, 32, 38, 39, 40, 41, 43, 44, 45, 48, 53, 55, 56]) )
                      ( Nucleus (span: 41 42)
                        ( Nucleus (leaf: 41) (text: ) (vein: [0, 2, 6, 10, 11, 12, 13, 20, 21, 23, 25, 26, 32, 38, 39, 40, 41, 43, 44, 45, 48, 53, 55, 56]) )
                        ( Sattelite (leaf: 42) (text: ) (vein: [0, 2, 6, 10, 11, 12, 13, 20, 21, 23, 25, 26, 32, 38, 39, 40, 41, 42, 43, 44, 45, 48, 53, 55, 56]) )
                      )
                    )
                  )
                )
                ( Nucleus (leaf: 43) (text: ) (vein: [0, 2, 6, 10, 11, 12, 13, 20, 21, 23, 25, 26, 32, 38, 43, 44, 45, 48, 53, 55, 56]) )
              )
              ( Nucleus (span: 44 60)
                ( Nucleus (leaf: 44) (text: ) (vein: [0, 2, 6, 10, 11, 12, 13, 20, 21, 23, 25, 26, 32, 43, 44, 45, 48, 53, 55, 56]) )
                ( Nucleus (span: 45 60)
                  ( Nucleus (span: 45 47)
                    ( Nucleus (leaf: 45) (text: ) (vein: [0, 2, 6, 10, 11, 12, 13, 20, 21, 23, 25, 26, 32, 43, 44, 45, 48, 53, 55, 56]) )
                    ( Sattelite (span: 46 47)
                      ( Nucleus (leaf: 46) (text: ) (vein: [0, 2, 6, 10, 11, 12, 13, 20, 21, 23, 25, 26, 32, 43, 44, 45, 46, 48, 53, 55, 56]) )
                      ( Sattelite (leaf: 47) (text: ) (vein: [0, 2, 6, 10, 11, 12, 13, 20, 21, 23, 25, 26, 32, 43, 44, 45, 46, 47, 48, 53, 55, 56]) )
                    )
                  )
                  ( Nucleus (span: 48 60)
                    ( Nucleus (span: 48 51)
                      ( Nucleus (leaf: 48) (text: ) (vein: [0, 2, 6, 10, 11, 12, 13, 20, 21, 23, 25, 26, 32, 43, 44, 45, 48, 53, 55, 56]) )
                      ( Sattelite (span: 49 51)
                        ( Nucleus (leaf: 49) (text: ) (vein: [0, 2, 6, 10, 11, 12, 13, 20, 21, 23, 25, 26, 32, 43, 44, 45, 48, 49, 53, 55, 56]) )
                        ( Sattelite (span: 50 51)
                          ( Nucleus (leaf: 50) (text: ) (vein: [0, 2, 6, 10, 11, 12, 13, 20, 21, 23, 25, 26, 32, 43, 44, 45, 48, 49, 50, 53, 55, 56]) )
                          ( Sattelite (leaf: 51) (text: ) (vein: [0, 2, 6, 10, 11, 12, 13, 20, 21, 23, 25, 26, 32, 43, 44, 45, 48, 49, 50, 51, 53, 55, 56]) )
                        )
                      )
                    )
                    ( Nucleus (span: 52 60)
                      ( Sattelite (leaf: 52) (text: ) (vein: [0, 2, 6, 10, 11, 12, 13, 20, 21, 23, 25, 26, 32, 43, 44, 45, 48, 52, 53, 55, 56]) )
                      ( Nucleus (span: 53 60)
                        ( Nucleus (leaf: 53) (text: ) (vein: [0, 2, 6, 10, 11, 12, 13, 20, 21, 23, 25, 26, 32, 43, 44, 45, 48, 52, 53, 55, 56]) )
                        ( Nucleus (span: 54 60)
                          ( Sattelite (leaf: 54) (text: ) (vein: [0, 2, 6, 10, 11, 12, 13, 20, 21, 23, 25, 26, 32, 43, 44, 45, 48, 52, 53, 54, 55, 56]) )
                          ( Nucleus (span: 55 60)
                            ( Nucleus (leaf: 55) (text: ) (vein: [0, 2, 6, 10, 11, 12, 13, 20, 21, 23, 25, 26, 32, 43, 44, 45, 48, 52, 53, 54, 55, 56]) )
                            ( Nucleus (span: 56 60)
                              ( Nucleus (span: 56 57)
                                ( Nucleus (leaf: 56) (text: ) (vein: [0, 2, 6, 10, 11, 12, 13, 20, 21, 23, 25, 26, 32, 43, 44, 45, 48, 52, 53, 54, 55, 56]) )
                                ( Sattelite (leaf: 57) (text: ) (vein: [0, 2, 6, 10, 11, 12, 13, 20, 21, 23, 25, 26, 32, 43, 44, 45, 48, 53, 55, 56, 57]) )
                              )
                              ( Sattelite (span: 58 60)
                                ( Nucleus (leaf: 58) (text: ) (vein: [0, 2, 6, 10, 11, 12, 13, 20, 21, 23, 25, 26, 32, 43, 44, 45, 48, 53, 55, 56, 58]) )
                                ( Sattelite (span: 59 60)
                                  ( Nucleus (leaf: 59) (text: ) (vein: [0, 2, 6, 10, 11, 12, 13, 20, 21, 23, 25, 26, 32, 43, 44, 45, 48, 53, 55, 56, 58, 59]) )
                                  ( Sattelite (leaf: 60) (text: ) (vein: [0, 2, 6, 10, 11, 12, 13, 20, 21, 23, 25, 26, 32, 43, 44, 45, 48, 53, 55, 56, 58, 59, 60]) )
                                )
                              )
                            )
                          )
                        )
                      )
                    )
                  )
                )
              )
            )
            ( Sattelite (span: 61 107)
              ( Nucleus (span: 61 73)
                ( Sattelite (span: 61 63)
                  ( Nucleus (leaf: 61) (text: ) (vein: [0, 2, 6, 10, 11, 12, 13, 20, 21, 23, 25, 26, 32, 43, 44, 45, 48, 53, 55, 56, 61, 65, 66, 69]) )
                  ( Sattelite (span: 62 63)
                    ( Nucleus (leaf: 62) (text: ) (vein: [0, 2, 6, 10, 11, 12, 13, 20, 21, 23, 25, 26, 32, 43, 44, 45, 48, 53, 55, 56, 61, 62, 65, 66, 69]) )
                    ( Sattelite (leaf: 63) (text: ) (vein: [0, 2, 6, 10, 11, 12, 13, 20, 21, 23, 25, 26, 32, 43, 44, 45, 48, 53, 55, 56, 61, 62, 63, 65, 66, 69]) )
                  )
                )
                ( Nucleus (span: 64 73)
                  ( Nucleus (span: 64 65)
                    ( Sattelite (leaf: 64) (text: ) (vein: [0, 2, 6, 10, 11, 12, 13, 20, 21, 23, 25, 26, 32, 43, 44, 45, 48, 53, 55, 56, 61, 64, 65, 66, 69]) )
                    ( Nucleus (leaf: 65) (text: ) (vein: [0, 2, 6, 10, 11, 12, 13, 20, 21, 23, 25, 26, 32, 43, 44, 45, 48, 53, 55, 56, 61, 64, 65, 66, 69]) )
                  )
                  ( Nucleus (span: 66 73)
                    ( Nucleus (span: 66 68)
                      ( Nucleus (leaf: 66) (text: ) (vein: [0, 2, 6, 10, 11, 12, 13, 20, 21, 23, 25, 26, 32, 43, 44, 45, 48, 53, 55, 56, 61, 65, 66, 69]) )
                      ( Sattelite (span: 67 68)
                        ( Nucleus (leaf: 67) (text: ) (vein: [0, 2, 6, 10, 11, 12, 13, 20, 21, 23, 25, 26, 32, 43, 44, 45, 48, 53, 55, 56, 65, 66, 67, 69]) )
                        ( Sattelite (leaf: 68) (text: ) (vein: [0, 2, 6, 10, 11, 12, 13, 20, 21, 23, 25, 26, 32, 43, 44, 45, 48, 53, 55, 56, 65, 66, 67, 68, 69]) )
                      )
                    )
                    ( Nucleus (span: 69 73)
                      ( Nucleus (span: 69 70)
                        ( Nucleus (leaf: 69) (text: ) (vein: [0, 2, 6, 10, 11, 12, 13, 20, 21, 23, 25, 26, 32, 43, 44, 45, 48, 53, 55, 56, 61, 65, 66, 69]) )
                        ( Sattelite (leaf: 70) (text: ) (vein: [0, 2, 6, 10, 11, 12, 13, 20, 21, 23, 25, 26, 32, 43, 44, 45, 48, 53, 55, 56, 65, 66, 69, 70]) )
                      )
                      ( Sattelite (span: 71 73)
                        ( Nucleus (leaf: 71) (text: ) (vein: [0, 2, 6, 10, 11, 12, 13, 20, 21, 23, 25, 26, 32, 43, 44, 45, 48, 53, 55, 56, 65, 66, 69, 71]) )
                        ( Sattelite (span: 72 73)
                          ( Nucleus (leaf: 72) (text: ) (vein: [0, 2, 6, 10, 11, 12, 13, 20, 21, 23, 25, 26, 32, 43, 44, 45, 48, 53, 55, 56, 65, 66, 69, 71, 72]) )
                          ( Sattelite (leaf: 73) (text: ) (vein: [0, 2, 6, 10, 11, 12, 13, 20, 21, 23, 25, 26, 32, 43, 44, 45, 48, 53, 55, 56, 65, 66, 69, 71, 72, 73]) )
                        )
                      )
                    )
                  )
                )
              )
              ( Sattelite (span: 74 107)
                ( Nucleus (span: 74 77)
                  ( Nucleus (span: 74 75)
                    ( Nucleus (leaf: 74) (text: ) (vein: [0, 2, 6, 10, 11, 12, 13, 20, 21, 23, 25, 26, 32, 43, 44, 45, 48, 53, 55, 56, 65, 66, 69, 74, 76]) )
                    ( Sattelite (leaf: 75) (text: ) (vein: [0, 2, 6, 10, 11, 12, 13, 20, 21, 23, 25, 26, 32, 43, 44, 45, 48, 53, 55, 56, 65, 66, 69, 74, 75, 76]) )
                  )
                  ( Nucleus (span: 76 77)
                    ( Nucleus (leaf: 76) (text: ) (vein: [0, 2, 6, 10, 11, 12, 13, 20, 21, 23, 25, 26, 32, 43, 44, 45, 48, 53, 55, 56, 65, 66, 69, 74, 76]) )
                    ( Sattelite (leaf: 77) (text: ) (vein: [0, 2, 6, 10, 11, 12, 13, 20, 21, 23, 25, 26, 32, 43, 44, 45, 48, 53, 55, 56, 65, 66, 69, 74, 76, 77]) )
                  )
                )
                ( Sattelite (span: 78 107)
                  ( Nucleus (span: 78 82)
                    ( Nucleus (span: 78 79)
                      ( Nucleus (leaf: 78) (text: ) (vein: [0, 2, 6, 10, 11, 12, 13, 20, 21, 23, 25, 26, 32, 43, 44, 45, 48, 53, 55, 56, 65, 66, 69, 74, 76, 78]) )
                      ( Sattelite (leaf: 79) (text: ) (vein: [0, 2, 6, 10, 11, 12, 13, 20, 21, 23, 25, 26, 32, 43, 44, 45, 48, 53, 55, 56, 65, 66, 69, 74, 76, 78, 79]) )
                    )
                    ( Sattelite (span: 80 82)
                      ( Nucleus (leaf: 80) (text: ) (vein: [0, 2, 6, 10, 11, 12, 13, 20, 21, 23, 25, 26, 32, 43, 44, 45, 48, 53, 55, 56, 65, 66, 69, 74, 76, 78, 80]) )
                      ( Sattelite (span: 81 82)
                        ( Nucleus (leaf: 81) (text: ) (vein: [0, 2, 6, 10, 11, 12, 13, 20, 21, 23, 25, 26, 32, 43, 44, 45, 48, 53, 55, 56, 65, 66, 69, 74, 76, 78, 80, 81]) )
                        ( Sattelite (leaf: 82) (text: ) (vein: [0, 2, 6, 10, 11, 12, 13, 20, 21, 23, 25, 26, 32, 43, 44, 45, 48, 53, 55, 56, 65, 66, 69, 74, 76, 78, 80, 81, 82]) )
                      )
                    )
                  )
                  ( Sattelite (span: 83 107)
                    ( Nucleus (span: 83 85)
                      ( Nucleus (leaf: 83) (text: ) (vein: [0, 2, 6, 10, 11, 12, 13, 20, 21, 23, 25, 26, 32, 43, 44, 45, 48, 53, 55, 56, 65, 66, 69, 74, 76, 78, 83, 84]) )
                      ( Nucleus (span: 84 85)
                        ( Nucleus (leaf: 84) (text: ) (vein: [0, 2, 6, 10, 11, 12, 13, 20, 21, 23, 25, 26, 32, 43, 44, 45, 48, 53, 55, 56, 65, 66, 69, 74, 76, 78, 83, 84]) )
                        ( Sattelite (leaf: 85) (text: ) (vein: [0, 2, 6, 10, 11, 12, 13, 20, 21, 23, 25, 26, 32, 43, 44, 45, 48, 53, 55, 56, 65, 66, 69, 74, 76, 78, 83, 84, 85]) )
                      )
                    )
                    ( Sattelite (span: 86 107)
                      ( Nucleus (span: 86 87)
                        ( Nucleus (leaf: 86) (text: ) (vein: [0, 2, 6, 10, 11, 12, 13, 20, 21, 23, 25, 26, 32, 43, 44, 45, 48, 53, 55, 56, 65, 66, 69, 74, 76, 78, 83, 84, 86]) )
                        ( Sattelite (leaf: 87) (text: ) (vein: [0, 2, 6, 10, 11, 12, 13, 20, 21, 23, 25, 26, 32, 43, 44, 45, 48, 53, 55, 56, 65, 66, 69, 74, 76, 78, 83, 84, 86, 87]) )
                      )
                      ( Sattelite (span: 88 107)
                        ( Nucleus (span: 88 92)
                          ( Sattelite (span: 88 89)
                            ( Nucleus (leaf: 88) (text: ) (vein: [0, 2, 6, 10, 11, 12, 13, 20, 21, 23, 25, 26, 32, 43, 44, 45, 48, 53, 55, 56, 65, 66, 69, 74, 76, 78, 83, 84, 86, 88, 90, 91]) )
                            ( Sattelite (leaf: 89) (text: ) (vein: [0, 2, 6, 10, 11, 12, 13, 20, 21, 23, 25, 26, 32, 43, 44, 45, 48, 53, 55, 56, 65, 66, 69, 74, 76, 78, 83, 84, 86, 88, 89, 90, 91]) )
                          )
                          ( Nucleus (span: 90 92)
                            ( Nucleus (leaf: 90) (text: ) (vein: [0, 2, 6, 10, 11, 12, 13, 20, 21, 23, 25, 26, 32, 43, 44, 45, 48, 53, 55, 56, 65, 66, 69, 74, 76, 78, 83, 84, 86, 88, 90, 91]) )
                            ( Nucleus (span: 91 92)
                              ( Nucleus (leaf: 91) (text: ) (vein: [0, 2, 6, 10, 11, 12, 13, 20, 21, 23, 25, 26, 32, 43, 44, 45, 48, 53, 55, 56, 65, 66, 69, 74, 76, 78, 83, 84, 86, 88, 90, 91]) )
                              ( Sattelite (leaf: 92) (text: ) (vein: [0, 2, 6, 10, 11, 12, 13, 20, 21, 23, 25, 26, 32, 43, 44, 45, 48, 53, 55, 56, 65, 66, 69, 74, 76, 78, 83, 84, 86, 90, 91, 92]) )
                            )
                          )
                        )
                        ( Sattelite (span: 93 107)
                          ( Nucleus (span: 93 96)
                            ( Nucleus (span: 93 95)
                              ( Nucleus (leaf: 93) (text: ) (vein: [0, 2, 6, 10, 11, 12, 13, 20, 21, 23, 25, 26, 32, 43, 44, 45, 48, 53, 55, 56, 65, 66, 69, 74, 76, 78, 83, 84, 86, 90, 91, 93]) )
                              ( Sattelite (span: 94 95)
                                ( Nucleus (leaf: 94) (text: ) (vein: [0, 2, 6, 10, 11, 12, 13, 20, 21, 23, 25, 26, 32, 43, 44, 45, 48, 53, 55, 56, 65, 66, 69, 74, 76, 78, 83, 84, 86, 90, 91, 93, 94]) )
                                ( Sattelite (leaf: 95) (text: ) (vein: [0, 2, 6, 10, 11, 12, 13, 20, 21, 23, 25, 26, 32, 43, 44, 45, 48, 53, 55, 56, 65, 66, 69, 74, 76, 78, 83, 84, 86, 90, 91, 93, 94, 95]) )
                              )
                            )
                            ( Sattelite (leaf: 96) (text: ) (vein: [0, 2, 6, 10, 11, 12, 13, 20, 21, 23, 25, 26, 32, 43, 44, 45, 48, 53, 55, 56, 65, 66, 69, 74, 76, 78, 83, 84, 86, 90, 91, 93, 96]) )
                          )
                          ( Sattelite (span: 97 107)
                            ( Nucleus (span: 97 105)
                              ( Sattelite (leaf: 97) (text: ) (vein: [0, 2, 6, 10, 11, 12, 13, 20, 21, 23, 25, 26, 32, 43, 44, 45, 48, 53, 55, 56, 65, 66, 69, 74, 76, 78, 83, 84, 86, 90, 91, 93, 97, 98, 99]) )
                              ( Nucleus (span: 98 105)
                                ( Nucleus (leaf: 98) (text: ) (vein: [0, 2, 6, 10, 11, 12, 13, 20, 21, 23, 25, 26, 32, 43, 44, 45, 48, 53, 55, 56, 65, 66, 69, 74, 76, 78, 83, 84, 86, 90, 91, 93, 97, 98, 99]) )
                                ( Nucleus (span: 99 105)
                                  ( Nucleus (span: 99 102)
                                    ( Nucleus (leaf: 99) (text: ) (vein: [0, 2, 6, 10, 11, 12, 13, 20, 21, 23, 25, 26, 32, 43, 44, 45, 48, 53, 55, 56, 65, 66, 69, 74, 76, 78, 83, 84, 86, 90, 91, 93, 97, 98, 99]) )
                                    ( Sattelite (span: 100 102)
                                      ( Nucleus (leaf: 100) (text: ) (vein: [0, 2, 6, 10, 11, 12, 13, 20, 21, 23, 25, 26, 32, 43, 44, 45, 48, 53, 55, 56, 65, 66, 69, 74, 76, 78, 83, 84, 86, 90, 91, 93, 98, 99, 100, 101]) )
                                      ( Nucleus (span: 101 102)
                                        ( Nucleus (leaf: 101) (text: ) (vein: [0, 2, 6, 10, 11, 12, 13, 20, 21, 23, 25, 26, 32, 43, 44, 45, 48, 53, 55, 56, 65, 66, 69, 74, 76, 78, 83, 84, 86, 90, 91, 93, 98, 99, 100, 101]) )
                                        ( Sattelite (leaf: 102) (text: ) (vein: [0, 2, 6, 10, 11, 12, 13, 20, 21, 23, 25, 26, 32, 43, 44, 45, 48, 53, 55, 56, 65, 66, 69, 74, 76, 78, 83, 84, 86, 90, 91, 93, 98, 99, 100, 101, 102]) )
                                      )
                                    )
                                  )
                                  ( Sattelite (span: 103 105)
                                    ( Nucleus (span: 103 104)
                                      ( Nucleus (leaf: 103) (text: ) (vein: [0, 2, 6, 10, 11, 12, 13, 20, 21, 23, 25, 26, 32, 43, 44, 45, 48, 53, 55, 56, 65, 66, 69, 74, 76, 78, 83, 84, 86, 90, 91, 93, 98, 99, 103, 104]) )
                                      ( Nucleus (leaf: 104) (text: ) (vein: [0, 2, 6, 10, 11, 12, 13, 20, 21, 23, 25, 26, 32, 43, 44, 45, 48, 53, 55, 56, 65, 66, 69, 74, 76, 78, 83, 84, 86, 90, 91, 93, 98, 99, 103, 104]) )
                                    )
                                    ( Sattelite (leaf: 105) (text: ) (vein: [0, 2, 6, 10, 11, 12, 13, 20, 21, 23, 25, 26, 32, 43, 44, 45, 48, 53, 55, 56, 65, 66, 69, 74, 76, 78, 83, 84, 86, 90, 91, 93, 98, 99, 103, 104, 105]) )
                                  )
                                )
                              )
                            )
                            ( Sattelite (span: 106 107)
                              ( Nucleus (leaf: 106) (text: ) (vein: [0, 2, 6, 10, 11, 12, 13, 20, 21, 23, 25, 26, 32, 43, 44, 45, 48, 53, 55, 56, 65, 66, 69, 74, 76, 78, 83, 84, 86, 90, 91, 93, 98, 99, 106]) )
                              ( Sattelite (leaf: 107) (text: What is an FAQ is a frequently asked question . ) (vein: [0, 2, 6, 10, 11, 12, 13, 20, 21, 23, 25, 26, 32, 43, 44, 45, 48, 53, 55, 56, 65, 66, 69, 74, 76, 78, 83, 84, 86, 90, 91, 93, 98, 99, 106, 107]) )
                            )
                          )
                        )
                      )
                    )
                  )
                )
              )
            )
          )
        )
      )
    )
  )
)

