( Root (0 63 )
  ( Nucleus (span: 0 50)
    ( Sattelite (leaf: 0) (text: ) (vein: [0, 1, 2, 4, 8, 9, 10, 11, 12, 18, 19, 20, 23, 26, 33, 35, 37, 38, 39, 41, 42, 43, 44, 52, 53, 54, 55, 56, 60, 62, 63]) )
    ( Nucleus (span: 1 50)
      ( Nucleus (leaf: 1) (text: ) (vein: [0, 1, 2, 4, 8, 9, 10, 11, 12, 18, 19, 20, 23, 26, 33, 35, 37, 38, 39, 41, 42, 43, 44, 52, 53, 54, 55, 56, 60, 62, 63]) )
      ( Nucleus (span: 2 50)
        ( Nucleus (span: 2 4)
          ( Nucleus (span: 2 3)
            ( Nucleus (leaf: 2) (text: ) (vein: [0, 1, 2, 4, 8, 9, 10, 11, 12, 18, 19, 20, 23, 26, 33, 35, 37, 38, 39, 41, 42, 43, 44, 52, 53, 54, 55, 56, 60, 62, 63]) )
            ( Sattelite (leaf: 3) (text: ) (vein: [1, 2, 3, 4, 8, 9, 10, 11, 12, 18, 19, 20, 23, 26, 33, 35, 37, 38, 39, 41, 42, 43, 44, 52, 53, 54, 55, 56, 60, 62, 63]) )
          )
          ( Nucleus (leaf: 4) (text: ) (vein: [0, 1, 2, 4, 8, 9, 10, 11, 12, 18, 19, 20, 23, 26, 33, 35, 37, 38, 39, 41, 42, 43, 44, 52, 53, 54, 55, 56, 60, 62, 63]) )
        )
        ( Nucleus (span: 5 50)
          ( Sattelite (span: 5 7)
            ( Nucleus (leaf: 5) (text: ) (vein: [0, 1, 2, 4, 5, 8, 9, 10, 11, 12, 18, 19, 20, 23, 26, 33, 35, 37, 38, 39, 41, 42, 43, 44, 52, 53, 54, 55, 56, 60, 62, 63]) )
            ( Sattelite (span: 6 7)
              ( Nucleus (leaf: 6) (text: ) (vein: [1, 2, 4, 5, 6, 7, 8, 9, 10, 11, 12, 18, 19, 20, 23, 26, 33, 35, 37, 38, 39, 41, 42, 43, 44, 52, 53, 54, 55, 56, 60, 62, 63]) )
              ( Nucleus (leaf: 7) (text: ) (vein: [1, 2, 4, 5, 6, 7, 8, 9, 10, 11, 12, 18, 19, 20, 23, 26, 33, 35, 37, 38, 39, 41, 42, 43, 44, 52, 53, 54, 55, 56, 60, 62, 63]) )
            )
          )
          ( Nucleus (span: 8 50)
            ( Nucleus (span: 8 9)
              ( Nucleus (leaf: 8) (text: ) (vein: [0, 1, 2, 4, 5, 8, 9, 10, 11, 12, 18, 19, 20, 23, 26, 33, 35, 37, 38, 39, 41, 42, 43, 44, 52, 53, 54, 55, 56, 60, 62, 63]) )
              ( Nucleus (leaf: 9) (text: ) (vein: [0, 1, 2, 4, 5, 8, 9, 10, 11, 12, 18, 19, 20, 23, 26, 33, 35, 37, 38, 39, 41, 42, 43, 44, 52, 53, 54, 55, 56, 60, 62, 63]) )
            )
            ( Nucleus (span: 10 50)
              ( Nucleus (leaf: 10) (text: ) (vein: [0, 1, 2, 4, 5, 8, 9, 10, 11, 12, 18, 19, 20, 23, 26, 33, 35, 37, 38, 39, 41, 42, 43, 44, 52, 53, 54, 55, 56, 60, 62, 63]) )
              ( Nucleus (span: 11 50)
                ( Nucleus (leaf: 11) (text: ) (vein: [0, 1, 2, 4, 5, 8, 9, 10, 11, 12, 18, 19, 20, 23, 26, 33, 35, 37, 38, 39, 41, 42, 43, 44, 52, 53, 54, 55, 56, 60, 62, 63]) )
                ( Nucleus (span: 12 50)
                  ( Nucleus (span: 12 17)
                    ( Nucleus (span: 12 13)
                      ( Nucleus (leaf: 12) (text: ) (vein: [0, 1, 2, 4, 5, 8, 9, 10, 11, 12, 18, 19, 20, 23, 26, 33, 35, 37, 38, 39, 41, 42, 43, 44, 52, 53, 54, 55, 56, 60, 62, 63]) )
                      ( Sattelite (leaf: 13) (text: ) (vein: [1, 2, 4, 8, 9, 10, 11, 12, 13, 18, 19, 20, 23, 26, 33, 35, 37, 38, 39, 41, 42, 43, 44, 52, 53, 54, 55, 56, 60, 62, 63]) )
                    )
                    ( Sattelite (span: 14 17)
                      ( Nucleus (span: 14 15)
                        ( Nucleus (leaf: 14) (text: ) (vein: [1, 2, 4, 8, 9, 10, 11, 12, 14, 18, 19, 20, 23, 26, 33, 35, 37, 38, 39, 41, 42, 43, 44, 52, 53, 54, 55, 56, 60, 62, 63]) )
                        ( Sattelite (leaf: 15) (text: ) (vein: [1, 2, 4, 8, 9, 10, 11, 12, 14, 15, 18, 19, 20, 23, 26, 33, 35, 37, 38, 39, 41, 42, 43, 44, 52, 53, 54, 55, 56, 60, 62, 63]) )
                      )
                      ( Sattelite (span: 16 17)
                        ( Nucleus (leaf: 16) (text: ) (vein: [1, 2, 4, 8, 9, 10, 11, 12, 14, 16, 18, 19, 20, 23, 26, 33, 35, 37, 38, 39, 41, 42, 43, 44, 52, 53, 54, 55, 56, 60, 62, 63]) )
                        ( Sattelite (leaf: 17) (text: ) (vein: [1, 2, 4, 8, 9, 10, 11, 12, 14, 16, 17, 18, 19, 20, 23, 26, 33, 35, 37, 38, 39, 41, 42, 43, 44, 52, 53, 54, 55, 56, 60, 62, 63]) )
                      )
                    )
                  )
                  ( Nucleus (span: 18 50)
                    ( Nucleus (leaf: 18) (text: ) (vein: [0, 1, 2, 4, 5, 8, 9, 10, 11, 12, 18, 19, 20, 23, 26, 33, 35, 37, 38, 39, 41, 42, 43, 44, 52, 53, 54, 55, 56, 60, 62, 63]) )
                    ( Nucleus (span: 19 50)
                      ( Nucleus (span: 19 20)
                        ( Nucleus (leaf: 19) (text: ) (vein: [0, 1, 2, 4, 5, 8, 9, 10, 11, 12, 18, 19, 20, 23, 26, 33, 35, 37, 38, 39, 41, 42, 43, 44, 52, 53, 54, 55, 56, 60, 62, 63]) )
                        ( Nucleus (leaf: 20) (text: ) (vein: [0, 1, 2, 4, 5, 8, 9, 10, 11, 12, 18, 19, 20, 23, 26, 33, 35, 37, 38, 39, 41, 42, 43, 44, 52, 53, 54, 55, 56, 60, 62, 63]) )
                      )
                      ( Nucleus (span: 21 50)
                        ( Sattelite (span: 21 22)
                          ( Nucleus (leaf: 21) (text: ) (vein: [0, 1, 2, 4, 5, 8, 9, 10, 11, 12, 18, 19, 20, 21, 23, 26, 33, 35, 37, 38, 39, 41, 42, 43, 44, 52, 53, 54, 55, 56, 60, 62, 63]) )
                          ( Sattelite (leaf: 22) (text: ) (vein: [1, 2, 4, 8, 9, 10, 11, 12, 18, 19, 20, 21, 22, 23, 26, 33, 35, 37, 38, 39, 41, 42, 43, 44, 52, 53, 54, 55, 56, 60, 62, 63]) )
                        )
                        ( Nucleus (span: 23 50)
                          ( Nucleus (span: 23 32)
                            ( Nucleus (span: 23 26)
                              ( Nucleus (span: 23 25)
                                ( Nucleus (leaf: 23) (text: ) (vein: [0, 1, 2, 4, 5, 8, 9, 10, 11, 12, 18, 19, 20, 21, 23, 26, 33, 35, 37, 38, 39, 41, 42, 43, 44, 52, 53, 54, 55, 56, 60, 62, 63]) )
                                ( Sattelite (span: 24 25)
                                  ( Nucleus (leaf: 24) (text: ) (vein: [1, 2, 4, 8, 9, 10, 11, 12, 18, 19, 20, 23, 24, 26, 33, 35, 37, 38, 39, 41, 42, 43, 44, 52, 53, 54, 55, 56, 60, 62, 63]) )
                                  ( Sattelite (leaf: 25) (text: ) (vein: [1, 2, 4, 8, 9, 10, 11, 12, 18, 19, 20, 23, 24, 25, 26, 33, 35, 37, 38, 39, 41, 42, 43, 44, 52, 53, 54, 55, 56, 60, 62, 63]) )
                                )
                              )
                              ( Nucleus (leaf: 26) (text: ) (vein: [0, 1, 2, 4, 5, 8, 9, 10, 11, 12, 18, 19, 20, 21, 23, 26, 33, 35, 37, 38, 39, 41, 42, 43, 44, 52, 53, 54, 55, 56, 60, 62, 63]) )
                            )
                            ( Sattelite (span: 27 32)
                              ( Nucleus (leaf: 27) (text: ) (vein: [1, 2, 4, 8, 9, 10, 11, 12, 18, 19, 20, 23, 26, 27, 33, 35, 37, 38, 39, 41, 42, 43, 44, 52, 53, 54, 55, 56, 60, 62, 63]) )
                              ( Sattelite (span: 28 32)
                                ( Nucleus (leaf: 28) (text: ) (vein: [1, 2, 4, 8, 9, 10, 11, 12, 18, 19, 20, 23, 26, 27, 28, 33, 35, 37, 38, 39, 41, 42, 43, 44, 52, 53, 54, 55, 56, 60, 62, 63]) )
                                ( Sattelite (span: 29 32)
                                  ( Nucleus (leaf: 29) (text: ) (vein: [1, 2, 4, 8, 9, 10, 11, 12, 18, 19, 20, 23, 26, 27, 28, 29, 33, 35, 37, 38, 39, 41, 42, 43, 44, 52, 53, 54, 55, 56, 60, 62, 63]) )
                                  ( Sattelite (span: 30 32)
                                    ( Nucleus (span: 30 31)
                                      ( Nucleus (leaf: 30) (text: ) (vein: [1, 2, 4, 8, 9, 10, 11, 12, 18, 19, 20, 23, 26, 27, 28, 29, 30, 33, 35, 37, 38, 39, 41, 42, 43, 44, 52, 53, 54, 55, 56, 60, 62, 63]) )
                                      ( Sattelite (leaf: 31) (text: ) (vein: [1, 2, 4, 8, 9, 10, 11, 12, 18, 19, 20, 23, 26, 27, 28, 29, 30, 31, 33, 35, 37, 38, 39, 41, 42, 43, 44, 52, 53, 54, 55, 56, 60, 62, 63]) )
                                    )
                                    ( Sattelite (leaf: 32) (text: ) (vein: [1, 2, 4, 8, 9, 10, 11, 12, 18, 19, 20, 23, 26, 27, 28, 29, 30, 32, 33, 35, 37, 38, 39, 41, 42, 43, 44, 52, 53, 54, 55, 56, 60, 62, 63]) )
                                  )
                                )
                              )
                            )
                          )
                          ( Nucleus (span: 33 50)
                            ( Nucleus (leaf: 33) (text: ) (vein: [0, 1, 2, 4, 5, 8, 9, 10, 11, 12, 18, 19, 20, 21, 23, 26, 33, 35, 37, 38, 39, 41, 42, 43, 44, 52, 53, 54, 55, 56, 60, 62, 63]) )
                            ( Nucleus (span: 34 50)
                              ( Nucleus (span: 34 36)
                                ( Sattelite (leaf: 34) (text: ) (vein: [0, 1, 2, 4, 5, 8, 9, 10, 11, 12, 18, 19, 20, 21, 23, 26, 33, 34, 35, 37, 38, 39, 41, 42, 43, 44, 52, 53, 54, 55, 56, 60, 62, 63]) )
                                ( Nucleus (span: 35 36)
                                  ( Nucleus (leaf: 35) (text: ) (vein: [0, 1, 2, 4, 5, 8, 9, 10, 11, 12, 18, 19, 20, 21, 23, 26, 33, 34, 35, 37, 38, 39, 41, 42, 43, 44, 52, 53, 54, 55, 56, 60, 62, 63]) )
                                  ( Sattelite (leaf: 36) (text: ) (vein: [1, 2, 4, 8, 9, 10, 11, 12, 18, 19, 20, 23, 26, 33, 35, 36, 37, 38, 39, 41, 42, 43, 44, 52, 53, 54, 55, 56, 60, 62, 63]) )
                                )
                              )
                              ( Nucleus (span: 37 50)
                                ( Nucleus (span: 37 38)
                                  ( Nucleus (leaf: 37) (text: ) (vein: [0, 1, 2, 4, 5, 8, 9, 10, 11, 12, 18, 19, 20, 21, 23, 26, 33, 35, 37, 38, 39, 41, 42, 43, 44, 52, 53, 54, 55, 56, 60, 62, 63]) )
                                  ( Nucleus (leaf: 38) (text: ) (vein: [0, 1, 2, 4, 5, 8, 9, 10, 11, 12, 18, 19, 20, 21, 23, 26, 33, 35, 37, 38, 39, 41, 42, 43, 44, 52, 53, 54, 55, 56, 60, 62, 63]) )
                                )
                                ( Nucleus (span: 39 50)
                                  ( Nucleus (leaf: 39) (text: ) (vein: [0, 1, 2, 4, 5, 8, 9, 10, 11, 12, 18, 19, 20, 21, 23, 26, 33, 35, 37, 38, 39, 41, 42, 43, 44, 52, 53, 54, 55, 56, 60, 62, 63]) )
                                  ( Nucleus (span: 40 50)
                                    ( Sattelite (leaf: 40) (text: ) (vein: [0, 1, 2, 4, 5, 8, 9, 10, 11, 12, 18, 19, 20, 21, 23, 26, 33, 35, 37, 38, 39, 40, 41, 42, 43, 44, 52, 53, 54, 55, 56, 60, 62, 63]) )
                                    ( Nucleus (span: 41 50)
                                      ( Nucleus (span: 41 42)
                                        ( Nucleus (leaf: 41) (text: ) (vein: [0, 1, 2, 4, 5, 8, 9, 10, 11, 12, 18, 19, 20, 21, 23, 26, 33, 35, 37, 38, 39, 40, 41, 42, 43, 44, 52, 53, 54, 55, 56, 60, 62, 63]) )
                                        ( Nucleus (leaf: 42) (text: ) (vein: [0, 1, 2, 4, 5, 8, 9, 10, 11, 12, 18, 19, 20, 21, 23, 26, 33, 35, 37, 38, 39, 40, 41, 42, 43, 44, 52, 53, 54, 55, 56, 60, 62, 63]) )
                                      )
                                      ( Nucleus (span: 43 50)
                                        ( Nucleus (span: 43 46)
                                          ( Nucleus (leaf: 43) (text: ) (vein: [0, 1, 2, 4, 5, 8, 9, 10, 11, 12, 18, 19, 20, 21, 23, 26, 33, 35, 37, 38, 39, 40, 41, 42, 43, 44, 52, 53, 54, 55, 56, 60, 62, 63]) )
                                          ( Nucleus (span: 44 46)
                                            ( Nucleus (leaf: 44) (text: ) (vein: [0, 1, 2, 4, 5, 8, 9, 10, 11, 12, 18, 19, 20, 21, 23, 26, 33, 35, 37, 38, 39, 40, 41, 42, 43, 44, 52, 53, 54, 55, 56, 60, 62, 63]) )
                                            ( Sattelite (span: 45 46)
                                              ( Nucleus (leaf: 45) (text: ) (vein: [1, 2, 4, 8, 9, 10, 11, 12, 18, 19, 20, 23, 26, 33, 35, 37, 38, 39, 41, 42, 43, 44, 45, 46, 52, 53, 54, 55, 56, 60, 62, 63]) )
                                              ( Nucleus (leaf: 46) (text: ) (vein: [1, 2, 4, 8, 9, 10, 11, 12, 18, 19, 20, 23, 26, 33, 35, 37, 38, 39, 41, 42, 43, 44, 45, 46, 52, 53, 54, 55, 56, 60, 62, 63]) )
                                            )
                                          )
                                        )
                                        ( Sattelite (span: 47 50)
                                          ( Nucleus (span: 47 48)
                                            ( Nucleus (leaf: 47) (text: ) (vein: [1, 2, 4, 8, 9, 10, 11, 12, 18, 19, 20, 23, 26, 33, 35, 37, 38, 39, 41, 42, 43, 44, 47, 52, 53, 54, 55, 56, 60, 62, 63]) )
                                            ( Sattelite (leaf: 48) (text: ) (vein: [1, 2, 4, 8, 9, 10, 11, 12, 18, 19, 20, 23, 26, 33, 35, 37, 38, 39, 41, 42, 43, 44, 47, 48, 52, 53, 54, 55, 56, 60, 62, 63]) )
                                          )
                                          ( Sattelite (span: 49 50)
                                            ( Nucleus (leaf: 49) (text: ) (vein: [1, 2, 4, 8, 9, 10, 11, 12, 18, 19, 20, 23, 26, 33, 35, 37, 38, 39, 41, 42, 43, 44, 47, 49, 52, 53, 54, 55, 56, 60, 62, 63]) )
                                            ( Sattelite (leaf: 50) (text: ) (vein: [1, 2, 4, 8, 9, 10, 11, 12, 18, 19, 20, 23, 26, 33, 35, 37, 38, 39, 41, 42, 43, 44, 47, 49, 50, 52, 53, 54, 55, 56, 60, 62, 63]) )
                                          )
                                        )
                                      )
                                    )
                                  )
                                )
                              )
                            )
                          )
                        )
                      )
                    )
                  )
                )
              )
            )
          )
        )
      )
    )
  )
  ( Nucleus (span: 51 63)
    ( Sattelite (leaf: 51) (text: Sincerely ) (vein: [1, 2, 4, 8, 9, 10, 11, 12, 18, 19, 20, 23, 26, 33, 35, 37, 38, 39, 41, 42, 43, 44, 51, 52, 53, 54, 55, 56, 60, 62, 63]) )
    ( Nucleus (span: 52 63)
      ( Nucleus (span: 52 54)
        ( Nucleus (leaf: 52) (text: P.S. Of course , your personalized labels are a gift , ) (vein: [1, 2, 4, 8, 9, 10, 11, 12, 18, 19, 20, 23, 26, 33, 35, 37, 38, 39, 41, 42, 43, 44, 51, 52, 53, 54, 55, 56, 60, 62, 63]) )
        ( Nucleus (span: 53 54)
          ( Nucleus (leaf: 53) (text: yours to keep whether ) (vein: [1, 2, 4, 8, 9, 10, 11, 12, 18, 19, 20, 23, 26, 33, 35, 37, 38, 39, 41, 42, 43, 44, 51, 52, 53, 54, 55, 56, 60, 62, 63]) )
          ( Nucleus (leaf: 54) (text: or not you choose to join us . ) (vein: [1, 2, 4, 8, 9, 10, 11, 12, 18, 19, 20, 23, 26, 33, 35, 37, 38, 39, 41, 42, 43, 44, 51, 52, 53, 54, 55, 56, 60, 62, 63]) )
        )
      )
      ( Nucleus (span: 55 63)
        ( Nucleus (span: 55 59)
          ( Nucleus (span: 55 58)
            ( Nucleus (leaf: 55) (text: But think how much you -- ) (vein: [1, 2, 4, 8, 9, 10, 11, 12, 18, 19, 20, 23, 26, 33, 35, 37, 38, 39, 41, 42, 43, 44, 51, 52, 53, 54, 55, 56, 60, 62, 63]) )
            ( Nucleus (span: 56 58)
              ( Nucleus (leaf: 56) (text: and your loved ones who share this watery planet of ours -- ) (vein: [1, 2, 4, 8, 9, 10, 11, 12, 18, 19, 20, 23, 26, 33, 35, 37, 38, 39, 41, 42, 43, 44, 51, 52, 53, 54, 55, 56, 60, 62, 63]) )
              ( Sattelite (span: 57 58)
                ( Nucleus (leaf: 57) (text: stand to gain ) (vein: [1, 2, 4, 8, 9, 10, 11, 12, 18, 19, 20, 23, 26, 33, 35, 37, 38, 39, 41, 42, 43, 44, 52, 53, 54, 55, 56, 57, 58, 60, 62, 63]) )
                ( Nucleus (leaf: 58) (text: if you join . ) (vein: [1, 2, 4, 8, 9, 10, 11, 12, 18, 19, 20, 23, 26, 33, 35, 37, 38, 39, 41, 42, 43, 44, 52, 53, 54, 55, 56, 57, 58, 60, 62, 63]) )
              )
            )
          )
          ( Sattelite (leaf: 59) (text: Isn ' t that really worth at least a nickel a day ? ) (vein: [1, 2, 4, 8, 9, 10, 11, 12, 18, 19, 20, 23, 26, 33, 35, 37, 38, 39, 41, 42, 43, 44, 52, 53, 54, 55, 56, 59, 60, 62, 63]) )
        )
        ( Nucleus (span: 60 63)
          ( Nucleus (span: 60 61)
            ( Nucleus (leaf: 60) (text: P.P.S And , if you are able to send a gift of $ 15 or more , ) (vein: [1, 2, 4, 8, 9, 10, 11, 12, 18, 19, 20, 23, 26, 33, 35, 37, 38, 39, 41, 42, 43, 44, 51, 52, 53, 54, 55, 56, 60, 62, 63]) )
            ( Sattelite (leaf: 61) (text: as a special new member bonus , I ' ll send you our exclusive dolphin tote bag . ) (vein: [1, 2, 4, 8, 9, 10, 11, 12, 18, 19, 20, 23, 26, 33, 35, 37, 38, 39, 41, 42, 43, 44, 52, 53, 54, 55, 56, 60, 61, 62, 63]) )
          )
          ( Nucleus (span: 62 63)
            ( Nucleus (leaf: 62) (text: It ' s made of navy cotton canvas , features three playful dolphins , ) (vein: [1, 2, 4, 8, 9, 10, 11, 12, 18, 19, 20, 23, 26, 33, 35, 37, 38, 39, 41, 42, 43, 44, 51, 52, 53, 54, 55, 56, 60, 62, 63]) )
            ( Nucleus (leaf: 63) (text: and it ' s a great way to show your support and protect the marine environment . ) (vein: [1, 2, 4, 8, 9, 10, 11, 12, 18, 19, 20, 23, 26, 33, 35, 37, 38, 39, 41, 42, 43, 44, 51, 52, 53, 54, 55, 56, 60, 62, 63]) )
          )
        )
      )
    )
  )
)

