( Root (0 99 )
  ( Nucleus (span: 0 3)
    ( Nucleus (leaf: 0) (text: ) (vein: [0, 5, 6, 7, 10, 11, 18, 19, 23, 24]) )
    ( Sattelite (span: 1 3)
      ( Nucleus (leaf: 1) (text: ) (vein: [0, 1, 5, 6, 7, 10, 11, 18, 19, 23, 24]) )
      ( Sattelite (span: 2 3)
        ( Nucleus (leaf: 2) (text: ) (vein: [0, 1, 2, 3, 5, 6, 7, 10, 11, 18, 19, 23, 24]) )
        ( Nucleus (leaf: 3) (text: ) (vein: [0, 1, 2, 3, 5, 6, 7, 10, 11, 18, 19, 23, 24]) )
      )
    )
  )
  ( Nucleus (span: 4 99)
    ( Nucleus (span: 4 24)
      ( Sattelite (leaf: 4) (text: ) (vein: [0, 4, 5, 6, 7, 10, 11, 18, 19, 23, 24]) )
      ( Nucleus (span: 5 24)
        ( Nucleus (leaf: 5) (text: ) (vein: [0, 4, 5, 6, 7, 10, 11, 18, 19, 23, 24]) )
        ( Nucleus (span: 6 24)
          ( Nucleus (span: 6 7)
            ( Nucleus (leaf: 6) (text: ) (vein: [0, 4, 5, 6, 7, 10, 11, 18, 19, 23, 24]) )
            ( Nucleus (leaf: 7) (text: ) (vein: [0, 4, 5, 6, 7, 10, 11, 18, 19, 23, 24]) )
          )
          ( Nucleus (span: 8 24)
            ( Sattelite (span: 8 9)
              ( Nucleus (leaf: 8) (text: ) (vein: [0, 4, 5, 6, 7, 8, 10, 11, 18, 19, 23, 24]) )
              ( Sattelite (leaf: 9) (text: ) (vein: [0, 5, 6, 7, 8, 9, 10, 11, 18, 19, 23, 24]) )
            )
            ( Nucleus (span: 10 24)
              ( Nucleus (leaf: 10) (text: ) (vein: [0, 4, 5, 6, 7, 8, 10, 11, 18, 19, 23, 24]) )
              ( Nucleus (span: 11 24)
                ( Nucleus (span: 11 17)
                  ( Nucleus (leaf: 11) (text: ) (vein: [0, 4, 5, 6, 7, 8, 10, 11, 18, 19, 23, 24]) )
                  ( Sattelite (span: 12 17)
                    ( Nucleus (leaf: 12) (text: ) (vein: [0, 5, 6, 7, 10, 11, 12, 18, 19, 23, 24]) )
                    ( Sattelite (span: 13 17)
                      ( Nucleus (span: 13 14)
                        ( Nucleus (leaf: 13) (text: ) (vein: [0, 5, 6, 7, 10, 11, 12, 13, 15, 18, 19, 23, 24]) )
                        ( Sattelite (leaf: 14) (text: ) (vein: [0, 5, 6, 7, 10, 11, 12, 13, 14, 15, 18, 19, 23, 24]) )
                      )
                      ( Nucleus (span: 15 17)
                        ( Nucleus (leaf: 15) (text: ) (vein: [0, 5, 6, 7, 10, 11, 12, 13, 15, 18, 19, 23, 24]) )
                        ( Sattelite (span: 16 17)
                          ( Nucleus (leaf: 16) (text: ) (vein: [0, 5, 6, 7, 10, 11, 12, 13, 15, 16, 18, 19, 23, 24]) )
                          ( Sattelite (leaf: 17) (text: ) (vein: [0, 5, 6, 7, 10, 11, 12, 13, 15, 16, 17, 18, 19, 23, 24]) )
                        )
                      )
                    )
                  )
                )
                ( Nucleus (span: 18 24)
                  ( Nucleus (leaf: 18) (text: ) (vein: [0, 4, 5, 6, 7, 8, 10, 11, 18, 19, 23, 24]) )
                  ( Nucleus (span: 19 24)
                    ( Nucleus (span: 19 22)
                      ( Nucleus (span: 19 20)
                        ( Nucleus (leaf: 19) (text: ) (vein: [0, 4, 5, 6, 7, 8, 10, 11, 18, 19, 23, 24]) )
                        ( Sattelite (leaf: 20) (text: ) (vein: [0, 5, 6, 7, 10, 11, 18, 19, 20, 23, 24]) )
                      )
                      ( Sattelite (span: 21 22)
                        ( Nucleus (leaf: 21) (text: ) (vein: [0, 5, 6, 7, 10, 11, 18, 19, 21, 23, 24]) )
                        ( Sattelite (leaf: 22) (text: ) (vein: [0, 5, 6, 7, 10, 11, 18, 19, 21, 22, 23, 24]) )
                      )
                    )
                    ( Nucleus (span: 23 24)
                      ( Nucleus (leaf: 23) (text: ) (vein: [0, 4, 5, 6, 7, 8, 10, 11, 18, 19, 23, 24]) )
                      ( Nucleus (leaf: 24) (text: ) (vein: [0, 4, 5, 6, 7, 8, 10, 11, 18, 19, 23, 24]) )
                    )
                  )
                )
              )
            )
          )
        )
      )
    )
    ( Sattelite (span: 25 99)
      ( Nucleus (span: 25 27)
        ( Nucleus (span: 25 26)
          ( Nucleus (leaf: 25) (text: ) (vein: [0, 5, 6, 7, 10, 11, 18, 19, 23, 24, 25]) )
          ( Sattelite (leaf: 26) (text: ) (vein: [0, 5, 6, 7, 10, 11, 18, 19, 23, 24, 25, 26]) )
        )
        ( Sattelite (leaf: 27) (text: ) (vein: [0, 5, 6, 7, 10, 11, 18, 19, 23, 24, 25, 27]) )
      )
      ( Sattelite (span: 28 99)
        ( Nucleus (span: 28 85)
          ( Nucleus (leaf: 28) (text: ) (vein: [0, 5, 6, 7, 10, 11, 18, 19, 23, 24, 25, 28, 29, 35, 36, 37, 38, 39, 40, 41, 42, 51, 52, 54, 57, 60, 63, 65, 66, 70, 71, 75, 79, 80]) )
          ( Nucleus (span: 29 85)
            ( Nucleus (span: 29 34)
              ( Nucleus (span: 29 30)
                ( Nucleus (leaf: 29) (text: ) (vein: [0, 5, 6, 7, 10, 11, 18, 19, 23, 24, 25, 28, 29, 35, 36, 37, 38, 39, 40, 41, 42, 51, 52, 54, 57, 60, 63, 65, 66, 70, 71, 75, 79, 80]) )
                ( Sattelite (leaf: 30) (text: ) (vein: [0, 5, 6, 7, 10, 11, 18, 19, 23, 24, 25, 28, 29, 30, 35, 36, 37, 38, 39, 40, 41, 42, 51, 52, 54, 57, 60, 63, 65, 66, 70, 71, 75, 79, 80]) )
              )
              ( Sattelite (span: 31 34)
                ( Nucleus (leaf: 31) (text: ) (vein: [0, 5, 6, 7, 10, 11, 18, 19, 23, 24, 25, 28, 29, 31, 35, 36, 37, 38, 39, 40, 41, 42, 51, 52, 54, 57, 60, 63, 65, 66, 70, 71, 75, 79, 80]) )
                ( Sattelite (span: 32 34)
                  ( Nucleus (leaf: 32) (text: ) (vein: [0, 5, 6, 7, 10, 11, 18, 19, 23, 24, 25, 28, 29, 31, 32, 35, 36, 37, 38, 39, 40, 41, 42, 51, 52, 54, 57, 60, 63, 65, 66, 70, 71, 75, 79, 80]) )
                  ( Sattelite (span: 33 34)
                    ( Nucleus (leaf: 33) (text: ) (vein: [0, 5, 6, 7, 10, 11, 18, 19, 23, 24, 25, 28, 29, 31, 32, 33, 35, 36, 37, 38, 39, 40, 41, 42, 51, 52, 54, 57, 60, 63, 65, 66, 70, 71, 75, 79, 80]) )
                    ( Sattelite (leaf: 34) (text: ) (vein: [0, 5, 6, 7, 10, 11, 18, 19, 23, 24, 25, 28, 29, 31, 32, 33, 34, 35, 36, 37, 38, 39, 40, 41, 42, 51, 52, 54, 57, 60, 63, 65, 66, 70, 71, 75, 79, 80]) )
                  )
                )
              )
            )
            ( Nucleus (span: 35 85)
              ( Nucleus (leaf: 35) (text: ) (vein: [0, 5, 6, 7, 10, 11, 18, 19, 23, 24, 25, 28, 29, 35, 36, 37, 38, 39, 40, 41, 42, 51, 52, 54, 57, 60, 63, 65, 66, 70, 71, 75, 79, 80]) )
              ( Nucleus (span: 36 85)
                ( Nucleus (span: 36 37)
                  ( Nucleus (leaf: 36) (text: ) (vein: [0, 5, 6, 7, 10, 11, 18, 19, 23, 24, 25, 28, 29, 35, 36, 37, 38, 39, 40, 41, 42, 51, 52, 54, 57, 60, 63, 65, 66, 70, 71, 75, 79, 80]) )
                  ( Nucleus (leaf: 37) (text: ) (vein: [0, 5, 6, 7, 10, 11, 18, 19, 23, 24, 25, 28, 29, 35, 36, 37, 38, 39, 40, 41, 42, 51, 52, 54, 57, 60, 63, 65, 66, 70, 71, 75, 79, 80]) )
                )
                ( Nucleus (span: 38 85)
                  ( Nucleus (span: 38 39)
                    ( Nucleus (leaf: 38) (text: ) (vein: [0, 5, 6, 7, 10, 11, 18, 19, 23, 24, 25, 28, 29, 35, 36, 37, 38, 39, 40, 41, 42, 51, 52, 54, 57, 60, 63, 65, 66, 70, 71, 75, 79, 80]) )
                    ( Nucleus (leaf: 39) (text: ) (vein: [0, 5, 6, 7, 10, 11, 18, 19, 23, 24, 25, 28, 29, 35, 36, 37, 38, 39, 40, 41, 42, 51, 52, 54, 57, 60, 63, 65, 66, 70, 71, 75, 79, 80]) )
                  )
                  ( Nucleus (span: 40 85)
                    ( Nucleus (span: 40 50)
                      ( Nucleus (span: 40 43)
                        ( Nucleus (leaf: 40) (text: ) (vein: [0, 5, 6, 7, 10, 11, 18, 19, 23, 24, 25, 28, 29, 35, 36, 37, 38, 39, 40, 41, 42, 51, 52, 54, 57, 60, 63, 65, 66, 70, 71, 75, 79, 80]) )
                        ( Nucleus (span: 41 43)
                          ( Nucleus (leaf: 41) (text: ) (vein: [0, 5, 6, 7, 10, 11, 18, 19, 23, 24, 25, 28, 29, 35, 36, 37, 38, 39, 40, 41, 42, 51, 52, 54, 57, 60, 63, 65, 66, 70, 71, 75, 79, 80]) )
                          ( Nucleus (span: 42 43)
                            ( Nucleus (leaf: 42) (text: ) (vein: [0, 5, 6, 7, 10, 11, 18, 19, 23, 24, 25, 28, 29, 35, 36, 37, 38, 39, 40, 41, 42, 51, 52, 54, 57, 60, 63, 65, 66, 70, 71, 75, 79, 80]) )
                            ( Sattelite (leaf: 43) (text: ) (vein: [0, 5, 6, 7, 10, 11, 18, 19, 23, 24, 25, 28, 29, 35, 36, 37, 38, 39, 40, 41, 42, 43, 51, 52, 54, 57, 60, 63, 65, 66, 70, 71, 75, 79, 80]) )
                          )
                        )
                      )
                      ( Sattelite (span: 44 50)
                        ( Nucleus (leaf: 44) (text: ) (vein: [0, 5, 6, 7, 10, 11, 18, 19, 23, 24, 25, 28, 29, 35, 36, 37, 38, 39, 40, 41, 42, 44, 51, 52, 54, 57, 60, 63, 65, 66, 70, 71, 75, 79, 80]) )
                        ( Sattelite (span: 45 50)
                          ( Nucleus (span: 45 47)
                            ( Nucleus (leaf: 45) (text: ) (vein: [0, 5, 6, 7, 10, 11, 18, 19, 23, 24, 25, 28, 29, 35, 36, 37, 38, 39, 40, 41, 42, 44, 45, 51, 52, 54, 57, 60, 63, 65, 66, 70, 71, 75, 79, 80]) )
                            ( Sattelite (span: 46 47)
                              ( Nucleus (leaf: 46) (text: ) (vein: [0, 5, 6, 7, 10, 11, 18, 19, 23, 24, 25, 28, 29, 35, 36, 37, 38, 39, 40, 41, 42, 44, 45, 46, 51, 52, 54, 57, 60, 63, 65, 66, 70, 71, 75, 79, 80]) )
                              ( Sattelite (leaf: 47) (text: ) (vein: [0, 5, 6, 7, 10, 11, 18, 19, 23, 24, 25, 28, 29, 35, 36, 37, 38, 39, 40, 41, 42, 44, 45, 46, 47, 51, 52, 54, 57, 60, 63, 65, 66, 70, 71, 75, 79, 80]) )
                            )
                          )
                          ( Sattelite (span: 48 50)
                            ( Nucleus (leaf: 48) (text: ) (vein: [0, 5, 6, 7, 10, 11, 18, 19, 23, 24, 25, 28, 29, 35, 36, 37, 38, 39, 40, 41, 42, 44, 45, 48, 51, 52, 54, 57, 60, 63, 65, 66, 70, 71, 75, 79, 80]) )
                            ( Sattelite (span: 49 50)
                              ( Nucleus (leaf: 49) (text: ) (vein: [0, 5, 6, 7, 10, 11, 18, 19, 23, 24, 25, 28, 29, 35, 36, 37, 38, 39, 40, 41, 42, 44, 45, 48, 49, 50, 51, 52, 54, 57, 60, 63, 65, 66, 70, 71, 75, 79, 80]) )
                              ( Nucleus (leaf: 50) (text: ) (vein: [0, 5, 6, 7, 10, 11, 18, 19, 23, 24, 25, 28, 29, 35, 36, 37, 38, 39, 40, 41, 42, 44, 45, 48, 49, 50, 51, 52, 54, 57, 60, 63, 65, 66, 70, 71, 75, 79, 80]) )
                            )
                          )
                        )
                      )
                    )
                    ( Nucleus (span: 51 85)
                      ( Nucleus (leaf: 51) (text: ) (vein: [0, 5, 6, 7, 10, 11, 18, 19, 23, 24, 25, 28, 29, 35, 36, 37, 38, 39, 40, 41, 42, 51, 52, 54, 57, 60, 63, 65, 66, 70, 71, 75, 79, 80]) )
                      ( Nucleus (span: 52 85)
                        ( Nucleus (span: 52 56)
                          ( Nucleus (span: 52 54)
                            ( Nucleus (span: 52 53)
                              ( Nucleus (leaf: 52) (text: ) (vein: [0, 5, 6, 7, 10, 11, 18, 19, 23, 24, 25, 28, 29, 35, 36, 37, 38, 39, 40, 41, 42, 51, 52, 54, 57, 60, 63, 65, 66, 70, 71, 75, 79, 80]) )
                              ( Sattelite (leaf: 53) (text: ) (vein: [0, 5, 6, 7, 10, 11, 18, 19, 23, 24, 25, 28, 29, 35, 36, 37, 38, 39, 40, 41, 42, 51, 52, 53, 54, 57, 60, 63, 65, 66, 70, 71, 75, 79, 80]) )
                            )
                            ( Nucleus (leaf: 54) (text: ) (vein: [0, 5, 6, 7, 10, 11, 18, 19, 23, 24, 25, 28, 29, 35, 36, 37, 38, 39, 40, 41, 42, 51, 52, 54, 57, 60, 63, 65, 66, 70, 71, 75, 79, 80]) )
                          )
                          ( Sattelite (span: 55 56)
                            ( Nucleus (leaf: 55) (text: ) (vein: [0, 5, 6, 7, 10, 11, 18, 19, 23, 24, 25, 28, 29, 35, 36, 37, 38, 39, 40, 41, 42, 51, 52, 54, 55, 57, 60, 63, 65, 66, 70, 71, 75, 79, 80]) )
                            ( Sattelite (leaf: 56) (text: ) (vein: [0, 5, 6, 7, 10, 11, 18, 19, 23, 24, 25, 28, 29, 35, 36, 37, 38, 39, 40, 41, 42, 51, 52, 54, 55, 56, 57, 60, 63, 65, 66, 70, 71, 75, 79, 80]) )
                          )
                        )
                        ( Nucleus (span: 57 85)
                          ( Nucleus (span: 57 59)
                            ( Nucleus (span: 57 58)
                              ( Nucleus (leaf: 57) (text: ) (vein: [0, 5, 6, 7, 10, 11, 18, 19, 23, 24, 25, 28, 29, 35, 36, 37, 38, 39, 40, 41, 42, 51, 52, 54, 57, 60, 63, 65, 66, 70, 71, 75, 79, 80]) )
                              ( Sattelite (leaf: 58) (text: ) (vein: [0, 5, 6, 7, 10, 11, 18, 19, 23, 24, 25, 28, 29, 35, 36, 37, 38, 39, 40, 41, 42, 51, 52, 54, 57, 58, 60, 63, 65, 66, 70, 71, 75, 79, 80]) )
                            )
                            ( Sattelite (leaf: 59) (text: ) (vein: [0, 5, 6, 7, 10, 11, 18, 19, 23, 24, 25, 28, 29, 35, 36, 37, 38, 39, 40, 41, 42, 51, 52, 54, 57, 59, 60, 63, 65, 66, 70, 71, 75, 79, 80]) )
                          )
                          ( Nucleus (span: 60 85)
                            ( Nucleus (span: 60 62)
                              ( Nucleus (span: 60 61)
                                ( Nucleus (leaf: 60) (text: ) (vein: [0, 5, 6, 7, 10, 11, 18, 19, 23, 24, 25, 28, 29, 35, 36, 37, 38, 39, 40, 41, 42, 51, 52, 54, 57, 60, 63, 65, 66, 70, 71, 75, 79, 80]) )
                                ( Sattelite (leaf: 61) (text: ) (vein: [0, 5, 6, 7, 10, 11, 18, 19, 23, 24, 25, 28, 29, 35, 36, 37, 38, 39, 40, 41, 42, 51, 52, 54, 57, 60, 61, 63, 65, 66, 70, 71, 75, 79, 80]) )
                              )
                              ( Sattelite (leaf: 62) (text: ) (vein: [0, 5, 6, 7, 10, 11, 18, 19, 23, 24, 25, 28, 29, 35, 36, 37, 38, 39, 40, 41, 42, 51, 52, 54, 57, 60, 62, 63, 65, 66, 70, 71, 75, 79, 80]) )
                            )
                            ( Nucleus (span: 63 85)
                              ( Nucleus (leaf: 63) (text: ) (vein: [0, 5, 6, 7, 10, 11, 18, 19, 23, 24, 25, 28, 29, 35, 36, 37, 38, 39, 40, 41, 42, 51, 52, 54, 57, 60, 63, 65, 66, 70, 71, 75, 79, 80]) )
                              ( Nucleus (span: 64 85)
                                ( Sattelite (leaf: 64) (text: ) (vein: [0, 5, 6, 7, 10, 11, 18, 19, 23, 24, 25, 28, 29, 35, 36, 37, 38, 39, 40, 41, 42, 51, 52, 54, 57, 60, 63, 64, 65, 66, 70, 71, 75, 79, 80]) )
                                ( Nucleus (span: 65 85)
                                  ( Nucleus (span: 65 69)
                                    ( Nucleus (span: 65 66)
                                      ( Nucleus (leaf: 65) (text: ) (vein: [0, 5, 6, 7, 10, 11, 18, 19, 23, 24, 25, 28, 29, 35, 36, 37, 38, 39, 40, 41, 42, 51, 52, 54, 57, 60, 63, 64, 65, 66, 70, 71, 75, 79, 80]) )
                                      ( Nucleus (leaf: 66) (text: ) (vein: [0, 5, 6, 7, 10, 11, 18, 19, 23, 24, 25, 28, 29, 35, 36, 37, 38, 39, 40, 41, 42, 51, 52, 54, 57, 60, 63, 64, 65, 66, 70, 71, 75, 79, 80]) )
                                    )
                                    ( Sattelite (span: 67 69)
                                      ( Nucleus (leaf: 67) (text: ) (vein: [0, 5, 6, 7, 10, 11, 18, 19, 23, 24, 25, 28, 29, 35, 36, 37, 38, 39, 40, 41, 42, 51, 52, 54, 57, 60, 63, 65, 66, 67, 70, 71, 75, 79, 80]) )
                                      ( Sattelite (span: 68 69)
                                        ( Nucleus (leaf: 68) (text: ) (vein: [0, 5, 6, 7, 10, 11, 18, 19, 23, 24, 25, 28, 29, 35, 36, 37, 38, 39, 40, 41, 42, 51, 52, 54, 57, 60, 63, 65, 66, 67, 68, 70, 71, 75, 79, 80]) )
                                        ( Sattelite (leaf: 69) (text: ) (vein: [0, 5, 6, 7, 10, 11, 18, 19, 23, 24, 25, 28, 29, 35, 36, 37, 38, 39, 40, 41, 42, 51, 52, 54, 57, 60, 63, 65, 66, 67, 68, 69, 70, 71, 75, 79, 80]) )
                                      )
                                    )
                                  )
                                  ( Nucleus (span: 70 85)
                                    ( Nucleus (span: 70 73)
                                      ( Nucleus (span: 70 71)
                                        ( Nucleus (leaf: 70) (text: ) (vein: [0, 5, 6, 7, 10, 11, 18, 19, 23, 24, 25, 28, 29, 35, 36, 37, 38, 39, 40, 41, 42, 51, 52, 54, 57, 60, 63, 64, 65, 66, 70, 71, 75, 79, 80]) )
                                        ( Nucleus (leaf: 71) (text: ) (vein: [0, 5, 6, 7, 10, 11, 18, 19, 23, 24, 25, 28, 29, 35, 36, 37, 38, 39, 40, 41, 42, 51, 52, 54, 57, 60, 63, 64, 65, 66, 70, 71, 75, 79, 80]) )
                                      )
                                      ( Sattelite (span: 72 73)
                                        ( Nucleus (leaf: 72) (text: ) (vein: [0, 5, 6, 7, 10, 11, 18, 19, 23, 24, 25, 28, 29, 35, 36, 37, 38, 39, 40, 41, 42, 51, 52, 54, 57, 60, 63, 65, 66, 70, 71, 72, 75, 79, 80]) )
                                        ( Sattelite (leaf: 73) (text: ) (vein: [0, 5, 6, 7, 10, 11, 18, 19, 23, 24, 25, 28, 29, 35, 36, 37, 38, 39, 40, 41, 42, 51, 52, 54, 57, 60, 63, 65, 66, 70, 71, 72, 73, 75, 79, 80]) )
                                      )
                                    )
                                    ( Nucleus (span: 74 85)
                                      ( Nucleus (span: 74 78)
                                        ( Nucleus (span: 74 75)
                                          ( Sattelite (leaf: 74) (text: ) (vein: [0, 5, 6, 7, 10, 11, 18, 19, 23, 24, 25, 28, 29, 35, 36, 37, 38, 39, 40, 41, 42, 51, 52, 54, 57, 60, 63, 64, 65, 66, 70, 71, 74, 75, 79, 80]) )
                                          ( Nucleus (leaf: 75) (text: ) (vein: [0, 5, 6, 7, 10, 11, 18, 19, 23, 24, 25, 28, 29, 35, 36, 37, 38, 39, 40, 41, 42, 51, 52, 54, 57, 60, 63, 64, 65, 66, 70, 71, 74, 75, 79, 80]) )
                                        )
                                        ( Sattelite (span: 76 78)
                                          ( Nucleus (leaf: 76) (text: ) (vein: [0, 5, 6, 7, 10, 11, 18, 19, 23, 24, 25, 28, 29, 35, 36, 37, 38, 39, 40, 41, 42, 51, 52, 54, 57, 60, 63, 65, 66, 70, 71, 75, 76, 79, 80]) )
                                          ( Sattelite (span: 77 78)
                                            ( Nucleus (leaf: 77) (text: ) (vein: [0, 5, 6, 7, 10, 11, 18, 19, 23, 24, 25, 28, 29, 35, 36, 37, 38, 39, 40, 41, 42, 51, 52, 54, 57, 60, 63, 65, 66, 70, 71, 75, 76, 77, 79, 80]) )
                                            ( Sattelite (leaf: 78) (text: ) (vein: [0, 5, 6, 7, 10, 11, 18, 19, 23, 24, 25, 28, 29, 35, 36, 37, 38, 39, 40, 41, 42, 51, 52, 54, 57, 60, 63, 65, 66, 70, 71, 75, 76, 77, 78, 79, 80]) )
                                          )
                                        )
                                      )
                                      ( Nucleus (span: 79 85)
                                        ( Nucleus (span: 79 80)
                                          ( Nucleus (leaf: 79) (text: ) (vein: [0, 5, 6, 7, 10, 11, 18, 19, 23, 24, 25, 28, 29, 35, 36, 37, 38, 39, 40, 41, 42, 51, 52, 54, 57, 60, 63, 64, 65, 66, 70, 71, 75, 79, 80]) )
                                          ( Nucleus (leaf: 80) (text: ) (vein: [0, 5, 6, 7, 10, 11, 18, 19, 23, 24, 25, 28, 29, 35, 36, 37, 38, 39, 40, 41, 42, 51, 52, 54, 57, 60, 63, 64, 65, 66, 70, 71, 75, 79, 80]) )
                                        )
                                        ( Sattelite (span: 81 85)
                                          ( Nucleus (leaf: 81) (text: ) (vein: [0, 5, 6, 7, 10, 11, 18, 19, 23, 24, 25, 28, 29, 35, 36, 37, 38, 39, 40, 41, 42, 51, 52, 54, 57, 60, 63, 65, 66, 70, 71, 75, 79, 80, 81]) )
                                          ( Sattelite (span: 82 85)
                                            ( Nucleus (leaf: 82) (text: ) (vein: [0, 5, 6, 7, 10, 11, 18, 19, 23, 24, 25, 28, 29, 35, 36, 37, 38, 39, 40, 41, 42, 51, 52, 54, 57, 60, 63, 65, 66, 70, 71, 75, 79, 80, 81, 82]) )
                                            ( Sattelite (span: 83 85)
                                              ( Nucleus (leaf: 83) (text: ) (vein: [0, 5, 6, 7, 10, 11, 18, 19, 23, 24, 25, 28, 29, 35, 36, 37, 38, 39, 40, 41, 42, 51, 52, 54, 57, 60, 63, 65, 66, 70, 71, 75, 79, 80, 81, 82, 83]) )
                                              ( Sattelite (span: 84 85)
                                                ( Nucleus (leaf: 84) (text: ) (vein: [0, 5, 6, 7, 10, 11, 18, 19, 23, 24, 25, 28, 29, 35, 36, 37, 38, 39, 40, 41, 42, 51, 52, 54, 57, 60, 63, 65, 66, 70, 71, 75, 79, 80, 81, 82, 83, 84]) )
                                                ( Sattelite (leaf: 85) (text: ) (vein: [0, 5, 6, 7, 10, 11, 18, 19, 23, 24, 25, 28, 29, 35, 36, 37, 38, 39, 40, 41, 42, 51, 52, 54, 57, 60, 63, 65, 66, 70, 71, 75, 79, 80, 81, 82, 83, 84, 85]) )
                                              )
                                            )
                                          )
                                        )
                                      )
                                    )
                                  )
                                )
                              )
                            )
                          )
                        )
                      )
                    )
                  )
                )
              )
            )
          )
        )
        ( Sattelite (span: 86 99)
          ( Sattelite (leaf: 86) (text: Melody M Thibodeau 25 . Sep , 2010 at 7 : 52 am ) (vein: [0, 5, 6, 7, 10, 11, 18, 19, 23, 24, 25, 28, 29, 35, 36, 37, 38, 39, 40, 41, 42, 51, 52, 54, 57, 60, 63, 65, 66, 70, 71, 75, 79, 80, 86, 87, 88]) )
          ( Nucleus (span: 87 99)
            ( Nucleus (leaf: 87) (text: If , someone could start bedding the outer cape 's horses , with this Hay / Straw . ) (vein: [0, 5, 6, 7, 10, 11, 18, 19, 23, 24, 25, 28, 29, 35, 36, 37, 38, 39, 40, 41, 42, 51, 52, 54, 57, 60, 63, 65, 66, 70, 71, 75, 79, 80, 86, 87, 88]) )
            ( Nucleus (span: 88 99)
              ( Nucleus (leaf: 88) (text: You know they could . It would be even better for the system . ) (vein: [0, 5, 6, 7, 10, 11, 18, 19, 23, 24, 25, 28, 29, 35, 36, 37, 38, 39, 40, 41, 42, 51, 52, 54, 57, 60, 63, 65, 66, 70, 71, 75, 79, 80, 86, 87, 88]) )
              ( Sattelite (span: 89 99)
                ( Nucleus (span: 89 90)
                  ( Nucleus (leaf: 89) (text: This would also , ) (vein: [0, 5, 6, 7, 10, 11, 18, 19, 23, 24, 25, 28, 29, 35, 36, 37, 38, 39, 40, 41, 42, 51, 52, 54, 57, 60, 63, 65, 66, 70, 71, 75, 79, 80, 87, 88, 89]) )
                  ( Sattelite (leaf: 90) (text: make it more profitable . ) (vein: [0, 5, 6, 7, 10, 11, 18, 19, 23, 24, 25, 28, 29, 35, 36, 37, 38, 39, 40, 41, 42, 51, 52, 54, 57, 60, 63, 65, 66, 70, 71, 75, 79, 80, 87, 88, 89, 90]) )
                )
                ( Sattelite (span: 91 99)
                  ( Nucleus (leaf: 91) (text: The horses . ) (vein: [0, 5, 6, 7, 10, 11, 18, 19, 23, 24, 25, 28, 29, 35, 36, 37, 38, 39, 40, 41, 42, 51, 52, 54, 57, 60, 63, 65, 66, 70, 71, 75, 79, 80, 87, 88, 89, 91]) )
                  ( Sattelite (span: 92 99)
                    ( Nucleus (leaf: 92) (text: would be heathier . ) (vein: [0, 5, 6, 7, 10, 11, 18, 19, 23, 24, 25, 28, 29, 35, 36, 37, 38, 39, 40, 41, 42, 51, 52, 54, 57, 60, 63, 65, 66, 70, 71, 75, 79, 80, 87, 88, 89, 91, 92]) )
                    ( Sattelite (span: 93 99)
                      ( Nucleus (leaf: 93) (text: They would n't have to be standing on the acidic sand all of the time . ) (vein: [0, 5, 6, 7, 10, 11, 18, 19, 23, 24, 25, 28, 29, 35, 36, 37, 38, 39, 40, 41, 42, 51, 52, 54, 57, 60, 63, 65, 66, 70, 71, 75, 79, 80, 87, 88, 89, 91, 92, 93]) )
                      ( Sattelite (span: 94 99)
                        ( Nucleus (span: 94 95)
                          ( Nucleus (leaf: 94) (text: The straw / hay could also be a form of supplemental food , ) (vein: [0, 5, 6, 7, 10, 11, 18, 19, 23, 24, 25, 28, 29, 35, 36, 37, 38, 39, 40, 41, 42, 51, 52, 54, 57, 60, 63, 65, 66, 70, 71, 75, 79, 80, 87, 88, 89, 91, 92, 93, 94]) )
                          ( Sattelite (leaf: 95) (text: for livestock / horses , which has been used in before times . ) (vein: [0, 5, 6, 7, 10, 11, 18, 19, 23, 24, 25, 28, 29, 35, 36, 37, 38, 39, 40, 41, 42, 51, 52, 54, 57, 60, 63, 65, 66, 70, 71, 75, 79, 80, 87, 88, 89, 91, 92, 93, 94, 95]) )
                        )
                        ( Sattelite (span: 96 99)
                          ( Nucleus (span: 96 97)
                            ( Nucleus (leaf: 96) (text: The straw , should be separated from the manure ) (vein: [0, 5, 6, 7, 10, 11, 18, 19, 23, 24, 25, 28, 29, 35, 36, 37, 38, 39, 40, 41, 42, 51, 52, 54, 57, 60, 63, 65, 66, 70, 71, 75, 79, 80, 87, 88, 89, 91, 92, 93, 94, 96, 97, 98]) )
                            ( Nucleus (leaf: 97) (text: and dried in the air , then buised , by ho . ) (vein: [0, 5, 6, 7, 10, 11, 18, 19, 23, 24, 25, 28, 29, 35, 36, 37, 38, 39, 40, 41, 42, 51, 52, 54, 57, 60, 63, 65, 66, 70, 71, 75, 79, 80, 87, 88, 89, 91, 92, 93, 94, 96, 97, 98]) )
                          )
                          ( Nucleus (span: 98 99)
                            ( Nucleus (leaf: 98) (text: Then it is more ready , ) (vein: [0, 5, 6, 7, 10, 11, 18, 19, 23, 24, 25, 28, 29, 35, 36, 37, 38, 39, 40, 41, 42, 51, 52, 54, 57, 60, 63, 65, 66, 70, 71, 75, 79, 80, 87, 88, 89, 91, 92, 93, 94, 96, 97, 98]) )
                            ( Sattelite (leaf: 99) (text: to be mixed with the soil , in the spring . ) (vein: [0, 5, 6, 7, 10, 11, 18, 19, 23, 24, 25, 28, 29, 35, 36, 37, 38, 39, 40, 41, 42, 51, 52, 54, 57, 60, 63, 65, 66, 70, 71, 75, 79, 80, 87, 88, 89, 91, 92, 93, 94, 96, 97, 98, 99]) )
                          )
                        )
                      )
                    )
                  )
                )
              )
            )
          )
        )
      )
    )
  )
)

