( Root (0 128 )
  ( Nucleus (leaf: 0) (text: ) (vein: [0, 1]) )
  ( Nucleus (span: 1 128)
    ( Nucleus (span: 1 2)
      ( Nucleus (leaf: 1) (text: ) (vein: [0, 1]) )
      ( Sattelite (leaf: 2) (text: ) (vein: [0, 1, 2]) )
    )
    ( Sattelite (span: 3 128)
      ( Nucleus (span: 3 33)
        ( Nucleus (leaf: 3) (text: ) (vein: [0, 1, 3, 4, 5, 8, 10, 11, 12, 13, 14, 15, 18, 19, 22, 23, 24, 25, 26, 27, 30]) )
        ( Nucleus (span: 4 33)
          ( Nucleus (leaf: 4) (text: ) (vein: [0, 1, 3, 4, 5, 8, 10, 11, 12, 13, 14, 15, 18, 19, 22, 23, 24, 25, 26, 27, 30]) )
          ( Nucleus (span: 5 33)
            ( Nucleus (span: 5 7)
              ( Nucleus (leaf: 5) (text: ) (vein: [0, 1, 3, 4, 5, 8, 10, 11, 12, 13, 14, 15, 18, 19, 22, 23, 24, 25, 26, 27, 30]) )
              ( Sattelite (span: 6 7)
                ( Nucleus (leaf: 6) (text: ) (vein: [0, 1, 3, 4, 5, 6, 8, 10, 11, 12, 13, 14, 15, 18, 19, 22, 23, 24, 25, 26, 27, 30]) )
                ( Sattelite (leaf: 7) (text: ) (vein: [0, 1, 3, 4, 5, 6, 7, 8, 10, 11, 12, 13, 14, 15, 18, 19, 22, 23, 24, 25, 26, 27, 30]) )
              )
            )
            ( Nucleus (span: 8 33)
              ( Nucleus (span: 8 9)
                ( Nucleus (leaf: 8) (text: ) (vein: [0, 1, 3, 4, 5, 8, 10, 11, 12, 13, 14, 15, 18, 19, 22, 23, 24, 25, 26, 27, 30]) )
                ( Sattelite (leaf: 9) (text: ) (vein: [0, 1, 3, 4, 5, 8, 9, 10, 11, 12, 13, 14, 15, 18, 19, 22, 23, 24, 25, 26, 27, 30]) )
              )
              ( Nucleus (span: 10 33)
                ( Nucleus (leaf: 10) (text: ) (vein: [0, 1, 3, 4, 5, 8, 10, 11, 12, 13, 14, 15, 18, 19, 22, 23, 24, 25, 26, 27, 30]) )
                ( Nucleus (span: 11 33)
                  ( Nucleus (span: 11 13)
                    ( Nucleus (leaf: 11) (text: ) (vein: [0, 1, 3, 4, 5, 8, 10, 11, 12, 13, 14, 15, 18, 19, 22, 23, 24, 25, 26, 27, 30]) )
                    ( Nucleus (span: 12 13)
                      ( Nucleus (leaf: 12) (text: ) (vein: [0, 1, 3, 4, 5, 8, 10, 11, 12, 13, 14, 15, 18, 19, 22, 23, 24, 25, 26, 27, 30]) )
                      ( Nucleus (leaf: 13) (text: ) (vein: [0, 1, 3, 4, 5, 8, 10, 11, 12, 13, 14, 15, 18, 19, 22, 23, 24, 25, 26, 27, 30]) )
                    )
                  )
                  ( Nucleus (span: 14 33)
                    ( Nucleus (span: 14 16)
                      ( Nucleus (leaf: 14) (text: ) (vein: [0, 1, 3, 4, 5, 8, 10, 11, 12, 13, 14, 15, 18, 19, 22, 23, 24, 25, 26, 27, 30]) )
                      ( Nucleus (span: 15 16)
                        ( Nucleus (leaf: 15) (text: ) (vein: [0, 1, 3, 4, 5, 8, 10, 11, 12, 13, 14, 15, 18, 19, 22, 23, 24, 25, 26, 27, 30]) )
                        ( Sattelite (leaf: 16) (text: ) (vein: [0, 1, 3, 4, 5, 8, 10, 11, 12, 13, 14, 15, 16, 18, 19, 22, 23, 24, 25, 26, 27, 30]) )
                      )
                    )
                    ( Nucleus (span: 17 33)
                      ( Sattelite (leaf: 17) (text: ) (vein: [0, 1, 3, 4, 5, 8, 10, 11, 12, 13, 14, 15, 17, 18, 19, 22, 23, 24, 25, 26, 27, 30]) )
                      ( Nucleus (span: 18 33)
                        ( Nucleus (span: 18 19)
                          ( Nucleus (leaf: 18) (text: ) (vein: [0, 1, 3, 4, 5, 8, 10, 11, 12, 13, 14, 15, 17, 18, 19, 22, 23, 24, 25, 26, 27, 30]) )
                          ( Nucleus (leaf: 19) (text: ) (vein: [0, 1, 3, 4, 5, 8, 10, 11, 12, 13, 14, 15, 17, 18, 19, 22, 23, 24, 25, 26, 27, 30]) )
                        )
                        ( Nucleus (span: 20 33)
                          ( Sattelite (span: 20 21)
                            ( Nucleus (leaf: 20) (text: ) (vein: [0, 1, 3, 4, 5, 8, 10, 11, 12, 13, 14, 15, 17, 18, 19, 20, 22, 23, 24, 25, 26, 27, 30]) )
                            ( Sattelite (leaf: 21) (text: ) (vein: [0, 1, 3, 4, 5, 8, 10, 11, 12, 13, 14, 15, 18, 19, 20, 21, 22, 23, 24, 25, 26, 27, 30]) )
                          )
                          ( Nucleus (span: 22 33)
                            ( Nucleus (span: 22 24)
                              ( Nucleus (leaf: 22) (text: ) (vein: [0, 1, 3, 4, 5, 8, 10, 11, 12, 13, 14, 15, 17, 18, 19, 20, 22, 23, 24, 25, 26, 27, 30]) )
                              ( Nucleus (span: 23 24)
                                ( Nucleus (leaf: 23) (text: ) (vein: [0, 1, 3, 4, 5, 8, 10, 11, 12, 13, 14, 15, 17, 18, 19, 20, 22, 23, 24, 25, 26, 27, 30]) )
                                ( Nucleus (leaf: 24) (text: ) (vein: [0, 1, 3, 4, 5, 8, 10, 11, 12, 13, 14, 15, 17, 18, 19, 20, 22, 23, 24, 25, 26, 27, 30]) )
                              )
                            )
                            ( Nucleus (span: 25 33)
                              ( Nucleus (span: 25 26)
                                ( Nucleus (leaf: 25) (text: ) (vein: [0, 1, 3, 4, 5, 8, 10, 11, 12, 13, 14, 15, 17, 18, 19, 20, 22, 23, 24, 25, 26, 27, 30]) )
                                ( Nucleus (leaf: 26) (text: ) (vein: [0, 1, 3, 4, 5, 8, 10, 11, 12, 13, 14, 15, 17, 18, 19, 20, 22, 23, 24, 25, 26, 27, 30]) )
                              )
                              ( Nucleus (span: 27 33)
                                ( Nucleus (span: 27 28)
                                  ( Nucleus (leaf: 27) (text: ) (vein: [0, 1, 3, 4, 5, 8, 10, 11, 12, 13, 14, 15, 17, 18, 19, 20, 22, 23, 24, 25, 26, 27, 30]) )
                                  ( Sattelite (leaf: 28) (text: ) (vein: [0, 1, 3, 4, 5, 8, 10, 11, 12, 13, 14, 15, 18, 19, 22, 23, 24, 25, 26, 27, 28, 30]) )
                                )
                                ( Nucleus (span: 29 33)
                                  ( Nucleus (span: 29 30)
                                    ( Sattelite (leaf: 29) (text: ) (vein: [0, 1, 3, 4, 5, 8, 10, 11, 12, 13, 14, 15, 17, 18, 19, 20, 22, 23, 24, 25, 26, 27, 29, 30]) )
                                    ( Nucleus (leaf: 30) (text: ) (vein: [0, 1, 3, 4, 5, 8, 10, 11, 12, 13, 14, 15, 17, 18, 19, 20, 22, 23, 24, 25, 26, 27, 29, 30]) )
                                  )
                                  ( Sattelite (span: 31 33)
                                    ( Nucleus (leaf: 31) (text: ) (vein: [0, 1, 3, 4, 5, 8, 10, 11, 12, 13, 14, 15, 18, 19, 22, 23, 24, 25, 26, 27, 30, 31]) )
                                    ( Sattelite (span: 32 33)
                                      ( Nucleus (leaf: 32) (text: ) (vein: [0, 1, 3, 4, 5, 8, 10, 11, 12, 13, 14, 15, 18, 19, 22, 23, 24, 25, 26, 27, 30, 31, 32, 33]) )
                                      ( Nucleus (leaf: 33) (text: ) (vein: [0, 1, 3, 4, 5, 8, 10, 11, 12, 13, 14, 15, 18, 19, 22, 23, 24, 25, 26, 27, 30, 31, 32, 33]) )
                                    )
                                  )
                                )
                              )
                            )
                          )
                        )
                      )
                    )
                  )
                )
              )
            )
          )
        )
      )
      ( Sattelite (span: 34 128)
        ( Nucleus (span: 34 36)
          ( Nucleus (leaf: 34) (text: ) (vein: [0, 1, 3, 4, 5, 8, 10, 11, 12, 13, 14, 15, 18, 19, 22, 23, 24, 25, 26, 27, 30, 34]) )
          ( Sattelite (span: 35 36)
            ( Nucleus (leaf: 35) (text: ) (vein: [0, 1, 3, 4, 5, 8, 10, 11, 12, 13, 14, 15, 18, 19, 22, 23, 24, 25, 26, 27, 30, 34, 35]) )
            ( Sattelite (leaf: 36) (text: ) (vein: [0, 1, 3, 4, 5, 8, 10, 11, 12, 13, 14, 15, 18, 19, 22, 23, 24, 25, 26, 27, 30, 34, 35, 36]) )
          )
        )
        ( Sattelite (span: 37 128)
          ( Nucleus (span: 37 41)
            ( Sattelite (span: 37 38)
              ( Nucleus (leaf: 37) (text: ) (vein: [0, 1, 3, 4, 5, 8, 10, 11, 12, 13, 14, 15, 18, 19, 22, 23, 24, 25, 26, 27, 30, 34, 37, 39]) )
              ( Sattelite (leaf: 38) (text: ) (vein: [0, 1, 3, 4, 5, 8, 10, 11, 12, 13, 14, 15, 18, 19, 22, 23, 24, 25, 26, 27, 30, 34, 37, 38, 39]) )
            )
            ( Nucleus (span: 39 41)
              ( Nucleus (leaf: 39) (text: ) (vein: [0, 1, 3, 4, 5, 8, 10, 11, 12, 13, 14, 15, 18, 19, 22, 23, 24, 25, 26, 27, 30, 34, 37, 39]) )
              ( Sattelite (span: 40 41)
                ( Nucleus (leaf: 40) (text: ) (vein: [0, 1, 3, 4, 5, 8, 10, 11, 12, 13, 14, 15, 18, 19, 22, 23, 24, 25, 26, 27, 30, 34, 39, 40]) )
                ( Sattelite (leaf: 41) (text: ) (vein: [0, 1, 3, 4, 5, 8, 10, 11, 12, 13, 14, 15, 18, 19, 22, 23, 24, 25, 26, 27, 30, 34, 39, 40, 41]) )
              )
            )
          )
          ( Sattelite (span: 42 128)
            ( Nucleus (span: 42 52)
              ( Nucleus (span: 42 46)
                ( Sattelite (leaf: 42) (text: ) (vein: [0, 1, 3, 4, 5, 8, 10, 11, 12, 13, 14, 15, 18, 19, 22, 23, 24, 25, 26, 27, 30, 34, 39, 42, 44, 45]) )
                ( Nucleus (span: 43 46)
                  ( Sattelite (leaf: 43) (text: ) (vein: [0, 1, 3, 4, 5, 8, 10, 11, 12, 13, 14, 15, 18, 19, 22, 23, 24, 25, 26, 27, 30, 34, 39, 42, 43, 44, 45]) )
                  ( Nucleus (span: 44 46)
                    ( Nucleus (leaf: 44) (text: ) (vein: [0, 1, 3, 4, 5, 8, 10, 11, 12, 13, 14, 15, 18, 19, 22, 23, 24, 25, 26, 27, 30, 34, 39, 42, 43, 44, 45]) )
                    ( Nucleus (span: 45 46)
                      ( Nucleus (leaf: 45) (text: ) (vein: [0, 1, 3, 4, 5, 8, 10, 11, 12, 13, 14, 15, 18, 19, 22, 23, 24, 25, 26, 27, 30, 34, 39, 42, 43, 44, 45]) )
                      ( Sattelite (leaf: 46) (text: ) (vein: [0, 1, 3, 4, 5, 8, 10, 11, 12, 13, 14, 15, 18, 19, 22, 23, 24, 25, 26, 27, 30, 34, 39, 44, 45, 46]) )
                    )
                  )
                )
              )
              ( Sattelite (span: 47 52)
                ( Nucleus (leaf: 47) (text: ) (vein: [0, 1, 3, 4, 5, 8, 10, 11, 12, 13, 14, 15, 18, 19, 22, 23, 24, 25, 26, 27, 30, 34, 39, 44, 45, 47]) )
                ( Sattelite (span: 48 52)
                  ( Nucleus (leaf: 48) (text: ) (vein: [0, 1, 3, 4, 5, 8, 10, 11, 12, 13, 14, 15, 18, 19, 22, 23, 24, 25, 26, 27, 30, 34, 39, 44, 45, 47, 48]) )
                  ( Sattelite (span: 49 52)
                    ( Nucleus (span: 49 50)
                      ( Nucleus (leaf: 49) (text: ) (vein: [0, 1, 3, 4, 5, 8, 10, 11, 12, 13, 14, 15, 18, 19, 22, 23, 24, 25, 26, 27, 30, 34, 39, 44, 45, 47, 48, 49, 50]) )
                      ( Nucleus (leaf: 50) (text: ) (vein: [0, 1, 3, 4, 5, 8, 10, 11, 12, 13, 14, 15, 18, 19, 22, 23, 24, 25, 26, 27, 30, 34, 39, 44, 45, 47, 48, 49, 50]) )
                    )
                    ( Sattelite (span: 51 52)
                      ( Nucleus (leaf: 51) (text: ) (vein: [0, 1, 3, 4, 5, 8, 10, 11, 12, 13, 14, 15, 18, 19, 22, 23, 24, 25, 26, 27, 30, 34, 39, 44, 45, 47, 48, 49, 50, 51, 52]) )
                      ( Nucleus (leaf: 52) (text: ) (vein: [0, 1, 3, 4, 5, 8, 10, 11, 12, 13, 14, 15, 18, 19, 22, 23, 24, 25, 26, 27, 30, 34, 39, 44, 45, 47, 48, 49, 50, 51, 52]) )
                    )
                  )
                )
              )
            )
            ( Sattelite (span: 53 128)
              ( Nucleus (span: 53 63)
                ( Sattelite (leaf: 53) (text: ) (vein: [0, 1, 3, 4, 5, 8, 10, 11, 12, 13, 14, 15, 18, 19, 22, 23, 24, 25, 26, 27, 30, 34, 39, 44, 45, 53, 54, 55, 60, 62, 63]) )
                ( Nucleus (span: 54 63)
                  ( Nucleus (span: 54 59)
                    ( Nucleus (span: 54 55)
                      ( Nucleus (leaf: 54) (text: ) (vein: [0, 1, 3, 4, 5, 8, 10, 11, 12, 13, 14, 15, 18, 19, 22, 23, 24, 25, 26, 27, 30, 34, 39, 44, 45, 53, 54, 55, 60, 62, 63]) )
                      ( Nucleus (leaf: 55) (text: ) (vein: [0, 1, 3, 4, 5, 8, 10, 11, 12, 13, 14, 15, 18, 19, 22, 23, 24, 25, 26, 27, 30, 34, 39, 44, 45, 53, 54, 55, 60, 62, 63]) )
                    )
                    ( Sattelite (span: 56 59)
                      ( Nucleus (span: 56 57)
                        ( Nucleus (leaf: 56) (text: ) (vein: [0, 1, 3, 4, 5, 8, 10, 11, 12, 13, 14, 15, 18, 19, 22, 23, 24, 25, 26, 27, 30, 34, 39, 44, 45, 54, 55, 56, 57, 60, 62, 63]) )
                        ( Nucleus (leaf: 57) (text: ) (vein: [0, 1, 3, 4, 5, 8, 10, 11, 12, 13, 14, 15, 18, 19, 22, 23, 24, 25, 26, 27, 30, 34, 39, 44, 45, 54, 55, 56, 57, 60, 62, 63]) )
                      )
                      ( Sattelite (span: 58 59)
                        ( Nucleus (leaf: 58) (text: ) (vein: [0, 1, 3, 4, 5, 8, 10, 11, 12, 13, 14, 15, 18, 19, 22, 23, 24, 25, 26, 27, 30, 34, 39, 44, 45, 54, 55, 56, 57, 58, 60, 62, 63]) )
                        ( Sattelite (leaf: 59) (text: ) (vein: [0, 1, 3, 4, 5, 8, 10, 11, 12, 13, 14, 15, 18, 19, 22, 23, 24, 25, 26, 27, 30, 34, 39, 44, 45, 54, 55, 56, 57, 58, 59, 60, 62, 63]) )
                      )
                    )
                  )
                  ( Nucleus (span: 60 63)
                    ( Nucleus (span: 60 62)
                      ( Nucleus (span: 60 61)
                        ( Nucleus (leaf: 60) (text: ) (vein: [0, 1, 3, 4, 5, 8, 10, 11, 12, 13, 14, 15, 18, 19, 22, 23, 24, 25, 26, 27, 30, 34, 39, 44, 45, 53, 54, 55, 60, 62, 63]) )
                        ( Sattelite (leaf: 61) (text: ) (vein: [0, 1, 3, 4, 5, 8, 10, 11, 12, 13, 14, 15, 18, 19, 22, 23, 24, 25, 26, 27, 30, 34, 39, 44, 45, 54, 55, 60, 61, 62, 63]) )
                      )
                      ( Nucleus (leaf: 62) (text: ) (vein: [0, 1, 3, 4, 5, 8, 10, 11, 12, 13, 14, 15, 18, 19, 22, 23, 24, 25, 26, 27, 30, 34, 39, 44, 45, 53, 54, 55, 60, 62, 63]) )
                    )
                    ( Nucleus (leaf: 63) (text: ) (vein: [0, 1, 3, 4, 5, 8, 10, 11, 12, 13, 14, 15, 18, 19, 22, 23, 24, 25, 26, 27, 30, 34, 39, 44, 45, 53, 54, 55, 60, 62, 63]) )
                  )
                )
              )
              ( Sattelite (span: 64 128)
                ( Nucleus (span: 64 109)
                  ( Nucleus (span: 64 65)
                    ( Nucleus (leaf: 64) (text: ) (vein: [0, 1, 3, 4, 5, 8, 10, 11, 12, 13, 14, 15, 18, 19, 22, 23, 24, 25, 26, 27, 30, 34, 39, 44, 45, 54, 55, 60, 62, 63, 64, 66, 67, 71, 72, 74, 76, 77, 78, 81, 84, 90, 91, 93, 94, 96, 97, 98, 99, 106]) )
                    ( Sattelite (leaf: 65) (text: ) (vein: [0, 1, 3, 4, 5, 8, 10, 11, 12, 13, 14, 15, 18, 19, 22, 23, 24, 25, 26, 27, 30, 34, 39, 44, 45, 54, 55, 60, 62, 63, 64, 65, 66, 67, 71, 72, 74, 76, 77, 78, 81, 84, 90, 91, 93, 94, 96, 97, 98, 99, 106]) )
                  )
                  ( Nucleus (span: 66 109)
                    ( Nucleus (leaf: 66) (text: ) (vein: [0, 1, 3, 4, 5, 8, 10, 11, 12, 13, 14, 15, 18, 19, 22, 23, 24, 25, 26, 27, 30, 34, 39, 44, 45, 54, 55, 60, 62, 63, 64, 66, 67, 71, 72, 74, 76, 77, 78, 81, 84, 90, 91, 93, 94, 96, 97, 98, 99, 106]) )
                    ( Nucleus (span: 67 109)
                      ( Nucleus (span: 67 70)
                        ( Nucleus (leaf: 67) (text: ) (vein: [0, 1, 3, 4, 5, 8, 10, 11, 12, 13, 14, 15, 18, 19, 22, 23, 24, 25, 26, 27, 30, 34, 39, 44, 45, 54, 55, 60, 62, 63, 64, 66, 67, 71, 72, 74, 76, 77, 78, 81, 84, 90, 91, 93, 94, 96, 97, 98, 99, 106]) )
                        ( Sattelite (span: 68 70)
                          ( Nucleus (leaf: 68) (text: ) (vein: [0, 1, 3, 4, 5, 8, 10, 11, 12, 13, 14, 15, 18, 19, 22, 23, 24, 25, 26, 27, 30, 34, 39, 44, 45, 54, 55, 60, 62, 63, 64, 66, 67, 68, 71, 72, 74, 76, 77, 78, 81, 84, 90, 91, 93, 94, 96, 97, 98, 99, 106]) )
                          ( Sattelite (span: 69 70)
                            ( Nucleus (leaf: 69) (text: ) (vein: [0, 1, 3, 4, 5, 8, 10, 11, 12, 13, 14, 15, 18, 19, 22, 23, 24, 25, 26, 27, 30, 34, 39, 44, 45, 54, 55, 60, 62, 63, 64, 66, 67, 68, 69, 71, 72, 74, 76, 77, 78, 81, 84, 90, 91, 93, 94, 96, 97, 98, 99, 106]) )
                            ( Sattelite (leaf: 70) (text: ) (vein: [0, 1, 3, 4, 5, 8, 10, 11, 12, 13, 14, 15, 18, 19, 22, 23, 24, 25, 26, 27, 30, 34, 39, 44, 45, 54, 55, 60, 62, 63, 64, 66, 67, 68, 69, 70, 71, 72, 74, 76, 77, 78, 81, 84, 90, 91, 93, 94, 96, 97, 98, 99, 106]) )
                          )
                        )
                      )
                      ( Nucleus (span: 71 109)
                        ( Nucleus (leaf: 71) (text: ) (vein: [0, 1, 3, 4, 5, 8, 10, 11, 12, 13, 14, 15, 18, 19, 22, 23, 24, 25, 26, 27, 30, 34, 39, 44, 45, 54, 55, 60, 62, 63, 64, 66, 67, 71, 72, 74, 76, 77, 78, 81, 84, 90, 91, 93, 94, 96, 97, 98, 99, 106]) )
                        ( Nucleus (span: 72 109)
                          ( Nucleus (span: 72 73)
                            ( Nucleus (leaf: 72) (text: ) (vein: [0, 1, 3, 4, 5, 8, 10, 11, 12, 13, 14, 15, 18, 19, 22, 23, 24, 25, 26, 27, 30, 34, 39, 44, 45, 54, 55, 60, 62, 63, 64, 66, 67, 71, 72, 74, 76, 77, 78, 81, 84, 90, 91, 93, 94, 96, 97, 98, 99, 106]) )
                            ( Sattelite (leaf: 73) (text: ) (vein: [0, 1, 3, 4, 5, 8, 10, 11, 12, 13, 14, 15, 18, 19, 22, 23, 24, 25, 26, 27, 30, 34, 39, 44, 45, 54, 55, 60, 62, 63, 64, 66, 67, 71, 72, 73, 74, 76, 77, 78, 81, 84, 90, 91, 93, 94, 96, 97, 98, 99, 106]) )
                          )
                          ( Nucleus (span: 74 109)
                            ( Nucleus (span: 74 76)
                              ( Nucleus (span: 74 75)
                                ( Nucleus (leaf: 74) (text: ) (vein: [0, 1, 3, 4, 5, 8, 10, 11, 12, 13, 14, 15, 18, 19, 22, 23, 24, 25, 26, 27, 30, 34, 39, 44, 45, 54, 55, 60, 62, 63, 64, 66, 67, 71, 72, 74, 76, 77, 78, 81, 84, 90, 91, 93, 94, 96, 97, 98, 99, 106]) )
                                ( Sattelite (leaf: 75) (text: ) (vein: [0, 1, 3, 4, 5, 8, 10, 11, 12, 13, 14, 15, 18, 19, 22, 23, 24, 25, 26, 27, 30, 34, 39, 44, 45, 54, 55, 60, 62, 63, 64, 66, 67, 71, 72, 74, 75, 76, 77, 78, 81, 84, 90, 91, 93, 94, 96, 97, 98, 99, 106]) )
                              )
                              ( Nucleus (leaf: 76) (text: ) (vein: [0, 1, 3, 4, 5, 8, 10, 11, 12, 13, 14, 15, 18, 19, 22, 23, 24, 25, 26, 27, 30, 34, 39, 44, 45, 54, 55, 60, 62, 63, 64, 66, 67, 71, 72, 74, 76, 77, 78, 81, 84, 90, 91, 93, 94, 96, 97, 98, 99, 106]) )
                            )
                            ( Nucleus (span: 77 109)
                              ( Nucleus (span: 77 80)
                                ( Nucleus (span: 77 78)
                                  ( Nucleus (leaf: 77) (text: ) (vein: [0, 1, 3, 4, 5, 8, 10, 11, 12, 13, 14, 15, 18, 19, 22, 23, 24, 25, 26, 27, 30, 34, 39, 44, 45, 54, 55, 60, 62, 63, 64, 66, 67, 71, 72, 74, 76, 77, 78, 81, 84, 90, 91, 93, 94, 96, 97, 98, 99, 106]) )
                                  ( Nucleus (leaf: 78) (text: ) (vein: [0, 1, 3, 4, 5, 8, 10, 11, 12, 13, 14, 15, 18, 19, 22, 23, 24, 25, 26, 27, 30, 34, 39, 44, 45, 54, 55, 60, 62, 63, 64, 66, 67, 71, 72, 74, 76, 77, 78, 81, 84, 90, 91, 93, 94, 96, 97, 98, 99, 106]) )
                                )
                                ( Sattelite (span: 79 80)
                                  ( Nucleus (leaf: 79) (text: ) (vein: [0, 1, 3, 4, 5, 8, 10, 11, 12, 13, 14, 15, 18, 19, 22, 23, 24, 25, 26, 27, 30, 34, 39, 44, 45, 54, 55, 60, 62, 63, 64, 66, 67, 71, 72, 74, 76, 77, 78, 79, 81, 84, 90, 91, 93, 94, 96, 97, 98, 99, 106]) )
                                  ( Sattelite (leaf: 80) (text: ) (vein: [0, 1, 3, 4, 5, 8, 10, 11, 12, 13, 14, 15, 18, 19, 22, 23, 24, 25, 26, 27, 30, 34, 39, 44, 45, 54, 55, 60, 62, 63, 64, 66, 67, 71, 72, 74, 76, 77, 78, 79, 80, 81, 84, 90, 91, 93, 94, 96, 97, 98, 99, 106]) )
                                )
                              )
                              ( Nucleus (span: 81 109)
                                ( Nucleus (span: 81 83)
                                  ( Nucleus (leaf: 81) (text: ) (vein: [0, 1, 3, 4, 5, 8, 10, 11, 12, 13, 14, 15, 18, 19, 22, 23, 24, 25, 26, 27, 30, 34, 39, 44, 45, 54, 55, 60, 62, 63, 64, 66, 67, 71, 72, 74, 76, 77, 78, 81, 84, 90, 91, 93, 94, 96, 97, 98, 99, 106]) )
                                  ( Sattelite (span: 82 83)
                                    ( Nucleus (leaf: 82) (text: ) (vein: [0, 1, 3, 4, 5, 8, 10, 11, 12, 13, 14, 15, 18, 19, 22, 23, 24, 25, 26, 27, 30, 34, 39, 44, 45, 54, 55, 60, 62, 63, 64, 66, 67, 71, 72, 74, 76, 77, 78, 81, 82, 84, 90, 91, 93, 94, 96, 97, 98, 99, 106]) )
                                    ( Sattelite (leaf: 83) (text: ) (vein: [0, 1, 3, 4, 5, 8, 10, 11, 12, 13, 14, 15, 18, 19, 22, 23, 24, 25, 26, 27, 30, 34, 39, 44, 45, 54, 55, 60, 62, 63, 64, 66, 67, 71, 72, 74, 76, 77, 78, 81, 82, 83, 84, 90, 91, 93, 94, 96, 97, 98, 99, 106]) )
                                  )
                                )
                                ( Nucleus (span: 84 109)
                                  ( Nucleus (span: 84 88)
                                    ( Nucleus (span: 84 85)
                                      ( Nucleus (leaf: 84) (text: ) (vein: [0, 1, 3, 4, 5, 8, 10, 11, 12, 13, 14, 15, 18, 19, 22, 23, 24, 25, 26, 27, 30, 34, 39, 44, 45, 54, 55, 60, 62, 63, 64, 66, 67, 71, 72, 74, 76, 77, 78, 81, 84, 90, 91, 93, 94, 96, 97, 98, 99, 106]) )
                                      ( Sattelite (leaf: 85) (text: ) (vein: [0, 1, 3, 4, 5, 8, 10, 11, 12, 13, 14, 15, 18, 19, 22, 23, 24, 25, 26, 27, 30, 34, 39, 44, 45, 54, 55, 60, 62, 63, 64, 66, 67, 71, 72, 74, 76, 77, 78, 81, 84, 85, 90, 91, 93, 94, 96, 97, 98, 99, 106]) )
                                    )
                                    ( Sattelite (span: 86 88)
                                      ( Nucleus (span: 86 87)
                                        ( Nucleus (leaf: 86) (text: ) (vein: [0, 1, 3, 4, 5, 8, 10, 11, 12, 13, 14, 15, 18, 19, 22, 23, 24, 25, 26, 27, 30, 34, 39, 44, 45, 54, 55, 60, 62, 63, 64, 66, 67, 71, 72, 74, 76, 77, 78, 81, 84, 86, 87, 88, 90, 91, 93, 94, 96, 97, 98, 99, 106]) )
                                        ( Nucleus (leaf: 87) (text: ) (vein: [0, 1, 3, 4, 5, 8, 10, 11, 12, 13, 14, 15, 18, 19, 22, 23, 24, 25, 26, 27, 30, 34, 39, 44, 45, 54, 55, 60, 62, 63, 64, 66, 67, 71, 72, 74, 76, 77, 78, 81, 84, 86, 87, 88, 90, 91, 93, 94, 96, 97, 98, 99, 106]) )
                                      )
                                      ( Nucleus (leaf: 88) (text: ) (vein: [0, 1, 3, 4, 5, 8, 10, 11, 12, 13, 14, 15, 18, 19, 22, 23, 24, 25, 26, 27, 30, 34, 39, 44, 45, 54, 55, 60, 62, 63, 64, 66, 67, 71, 72, 74, 76, 77, 78, 81, 84, 86, 87, 88, 90, 91, 93, 94, 96, 97, 98, 99, 106]) )
                                    )
                                  )
                                  ( Nucleus (span: 89 109)
                                    ( Nucleus (span: 89 90)
                                      ( Sattelite (leaf: 89) (text: ) (vein: [0, 1, 3, 4, 5, 8, 10, 11, 12, 13, 14, 15, 18, 19, 22, 23, 24, 25, 26, 27, 30, 34, 39, 44, 45, 54, 55, 60, 62, 63, 64, 66, 67, 71, 72, 74, 76, 77, 78, 81, 84, 89, 90, 91, 93, 94, 96, 97, 98, 99, 106]) )
                                      ( Nucleus (leaf: 90) (text: ) (vein: [0, 1, 3, 4, 5, 8, 10, 11, 12, 13, 14, 15, 18, 19, 22, 23, 24, 25, 26, 27, 30, 34, 39, 44, 45, 54, 55, 60, 62, 63, 64, 66, 67, 71, 72, 74, 76, 77, 78, 81, 84, 89, 90, 91, 93, 94, 96, 97, 98, 99, 106]) )
                                    )
                                    ( Nucleus (span: 91 109)
                                      ( Nucleus (span: 91 92)
                                        ( Nucleus (leaf: 91) (text: ) (vein: [0, 1, 3, 4, 5, 8, 10, 11, 12, 13, 14, 15, 18, 19, 22, 23, 24, 25, 26, 27, 30, 34, 39, 44, 45, 54, 55, 60, 62, 63, 64, 66, 67, 71, 72, 74, 76, 77, 78, 81, 84, 90, 91, 93, 94, 96, 97, 98, 99, 106]) )
                                        ( Sattelite (leaf: 92) (text: ) (vein: [0, 1, 3, 4, 5, 8, 10, 11, 12, 13, 14, 15, 18, 19, 22, 23, 24, 25, 26, 27, 30, 34, 39, 44, 45, 54, 55, 60, 62, 63, 64, 66, 67, 71, 72, 74, 76, 77, 78, 81, 84, 90, 91, 92, 93, 94, 96, 97, 98, 99, 106]) )
                                      )
                                      ( Nucleus (span: 93 109)
                                        ( Nucleus (span: 93 95)
                                          ( Nucleus (span: 93 94)
                                            ( Nucleus (leaf: 93) (text: ) (vein: [0, 1, 3, 4, 5, 8, 10, 11, 12, 13, 14, 15, 18, 19, 22, 23, 24, 25, 26, 27, 30, 34, 39, 44, 45, 54, 55, 60, 62, 63, 64, 66, 67, 71, 72, 74, 76, 77, 78, 81, 84, 90, 91, 93, 94, 96, 97, 98, 99, 106]) )
                                            ( Nucleus (leaf: 94) (text: ) (vein: [0, 1, 3, 4, 5, 8, 10, 11, 12, 13, 14, 15, 18, 19, 22, 23, 24, 25, 26, 27, 30, 34, 39, 44, 45, 54, 55, 60, 62, 63, 64, 66, 67, 71, 72, 74, 76, 77, 78, 81, 84, 90, 91, 93, 94, 96, 97, 98, 99, 106]) )
                                          )
                                          ( Sattelite (leaf: 95) (text: ) (vein: [0, 1, 3, 4, 5, 8, 10, 11, 12, 13, 14, 15, 18, 19, 22, 23, 24, 25, 26, 27, 30, 34, 39, 44, 45, 54, 55, 60, 62, 63, 64, 66, 67, 71, 72, 74, 76, 77, 78, 81, 84, 90, 91, 93, 94, 95, 96, 97, 98, 99, 106]) )
                                        )
                                        ( Nucleus (span: 96 109)
                                          ( Nucleus (leaf: 96) (text: ) (vein: [0, 1, 3, 4, 5, 8, 10, 11, 12, 13, 14, 15, 18, 19, 22, 23, 24, 25, 26, 27, 30, 34, 39, 44, 45, 54, 55, 60, 62, 63, 64, 66, 67, 71, 72, 74, 76, 77, 78, 81, 84, 90, 91, 93, 94, 96, 97, 98, 99, 106]) )
                                          ( Nucleus (span: 97 109)
                                            ( Nucleus (span: 97 105)
                                              ( Nucleus (span: 97 99)
                                                ( Nucleus (leaf: 97) (text: ) (vein: [0, 1, 3, 4, 5, 8, 10, 11, 12, 13, 14, 15, 18, 19, 22, 23, 24, 25, 26, 27, 30, 34, 39, 44, 45, 54, 55, 60, 62, 63, 64, 66, 67, 71, 72, 74, 76, 77, 78, 81, 84, 90, 91, 93, 94, 96, 97, 98, 99, 106]) )
                                                ( Nucleus (span: 98 99)
                                                  ( Nucleus (leaf: 98) (text: ) (vein: [0, 1, 3, 4, 5, 8, 10, 11, 12, 13, 14, 15, 18, 19, 22, 23, 24, 25, 26, 27, 30, 34, 39, 44, 45, 54, 55, 60, 62, 63, 64, 66, 67, 71, 72, 74, 76, 77, 78, 81, 84, 90, 91, 93, 94, 96, 97, 98, 99, 106]) )
                                                  ( Nucleus (leaf: 99) (text: ) (vein: [0, 1, 3, 4, 5, 8, 10, 11, 12, 13, 14, 15, 18, 19, 22, 23, 24, 25, 26, 27, 30, 34, 39, 44, 45, 54, 55, 60, 62, 63, 64, 66, 67, 71, 72, 74, 76, 77, 78, 81, 84, 90, 91, 93, 94, 96, 97, 98, 99, 106]) )
                                                )
                                              )
                                              ( Sattelite (span: 100 105)
                                                ( Nucleus (leaf: 100) (text: ) (vein: [0, 1, 3, 4, 5, 8, 10, 11, 12, 13, 14, 15, 18, 19, 22, 23, 24, 25, 26, 27, 30, 34, 39, 44, 45, 54, 55, 60, 62, 63, 64, 66, 67, 71, 72, 74, 76, 77, 78, 81, 84, 90, 91, 93, 94, 96, 97, 98, 99, 100, 106]) )
                                                ( Sattelite (span: 101 105)
                                                  ( Nucleus (span: 101 102)
                                                    ( Nucleus (leaf: 101) (text: ) (vein: [0, 1, 3, 4, 5, 8, 10, 11, 12, 13, 14, 15, 18, 19, 22, 23, 24, 25, 26, 27, 30, 34, 39, 44, 45, 54, 55, 60, 62, 63, 64, 66, 67, 71, 72, 74, 76, 77, 78, 81, 84, 90, 91, 93, 94, 96, 97, 98, 99, 100, 101, 106]) )
                                                    ( Sattelite (leaf: 102) (text: ) (vein: [0, 1, 3, 4, 5, 8, 10, 11, 12, 13, 14, 15, 18, 19, 22, 23, 24, 25, 26, 27, 30, 34, 39, 44, 45, 54, 55, 60, 62, 63, 64, 66, 67, 71, 72, 74, 76, 77, 78, 81, 84, 90, 91, 93, 94, 96, 97, 98, 99, 100, 101, 102, 106]) )
                                                  )
                                                  ( Sattelite (span: 103 105)
                                                    ( Nucleus (leaf: 103) (text: ) (vein: [0, 1, 3, 4, 5, 8, 10, 11, 12, 13, 14, 15, 18, 19, 22, 23, 24, 25, 26, 27, 30, 34, 39, 44, 45, 54, 55, 60, 62, 63, 64, 66, 67, 71, 72, 74, 76, 77, 78, 81, 84, 90, 91, 93, 94, 96, 97, 98, 99, 100, 101, 103, 106]) )
                                                    ( Sattelite (span: 104 105)
                                                      ( Nucleus (leaf: 104) (text: ) (vein: [0, 1, 3, 4, 5, 8, 10, 11, 12, 13, 14, 15, 18, 19, 22, 23, 24, 25, 26, 27, 30, 34, 39, 44, 45, 54, 55, 60, 62, 63, 64, 66, 67, 71, 72, 74, 76, 77, 78, 81, 84, 90, 91, 93, 94, 96, 97, 98, 99, 100, 101, 103, 104, 106]) )
                                                      ( Sattelite (leaf: 105) (text: ) (vein: [0, 1, 3, 4, 5, 8, 10, 11, 12, 13, 14, 15, 18, 19, 22, 23, 24, 25, 26, 27, 30, 34, 39, 44, 45, 54, 55, 60, 62, 63, 64, 66, 67, 71, 72, 74, 76, 77, 78, 81, 84, 90, 91, 93, 94, 96, 97, 98, 99, 100, 101, 103, 104, 105, 106]) )
                                                    )
                                                  )
                                                )
                                              )
                                            )
                                            ( Nucleus (span: 106 109)
                                              ( Nucleus (span: 106 107)
                                                ( Nucleus (leaf: 106) (text: ) (vein: [0, 1, 3, 4, 5, 8, 10, 11, 12, 13, 14, 15, 18, 19, 22, 23, 24, 25, 26, 27, 30, 34, 39, 44, 45, 54, 55, 60, 62, 63, 64, 66, 67, 71, 72, 74, 76, 77, 78, 81, 84, 90, 91, 93, 94, 96, 97, 98, 99, 106]) )
                                                ( Sattelite (leaf: 107) (text: ) (vein: [0, 1, 3, 4, 5, 8, 10, 11, 12, 13, 14, 15, 18, 19, 22, 23, 24, 25, 26, 27, 30, 34, 39, 44, 45, 54, 55, 60, 62, 63, 64, 66, 67, 71, 72, 74, 76, 77, 78, 81, 84, 90, 91, 93, 94, 96, 97, 98, 99, 106, 107]) )
                                              )
                                              ( Sattelite (span: 108 109)
                                                ( Nucleus (leaf: 108) (text: ) (vein: [0, 1, 3, 4, 5, 8, 10, 11, 12, 13, 14, 15, 18, 19, 22, 23, 24, 25, 26, 27, 30, 34, 39, 44, 45, 54, 55, 60, 62, 63, 64, 66, 67, 71, 72, 74, 76, 77, 78, 81, 84, 90, 91, 93, 94, 96, 97, 98, 99, 106, 108, 109]) )
                                                ( Nucleus (leaf: 109) (text: ) (vein: [0, 1, 3, 4, 5, 8, 10, 11, 12, 13, 14, 15, 18, 19, 22, 23, 24, 25, 26, 27, 30, 34, 39, 44, 45, 54, 55, 60, 62, 63, 64, 66, 67, 71, 72, 74, 76, 77, 78, 81, 84, 90, 91, 93, 94, 96, 97, 98, 99, 106, 108, 109]) )
                                              )
                                            )
                                          )
                                        )
                                      )
                                    )
                                  )
                                )
                              )
                            )
                          )
                        )
                      )
                    )
                  )
                )
                ( Sattelite (span: 110 128)
                  ( Nucleus (span: 110 115)
                    ( Nucleus (leaf: 110) (text: ) (vein: [0, 1, 3, 4, 5, 8, 10, 11, 12, 13, 14, 15, 18, 19, 22, 23, 24, 25, 26, 27, 30, 34, 39, 44, 45, 54, 55, 60, 62, 63, 64, 66, 67, 71, 72, 74, 76, 77, 78, 81, 84, 90, 91, 93, 94, 96, 97, 98, 99, 106, 110]) )
                    ( Sattelite (span: 111 115)
                      ( Nucleus (span: 111 113)
                        ( Nucleus (leaf: 111) (text: ) (vein: [0, 1, 3, 4, 5, 8, 10, 11, 12, 13, 14, 15, 18, 19, 22, 23, 24, 25, 26, 27, 30, 34, 39, 44, 45, 54, 55, 60, 62, 63, 64, 66, 67, 71, 72, 74, 76, 77, 78, 81, 84, 90, 91, 93, 94, 96, 97, 98, 99, 106, 110, 111]) )
                        ( Sattelite (span: 112 113)
                          ( Nucleus (leaf: 112) (text: ) (vein: [0, 1, 3, 4, 5, 8, 10, 11, 12, 13, 14, 15, 18, 19, 22, 23, 24, 25, 26, 27, 30, 34, 39, 44, 45, 54, 55, 60, 62, 63, 64, 66, 67, 71, 72, 74, 76, 77, 78, 81, 84, 90, 91, 93, 94, 96, 97, 98, 99, 106, 110, 111, 112, 113]) )
                          ( Nucleus (leaf: 113) (text: ) (vein: [0, 1, 3, 4, 5, 8, 10, 11, 12, 13, 14, 15, 18, 19, 22, 23, 24, 25, 26, 27, 30, 34, 39, 44, 45, 54, 55, 60, 62, 63, 64, 66, 67, 71, 72, 74, 76, 77, 78, 81, 84, 90, 91, 93, 94, 96, 97, 98, 99, 106, 110, 111, 112, 113]) )
                        )
                      )
                      ( Sattelite (span: 114 115)
                        ( Nucleus (leaf: 114) (text: ) (vein: [0, 1, 3, 4, 5, 8, 10, 11, 12, 13, 14, 15, 18, 19, 22, 23, 24, 25, 26, 27, 30, 34, 39, 44, 45, 54, 55, 60, 62, 63, 64, 66, 67, 71, 72, 74, 76, 77, 78, 81, 84, 90, 91, 93, 94, 96, 97, 98, 99, 106, 110, 111, 114]) )
                        ( Sattelite (leaf: 115) (text: ) (vein: [0, 1, 3, 4, 5, 8, 10, 11, 12, 13, 14, 15, 18, 19, 22, 23, 24, 25, 26, 27, 30, 34, 39, 44, 45, 54, 55, 60, 62, 63, 64, 66, 67, 71, 72, 74, 76, 77, 78, 81, 84, 90, 91, 93, 94, 96, 97, 98, 99, 106, 110, 111, 114, 115]) )
                      )
                    )
                  )
                  ( Sattelite (span: 116 128)
                    ( Nucleus (leaf: 116) (text: ) (vein: [0, 1, 3, 4, 5, 8, 10, 11, 12, 13, 14, 15, 18, 19, 22, 23, 24, 25, 26, 27, 30, 34, 39, 44, 45, 54, 55, 60, 62, 63, 64, 66, 67, 71, 72, 74, 76, 77, 78, 81, 84, 90, 91, 93, 94, 96, 97, 98, 99, 106, 110, 116]) )
                    ( Sattelite (span: 117 128)
                      ( Sattelite (leaf: 117) (text: Tried / shared / re-tweeted , with pleasure ! ) (vein: [0, 1, 3, 4, 5, 8, 10, 11, 12, 13, 14, 15, 18, 19, 22, 23, 24, 25, 26, 27, 30, 34, 39, 44, 45, 54, 55, 60, 62, 63, 64, 66, 67, 71, 72, 74, 76, 77, 78, 81, 84, 90, 91, 93, 94, 96, 97, 98, 99, 106, 110, 116, 117, 118, 123, 125, 126]) )
                      ( Nucleus (span: 118 128)
                        ( Nucleus (span: 118 122)
                          ( Nucleus (leaf: 118) (text: My old thrift-store basket-handle witch- bike was glad to see the light of day again . ) (vein: [0, 1, 3, 4, 5, 8, 10, 11, 12, 13, 14, 15, 18, 19, 22, 23, 24, 25, 26, 27, 30, 34, 39, 44, 45, 54, 55, 60, 62, 63, 64, 66, 67, 71, 72, 74, 76, 77, 78, 81, 84, 90, 91, 93, 94, 96, 97, 98, 99, 106, 110, 116, 117, 118, 123, 125, 126]) )
                          ( Sattelite (span: 119 122)
                            ( Nucleus (leaf: 119) (text: Even kept Pansy in the basket as my Toto . ) (vein: [0, 1, 3, 4, 5, 8, 10, 11, 12, 13, 14, 15, 18, 19, 22, 23, 24, 25, 26, 27, 30, 34, 39, 44, 45, 54, 55, 60, 62, 63, 64, 66, 67, 71, 72, 74, 76, 77, 78, 81, 84, 90, 91, 93, 94, 96, 97, 98, 99, 106, 110, 116, 118, 119, 123, 125, 126]) )
                            ( Sattelite (span: 120 122)
                              ( Nucleus (leaf: 120) (text: Bike rescue is not just for kids . ) (vein: [0, 1, 3, 4, 5, 8, 10, 11, 12, 13, 14, 15, 18, 19, 22, 23, 24, 25, 26, 27, 30, 34, 39, 44, 45, 54, 55, 60, 62, 63, 64, 66, 67, 71, 72, 74, 76, 77, 78, 81, 84, 90, 91, 93, 94, 96, 97, 98, 99, 106, 110, 116, 118, 119, 120, 123, 125, 126]) )
                              ( Sattelite (span: 121 122)
                                ( Nucleus (leaf: 121) (text: One of my dear friends who ca n't drive to due to combat injuries had her ride stolen ) (vein: [0, 1, 3, 4, 5, 8, 10, 11, 12, 13, 14, 15, 18, 19, 22, 23, 24, 25, 26, 27, 30, 34, 39, 44, 45, 54, 55, 60, 62, 63, 64, 66, 67, 71, 72, 74, 76, 77, 78, 81, 84, 90, 91, 93, 94, 96, 97, 98, 99, 106, 110, 116, 118, 119, 120, 121, 123, 125, 126]) )
                                ( Sattelite (leaf: 122) (text: while we were sharing a beer in broad daylight last weekend . ) (vein: [0, 1, 3, 4, 5, 8, 10, 11, 12, 13, 14, 15, 18, 19, 22, 23, 24, 25, 26, 27, 30, 34, 39, 44, 45, 54, 55, 60, 62, 63, 64, 66, 67, 71, 72, 74, 76, 77, 78, 81, 84, 90, 91, 93, 94, 96, 97, 98, 99, 106, 110, 116, 118, 119, 120, 121, 122, 123, 125, 126]) )
                              )
                            )
                          )
                        )
                        ( Nucleus (span: 123 128)
                          ( Nucleus (leaf: 123) (text: Shame , shame . ) (vein: [0, 1, 3, 4, 5, 8, 10, 11, 12, 13, 14, 15, 18, 19, 22, 23, 24, 25, 26, 27, 30, 34, 39, 44, 45, 54, 55, 60, 62, 63, 64, 66, 67, 71, 72, 74, 76, 77, 78, 81, 84, 90, 91, 93, 94, 96, 97, 98, 99, 106, 110, 116, 117, 118, 123, 125, 126]) )
                          ( Nucleus (span: 124 128)
                            ( Sattelite (leaf: 124) (text: Her partner is a peace corps alum who also works in a bike shop . ) (vein: [0, 1, 3, 4, 5, 8, 10, 11, 12, 13, 14, 15, 18, 19, 22, 23, 24, 25, 26, 27, 30, 34, 39, 44, 45, 54, 55, 60, 62, 63, 64, 66, 67, 71, 72, 74, 76, 77, 78, 81, 84, 90, 91, 93, 94, 96, 97, 98, 99, 106, 110, 116, 117, 118, 123, 124, 125, 126]) )
                            ( Nucleus (span: 125 128)
                              ( Nucleus (span: 125 127)
                                ( Nucleus (leaf: 125) (text: I passed along this article to her , ) (vein: [0, 1, 3, 4, 5, 8, 10, 11, 12, 13, 14, 15, 18, 19, 22, 23, 24, 25, 26, 27, 30, 34, 39, 44, 45, 54, 55, 60, 62, 63, 64, 66, 67, 71, 72, 74, 76, 77, 78, 81, 84, 90, 91, 93, 94, 96, 97, 98, 99, 106, 110, 116, 117, 118, 123, 124, 125, 126]) )
                                ( Nucleus (span: 126 127)
                                  ( Nucleus (leaf: 126) (text: and she suggest that when we start our own bike rescue , ) (vein: [0, 1, 3, 4, 5, 8, 10, 11, 12, 13, 14, 15, 18, 19, 22, 23, 24, 25, 26, 27, 30, 34, 39, 44, 45, 54, 55, 60, 62, 63, 64, 66, 67, 71, 72, 74, 76, 77, 78, 81, 84, 90, 91, 93, 94, 96, 97, 98, 99, 106, 110, 116, 117, 118, 123, 124, 125, 126]) )
                                  ( Sattelite (leaf: 127) (text: we 'll do like the U . S . in East Timor did and graffiti Delta Bike Rescue on all the chassis . ) (vein: [0, 1, 3, 4, 5, 8, 10, 11, 12, 13, 14, 15, 18, 19, 22, 23, 24, 25, 26, 27, 30, 34, 39, 44, 45, 54, 55, 60, 62, 63, 64, 66, 67, 71, 72, 74, 76, 77, 78, 81, 84, 90, 91, 93, 94, 96, 97, 98, 99, 106, 110, 116, 118, 123, 125, 126, 127]) )
                                )
                              )
                              ( Sattelite (leaf: 128) (text: Fall is exactly 79 % more tingly whe experienced by bike . ) (vein: [0, 1, 3, 4, 5, 8, 10, 11, 12, 13, 14, 15, 18, 19, 22, 23, 24, 25, 26, 27, 30, 34, 39, 44, 45, 54, 55, 60, 62, 63, 64, 66, 67, 71, 72, 74, 76, 77, 78, 81, 84, 90, 91, 93, 94, 96, 97, 98, 99, 106, 110, 116, 118, 123, 125, 126, 128]) )
                            )
                          )
                        )
                      )
                    )
                  )
                )
              )
            )
          )
        )
      )
    )
  )
)

