( Root (0 73 )
  ( Nucleus (span: 0 58)
    ( Nucleus (leaf: 0) (text: ) (vein: [0, 1, 4, 7, 10, 11, 15, 16, 19, 20, 21, 23, 25, 26, 28, 36, 41, 42, 44, 48, 49, 59]) )
    ( Nucleus (span: 1 58)
      ( Nucleus (span: 1 3)
        ( Nucleus (leaf: 1) (text: ) (vein: [0, 1, 4, 7, 10, 11, 15, 16, 19, 20, 21, 23, 25, 26, 28, 36, 41, 42, 44, 48, 49, 59]) )
        ( Sattelite (span: 2 3)
          ( Nucleus (leaf: 2) (text: ) (vein: [0, 1, 2, 4, 7, 10, 11, 15, 16, 19, 20, 21, 23, 25, 26, 28, 36, 41, 42, 44, 48, 49, 59]) )
          ( Sattelite (leaf: 3) (text: ) (vein: [0, 1, 2, 3, 4, 7, 10, 11, 15, 16, 19, 20, 21, 23, 25, 26, 28, 36, 41, 42, 44, 48, 49, 59]) )
        )
      )
      ( Nucleus (span: 4 58)
        ( Nucleus (span: 4 6)
          ( Nucleus (leaf: 4) (text: ) (vein: [0, 1, 4, 7, 10, 11, 15, 16, 19, 20, 21, 23, 25, 26, 28, 36, 41, 42, 44, 48, 49, 59]) )
          ( Sattelite (span: 5 6)
            ( Nucleus (leaf: 5) (text: ) (vein: [0, 1, 4, 5, 7, 10, 11, 15, 16, 19, 20, 21, 23, 25, 26, 28, 36, 41, 42, 44, 48, 49, 59]) )
            ( Sattelite (leaf: 6) (text: ) (vein: [0, 1, 4, 5, 6, 7, 10, 11, 15, 16, 19, 20, 21, 23, 25, 26, 28, 36, 41, 42, 44, 48, 49, 59]) )
          )
        )
        ( Nucleus (span: 7 58)
          ( Nucleus (leaf: 7) (text: ) (vein: [0, 1, 4, 7, 10, 11, 15, 16, 19, 20, 21, 23, 25, 26, 28, 36, 41, 42, 44, 48, 49, 59]) )
          ( Nucleus (span: 8 58)
            ( Sattelite (span: 8 9)
              ( Nucleus (leaf: 8) (text: ) (vein: [0, 1, 4, 7, 8, 10, 11, 15, 16, 19, 20, 21, 23, 25, 26, 28, 36, 41, 42, 44, 48, 49, 59]) )
              ( Sattelite (leaf: 9) (text: ) (vein: [0, 1, 4, 7, 8, 9, 10, 11, 15, 16, 19, 20, 21, 23, 25, 26, 28, 36, 41, 42, 44, 48, 49, 59]) )
            )
            ( Nucleus (span: 10 58)
              ( Nucleus (span: 10 13)
                ( Nucleus (leaf: 10) (text: ) (vein: [0, 1, 4, 7, 8, 10, 11, 15, 16, 19, 20, 21, 23, 25, 26, 28, 36, 41, 42, 44, 48, 49, 59]) )
                ( Nucleus (span: 11 13)
                  ( Nucleus (leaf: 11) (text: ) (vein: [0, 1, 4, 7, 8, 10, 11, 15, 16, 19, 20, 21, 23, 25, 26, 28, 36, 41, 42, 44, 48, 49, 59]) )
                  ( Sattelite (span: 12 13)
                    ( Nucleus (leaf: 12) (text: ) (vein: [0, 1, 4, 7, 10, 11, 12, 15, 16, 19, 20, 21, 23, 25, 26, 28, 36, 41, 42, 44, 48, 49, 59]) )
                    ( Sattelite (leaf: 13) (text: ) (vein: [0, 1, 4, 7, 10, 11, 12, 13, 15, 16, 19, 20, 21, 23, 25, 26, 28, 36, 41, 42, 44, 48, 49, 59]) )
                  )
                )
              )
              ( Nucleus (span: 14 58)
                ( Sattelite (leaf: 14) (text: ) (vein: [0, 1, 4, 7, 8, 10, 11, 14, 15, 16, 19, 20, 21, 23, 25, 26, 28, 36, 41, 42, 44, 48, 49, 59]) )
                ( Nucleus (span: 15 58)
                  ( Nucleus (leaf: 15) (text: ) (vein: [0, 1, 4, 7, 8, 10, 11, 14, 15, 16, 19, 20, 21, 23, 25, 26, 28, 36, 41, 42, 44, 48, 49, 59]) )
                  ( Nucleus (span: 16 58)
                    ( Nucleus (span: 16 18)
                      ( Nucleus (leaf: 16) (text: ) (vein: [0, 1, 4, 7, 8, 10, 11, 14, 15, 16, 19, 20, 21, 23, 25, 26, 28, 36, 41, 42, 44, 48, 49, 59]) )
                      ( Sattelite (span: 17 18)
                        ( Nucleus (leaf: 17) (text: ) (vein: [0, 1, 4, 7, 10, 11, 15, 16, 17, 19, 20, 21, 23, 25, 26, 28, 36, 41, 42, 44, 48, 49, 59]) )
                        ( Sattelite (leaf: 18) (text: ) (vein: [0, 1, 4, 7, 10, 11, 15, 16, 17, 18, 19, 20, 21, 23, 25, 26, 28, 36, 41, 42, 44, 48, 49, 59]) )
                      )
                    )
                    ( Nucleus (span: 19 58)
                      ( Nucleus (span: 19 20)
                        ( Nucleus (leaf: 19) (text: ) (vein: [0, 1, 4, 7, 8, 10, 11, 14, 15, 16, 19, 20, 21, 23, 25, 26, 28, 36, 41, 42, 44, 48, 49, 59]) )
                        ( Nucleus (leaf: 20) (text: ) (vein: [0, 1, 4, 7, 8, 10, 11, 14, 15, 16, 19, 20, 21, 23, 25, 26, 28, 36, 41, 42, 44, 48, 49, 59]) )
                      )
                      ( Nucleus (span: 21 58)
                        ( Nucleus (span: 21 24)
                          ( Nucleus (span: 21 22)
                            ( Nucleus (leaf: 21) (text: ) (vein: [0, 1, 4, 7, 8, 10, 11, 14, 15, 16, 19, 20, 21, 23, 25, 26, 28, 36, 41, 42, 44, 48, 49, 59]) )
                            ( Sattelite (leaf: 22) (text: ) (vein: [0, 1, 4, 7, 10, 11, 15, 16, 19, 20, 21, 22, 23, 25, 26, 28, 36, 41, 42, 44, 48, 49, 59]) )
                          )
                          ( Nucleus (span: 23 24)
                            ( Nucleus (leaf: 23) (text: ) (vein: [0, 1, 4, 7, 8, 10, 11, 14, 15, 16, 19, 20, 21, 23, 25, 26, 28, 36, 41, 42, 44, 48, 49, 59]) )
                            ( Sattelite (leaf: 24) (text: ) (vein: [0, 1, 4, 7, 10, 11, 15, 16, 19, 20, 21, 23, 24, 25, 26, 28, 36, 41, 42, 44, 48, 49, 59]) )
                          )
                        )
                        ( Nucleus (span: 25 58)
                          ( Nucleus (leaf: 25) (text: ) (vein: [0, 1, 4, 7, 8, 10, 11, 14, 15, 16, 19, 20, 21, 23, 25, 26, 28, 36, 41, 42, 44, 48, 49, 59]) )
                          ( Nucleus (span: 26 58)
                            ( Nucleus (span: 26 27)
                              ( Nucleus (leaf: 26) (text: ) (vein: [0, 1, 4, 7, 8, 10, 11, 14, 15, 16, 19, 20, 21, 23, 25, 26, 28, 36, 41, 42, 44, 48, 49, 59]) )
                              ( Sattelite (leaf: 27) (text: ) (vein: [0, 1, 4, 7, 10, 11, 15, 16, 19, 20, 21, 23, 25, 26, 27, 28, 36, 41, 42, 44, 48, 49, 59]) )
                            )
                            ( Nucleus (span: 28 58)
                              ( Nucleus (span: 28 35)
                                ( Nucleus (leaf: 28) (text: ) (vein: [0, 1, 4, 7, 8, 10, 11, 14, 15, 16, 19, 20, 21, 23, 25, 26, 28, 36, 41, 42, 44, 48, 49, 59]) )
                                ( Sattelite (span: 29 35)
                                  ( Nucleus (span: 29 32)
                                    ( Nucleus (leaf: 29) (text: ) (vein: [0, 1, 4, 7, 10, 11, 15, 16, 19, 20, 21, 23, 25, 26, 28, 29, 36, 41, 42, 44, 48, 49, 59]) )
                                    ( Sattelite (span: 30 32)
                                      ( Nucleus (leaf: 30) (text: ) (vein: [0, 1, 4, 7, 10, 11, 15, 16, 19, 20, 21, 23, 25, 26, 28, 29, 30, 36, 41, 42, 44, 48, 49, 59]) )
                                      ( Sattelite (span: 31 32)
                                        ( Nucleus (leaf: 31) (text: ) (vein: [0, 1, 4, 7, 10, 11, 15, 16, 19, 20, 21, 23, 25, 26, 28, 29, 30, 31, 36, 41, 42, 44, 48, 49, 59]) )
                                        ( Sattelite (leaf: 32) (text: ) (vein: [0, 1, 4, 7, 10, 11, 15, 16, 19, 20, 21, 23, 25, 26, 28, 29, 30, 31, 32, 36, 41, 42, 44, 48, 49, 59]) )
                                      )
                                    )
                                  )
                                  ( Sattelite (span: 33 35)
                                    ( Nucleus (leaf: 33) (text: ) (vein: [0, 1, 4, 7, 10, 11, 15, 16, 19, 20, 21, 23, 25, 26, 28, 29, 33, 36, 41, 42, 44, 48, 49, 59]) )
                                    ( Sattelite (span: 34 35)
                                      ( Nucleus (leaf: 34) (text: ) (vein: [0, 1, 4, 7, 10, 11, 15, 16, 19, 20, 21, 23, 25, 26, 28, 29, 33, 34, 36, 41, 42, 44, 48, 49, 59]) )
                                      ( Sattelite (leaf: 35) (text: ) (vein: [0, 1, 4, 7, 10, 11, 15, 16, 19, 20, 21, 23, 25, 26, 28, 29, 33, 34, 35, 36, 41, 42, 44, 48, 49, 59]) )
                                    )
                                  )
                                )
                              )
                              ( Nucleus (span: 36 58)
                                ( Nucleus (span: 36 40)
                                  ( Nucleus (leaf: 36) (text: ) (vein: [0, 1, 4, 7, 8, 10, 11, 14, 15, 16, 19, 20, 21, 23, 25, 26, 28, 36, 41, 42, 44, 48, 49, 59]) )
                                  ( Sattelite (span: 37 40)
                                    ( Nucleus (span: 37 39)
                                      ( Nucleus (span: 37 38)
                                        ( Nucleus (leaf: 37) (text: ) (vein: [0, 1, 4, 7, 10, 11, 15, 16, 19, 20, 21, 23, 25, 26, 28, 36, 37, 41, 42, 44, 48, 49, 59]) )
                                        ( Sattelite (leaf: 38) (text: ) (vein: [0, 1, 4, 7, 10, 11, 15, 16, 19, 20, 21, 23, 25, 26, 28, 36, 37, 38, 41, 42, 44, 48, 49, 59]) )
                                      )
                                      ( Sattelite (leaf: 39) (text: ) (vein: [0, 1, 4, 7, 10, 11, 15, 16, 19, 20, 21, 23, 25, 26, 28, 36, 37, 39, 41, 42, 44, 48, 49, 59]) )
                                    )
                                    ( Sattelite (leaf: 40) (text: ) (vein: [0, 1, 4, 7, 10, 11, 15, 16, 19, 20, 21, 23, 25, 26, 28, 36, 37, 40, 41, 42, 44, 48, 49, 59]) )
                                  )
                                )
                                ( Nucleus (span: 41 58)
                                  ( Nucleus (span: 41 43)
                                    ( Nucleus (leaf: 41) (text: ) (vein: [0, 1, 4, 7, 8, 10, 11, 14, 15, 16, 19, 20, 21, 23, 25, 26, 28, 36, 41, 42, 44, 48, 49, 59]) )
                                    ( Nucleus (span: 42 43)
                                      ( Nucleus (leaf: 42) (text: ) (vein: [0, 1, 4, 7, 8, 10, 11, 14, 15, 16, 19, 20, 21, 23, 25, 26, 28, 36, 41, 42, 44, 48, 49, 59]) )
                                      ( Sattelite (leaf: 43) (text: ) (vein: [0, 1, 4, 7, 10, 11, 15, 16, 19, 20, 21, 23, 25, 26, 28, 36, 41, 42, 43, 44, 48, 49, 59]) )
                                    )
                                  )
                                  ( Nucleus (span: 44 58)
                                    ( Nucleus (span: 44 47)
                                      ( Nucleus (leaf: 44) (text: ) (vein: [0, 1, 4, 7, 8, 10, 11, 14, 15, 16, 19, 20, 21, 23, 25, 26, 28, 36, 41, 42, 44, 48, 49, 59]) )
                                      ( Sattelite (span: 45 47)
                                        ( Nucleus (leaf: 45) (text: ) (vein: [0, 1, 4, 7, 10, 11, 15, 16, 19, 20, 21, 23, 25, 26, 28, 36, 41, 42, 44, 45, 46, 48, 49, 59]) )
                                        ( Nucleus (span: 46 47)
                                          ( Nucleus (leaf: 46) (text: ) (vein: [0, 1, 4, 7, 10, 11, 15, 16, 19, 20, 21, 23, 25, 26, 28, 36, 41, 42, 44, 45, 46, 48, 49, 59]) )
                                          ( Sattelite (leaf: 47) (text: ) (vein: [0, 1, 4, 7, 10, 11, 15, 16, 19, 20, 21, 23, 25, 26, 28, 36, 41, 42, 44, 45, 46, 47, 48, 49, 59]) )
                                        )
                                      )
                                    )
                                    ( Nucleus (span: 48 58)
                                      ( Nucleus (span: 48 49)
                                        ( Nucleus (leaf: 48) (text: ) (vein: [0, 1, 4, 7, 8, 10, 11, 14, 15, 16, 19, 20, 21, 23, 25, 26, 28, 36, 41, 42, 44, 48, 49, 59]) )
                                        ( Nucleus (leaf: 49) (text: ) (vein: [0, 1, 4, 7, 8, 10, 11, 14, 15, 16, 19, 20, 21, 23, 25, 26, 28, 36, 41, 42, 44, 48, 49, 59]) )
                                      )
                                      ( Sattelite (span: 50 58)
                                        ( Nucleus (leaf: 50) (text: ) (vein: [0, 1, 4, 7, 10, 11, 15, 16, 19, 20, 21, 23, 25, 26, 28, 36, 41, 42, 44, 48, 49, 50, 59]) )
                                        ( Sattelite (span: 51 58)
                                          ( Nucleus (span: 51 52)
                                            ( Nucleus (leaf: 51) (text: ) (vein: [0, 1, 4, 7, 10, 11, 15, 16, 19, 20, 21, 23, 25, 26, 28, 36, 41, 42, 44, 48, 49, 50, 51, 59]) )
                                            ( Sattelite (leaf: 52) (text: ) (vein: [0, 1, 4, 7, 10, 11, 15, 16, 19, 20, 21, 23, 25, 26, 28, 36, 41, 42, 44, 48, 49, 50, 51, 52, 59]) )
                                          )
                                          ( Sattelite (span: 53 58)
                                            ( Nucleus (span: 53 54)
                                              ( Nucleus (leaf: 53) (text: ) (vein: [0, 1, 4, 7, 10, 11, 15, 16, 19, 20, 21, 23, 25, 26, 28, 36, 41, 42, 44, 48, 49, 50, 51, 53, 59]) )
                                              ( Sattelite (leaf: 54) (text: ) (vein: [0, 1, 4, 7, 10, 11, 15, 16, 19, 20, 21, 23, 25, 26, 28, 36, 41, 42, 44, 48, 49, 50, 51, 53, 54, 59]) )
                                            )
                                            ( Sattelite (span: 55 58)
                                              ( Nucleus (span: 55 56)
                                                ( Nucleus (leaf: 55) (text: ) (vein: [0, 1, 4, 7, 10, 11, 15, 16, 19, 20, 21, 23, 25, 26, 28, 36, 41, 42, 44, 48, 49, 50, 51, 53, 55, 59]) )
                                                ( Sattelite (leaf: 56) (text: ) (vein: [0, 1, 4, 7, 10, 11, 15, 16, 19, 20, 21, 23, 25, 26, 28, 36, 41, 42, 44, 48, 49, 50, 51, 53, 55, 56, 59]) )
                                              )
                                              ( Sattelite (span: 57 58)
                                                ( Nucleus (leaf: 57) (text: ) (vein: [0, 1, 4, 7, 10, 11, 15, 16, 19, 20, 21, 23, 25, 26, 28, 36, 41, 42, 44, 48, 49, 50, 51, 53, 55, 57, 59]) )
                                                ( Sattelite (leaf: 58) (text: ) (vein: [0, 1, 4, 7, 10, 11, 15, 16, 19, 20, 21, 23, 25, 26, 28, 36, 41, 42, 44, 48, 49, 50, 51, 53, 55, 57, 58, 59]) )
                                              )
                                            )
                                          )
                                        )
                                      )
                                    )
                                  )
                                )
                              )
                            )
                          )
                        )
                      )
                    )
                  )
                )
              )
            )
          )
        )
      )
    )
  )
  ( Nucleus (span: 59 73)
    ( Nucleus (leaf: 59) (text: ) (vein: [0, 1, 4, 7, 10, 11, 15, 16, 19, 20, 21, 23, 25, 26, 28, 36, 41, 42, 44, 48, 49, 59]) )
    ( Sattelite (span: 60 73)
      ( Nucleus (span: 60 64)
        ( Nucleus (span: 60 62)
          ( Nucleus (leaf: 60) (text: ) (vein: [0, 1, 4, 7, 10, 11, 15, 16, 19, 20, 21, 23, 25, 26, 28, 36, 41, 42, 44, 48, 49, 59, 60]) )
          ( Sattelite (span: 61 62)
            ( Nucleus (leaf: 61) (text: ) (vein: [0, 1, 4, 7, 10, 11, 15, 16, 19, 20, 21, 23, 25, 26, 28, 36, 41, 42, 44, 48, 49, 59, 60, 61]) )
            ( Sattelite (leaf: 62) (text: ) (vein: [0, 1, 4, 7, 10, 11, 15, 16, 19, 20, 21, 23, 25, 26, 28, 36, 41, 42, 44, 48, 49, 59, 60, 61, 62]) )
          )
        )
        ( Sattelite (span: 63 64)
          ( Nucleus (leaf: 63) (text: ) (vein: [0, 1, 4, 7, 10, 11, 15, 16, 19, 20, 21, 23, 25, 26, 28, 36, 41, 42, 44, 48, 49, 59, 60, 63]) )
          ( Sattelite (leaf: 64) (text: ) (vein: [0, 1, 4, 7, 10, 11, 15, 16, 19, 20, 21, 23, 25, 26, 28, 36, 41, 42, 44, 48, 49, 59, 60, 63, 64]) )
        )
      )
      ( Sattelite (span: 65 73)
        ( Nucleus (span: 65 67)
          ( Nucleus (span: 65 66)
            ( Nucleus (leaf: 65) (text: ) (vein: [0, 1, 4, 7, 10, 11, 15, 16, 19, 20, 21, 23, 25, 26, 28, 36, 41, 42, 44, 48, 49, 59, 60, 65]) )
            ( Sattelite (leaf: 66) (text: ) (vein: [0, 1, 4, 7, 10, 11, 15, 16, 19, 20, 21, 23, 25, 26, 28, 36, 41, 42, 44, 48, 49, 59, 60, 65, 66]) )
          )
          ( Sattelite (leaf: 67) (text: ) (vein: [0, 1, 4, 7, 10, 11, 15, 16, 19, 20, 21, 23, 25, 26, 28, 36, 41, 42, 44, 48, 49, 59, 60, 65, 67]) )
        )
        ( Sattelite (span: 68 73)
          ( Nucleus (leaf: 68) (text: ) (vein: [0, 1, 4, 7, 10, 11, 15, 16, 19, 20, 21, 23, 25, 26, 28, 36, 41, 42, 44, 48, 49, 59, 60, 65, 68]) )
          ( Sattelite (span: 69 73)
            ( Nucleus (leaf: 69) (text: I like twilight ! ) (vein: [0, 1, 4, 7, 10, 11, 15, 16, 19, 20, 21, 23, 25, 26, 28, 36, 41, 42, 44, 48, 49, 59, 60, 65, 68, 69, 70, 71, 72]) )
            ( Nucleus (span: 70 73)
              ( Nucleus (span: 70 72)
                ( Nucleus (leaf: 70) (text: I could sit and watch all day long ) (vein: [0, 1, 4, 7, 10, 11, 15, 16, 19, 20, 21, 23, 25, 26, 28, 36, 41, 42, 44, 48, 49, 59, 60, 65, 68, 69, 70, 71, 72]) )
                ( Nucleus (span: 71 72)
                  ( Nucleus (leaf: 71) (text: if I did n't have school .. ) (vein: [0, 1, 4, 7, 10, 11, 15, 16, 19, 20, 21, 23, 25, 26, 28, 36, 41, 42, 44, 48, 49, 59, 60, 65, 68, 69, 70, 71, 72]) )
                  ( Nucleus (leaf: 72) (text: or life to stay me from doing it ! ) (vein: [0, 1, 4, 7, 10, 11, 15, 16, 19, 20, 21, 23, 25, 26, 28, 36, 41, 42, 44, 48, 49, 59, 60, 65, 68, 69, 70, 71, 72]) )
                )
              )
              ( Sattelite (leaf: 73) (text: lol Wonderful Simply Superb ! ) (vein: [0, 1, 4, 7, 10, 11, 15, 16, 19, 20, 21, 23, 25, 26, 28, 36, 41, 42, 44, 48, 49, 59, 60, 65, 68, 69, 70, 71, 72, 73]) )
            )
          )
        )
      )
    )
  )
)

